"circuitId","statusId","constructorId","driverId","raceId","resultId","number.x","grid","position","positionText","positionOrder","points","laps","time.x","milliseconds","fastestLap","rank","fastestLapTime","fastestLapSpeed","year","round","name.x","date","time.y","driverRef","number.y","code","forename","surname","dob","nationality.x","constructorRef","name.y","nationality.y","status","circuitRef","name","location","country","lat","lng","alt"
1,12,15,841,969,23390,36,16,"12","12",12,0,55,"\N","\N","51","13","1:29.052","214.378",2017,1,"Australian Grand Prix",2017-03-26,"05:00:00","giovinazzi","99","GIO","Antonio","Giovinazzi",1993-12-14,"Italian","sauber","Sauber","Swiss","+2 Laps","albert_park","Albert Park Grand Prix Circuit","Melbourne","Australia",-37.8497,144.968,"10"
1,12,206,820,900,22142,4,17,"13","13",13,0,55,"\N","\N","33","12","1:34.202","202.658",2014,1,"Australian Grand Prix",2014-03-16,"06:00:00","chilton","4","CHI","Max","Chilton",1991-04-21,"British","marussia","Marussia","Russian","+2 Laps","albert_park","Albert Park Grand Prix Circuit","Melbourne","Australia",-37.8497,144.968,"10"
1,14,166,816,841,20792,25,22,"14","14",14,0,54,"\N","\N","44","19","1:34.523","201.969",2011,1,"Australian Grand Prix",2011-03-27,"06:00:00","ambrosio","\N","DAM","Jérôme","d'Ambrosio",1985-12-27,"Belgian","virgin","Virgin","British","+4 Laps","albert_park","Albert Park Grand Prix Circuit","Melbourne","Australia",-37.8497,144.968,"10"
1,13,3,9,1010,24219,88,20,"17","17",17,0,55,"\N","\N","30","18","1:29.284","213.821",2019,1,"Australian Grand Prix",2019-03-17,"05:10:00","kubica","88","KUB","Robert","Kubica",1984-12-07,"Polish","williams","Williams","British","+3 Laps","albert_park","Albert Park Grand Prix Circuit","Melbourne","Australia",-37.8497,144.968,"10"
1,38,15,828,989,23800,9,17,"\N","R",19,0,5,"\N","\N","4","19","1:32.210","207.036",2018,1,"Australian Grand Prix",2018-03-25,"05:10:00","ericsson","9","ERI","Marcus","Ericsson",1990-09-02,"Swedish","sauber","Sauber","Swiss","Steering","albert_park","Albert Park Grand Prix Circuit","Melbourne","Australia",-37.8497,144.968,"10"
1,4,131,30,841,20797,7,11,"\N","R",19,0,19,"\N","\N","13","21","1:35.319","200.283",2011,1,"Australian Grand Prix",2011-03-27,"06:00:00","michael_schumacher","\N","MSC","Michael","Schumacher",1969-01-03,"German","mercedes","Mercedes","German","Collision","albert_park","Albert Park Grand Prix Circuit","Melbourne","Australia",-37.8497,144.968,"10"
1,1,9,830,989,23787,33,4,"6","6",6,8,58,"+28.945","5402228","54","5","1:26.880","219.737",2018,1,"Australian Grand Prix",2018-03-25,"05:10:00","max_verstappen","33","VER","Max","Verstappen",1997-09-30,"Dutch","red_bull","Red Bull","Austrian","Finished","albert_park","Albert Park Grand Prix Circuit","Melbourne","Australia",-37.8497,144.968,"10"
1,1,6,20,926,22540,5,4,"3","3",3,15,58,"+34.523","5548590","52","4","1:31.457","208.740",2015,1,"Australian Grand Prix",2015-03-15,"05:00:00","vettel","5","VET","Sebastian","Vettel",1987-07-03,"German","ferrari","Ferrari","Italian","Finished","albert_park","Albert Park Grand Prix Circuit","Melbourne","Australia",-37.8497,144.968,"10"
1,1,5,818,900,22137,25,6,"8","8",8,4,57,"+1:00.441","5639151","56","10","1:33.691","203.763",2014,1,"Australian Grand Prix",2014-03-16,"06:00:00","vergne","25","VER","Jean-Éric","Vergne",1990-04-25,"French","toro_rosso","Toro Rosso","Italian","Finished","albert_park","Albert Park Grand Prix Circuit","Melbourne","Australia",-37.8497,144.968,"10"
1,1,208,8,880,21712,7,7,"1","1",1,25,58,"1:30:03.225","5403225","56","1","1:29.274","213.845",2013,1,"Australian Grand Prix",2013-03-17,"06:00:00","raikkonen","7","RAI","Kimi","Räikkönen",1979-10-17,"Finnish","lotus_f1","Lotus F1","British","Finished","albert_park","Albert Park Grand Prix Circuit","Melbourne","Australia",-37.8497,144.968,"10"
1,12,205,15,841,20791,21,20,"13","13",13,0,56,"\N","\N","52","16","1:32.550","206.275",2011,1,"Australian Grand Prix",2011-03-27,"06:00:00","trulli","\N","TRU","Jarno","Trulli",1974-07-13,"Italian","lotus_racing","Lotus","Malaysian","+2 Laps","albert_park","Albert Park Grand Prix Circuit","Melbourne","Australia",-37.8497,144.968,"10"
1,11,15,828,926,22545,9,15,"8","8",8,4,57,"\N","\N","51","5","1:31.560","208.505",2015,1,"Australian Grand Prix",2015-03-15,"05:00:00","ericsson","9","ERI","Marcus","Ericsson",1990-09-02,"Swedish","sauber","Sauber","Swiss","+1 Lap","albert_park","Albert Park Grand Prix Circuit","Melbourne","Australia",-37.8497,144.968,"10"
1,11,4,807,1010,24209,27,11,"7","7",7,6,57,"\N","\N","52","12","1:28.444","215.851",2019,1,"Australian Grand Prix",2019-03-17,"05:10:00","hulkenberg","27","HUL","Nico","Hülkenberg",1987-08-19,"German","renault","Renault","French","+1 Lap","albert_park","Albert Park Grand Prix Circuit","Melbourne","Australia",-37.8497,144.968,"10"
1,4,210,821,948,22936,21,20,"\N","R",20,0,16,"\N","\N","4","19","1:32.998","205.281",2016,1,"Australian Grand Prix",2016-03-20,"05:00:00","gutierrez","21","GUT","Esteban","Gutiérrez",1991-08-05,"Mexican","haas","Haas F1 Team","American","Collision","albert_park","Albert Park Grand Prix Circuit","Melbourne","Australia",-37.8497,144.968,"10"
1,11,9,817,926,22543,3,6,"6","6",6,8,57,"\N","\N","46","10","1:32.797","205.726",2015,1,"Australian Grand Prix",2015-03-15,"05:00:00","ricciardo","3","RIC","Daniel","Ricciardo",1989-07-01,"Australian","red_bull","Red Bull","Austrian","+1 Lap","albert_park","Albert Park Grand Prix Circuit","Melbourne","Australia",-37.8497,144.968,"10"
1,4,208,154,860,21252,10,3,"\N","R",21,0,1,"\N","\N","\N","0","\N","\N",2012,1,"Australian Grand Prix",2012-03-18,"06:00:00","grosjean","8","GRO","Romain","Grosjean",1986-04-17,"French","lotus_f1","Lotus F1","British","Collision","albert_park","Albert Park Grand Prix Circuit","Melbourne","Australia",-37.8497,144.968,"10"
1,11,4,807,969,23389,27,11,"11","11",11,0,56,"\N","\N","55","12","1:28.486","215.749",2017,1,"Australian Grand Prix",2017-03-26,"05:00:00","hulkenberg","27","HUL","Nico","Hülkenberg",1987-08-19,"German","renault","Renault","French","+1 Lap","albert_park","Albert Park Grand Prix Circuit","Melbourne","Australia",-37.8497,144.968,"10"
1,11,10,814,841,20788,15,14,"10","10",10,1,57,"\N","\N","40","14","1:31.941","207.641",2011,1,"Australian Grand Prix",2011-03-27,"06:00:00","resta","\N","DIR","Paul","di Resta",1986-04-16,"British","force_india","Force India","Indian","+1 Lap","albert_park","Albert Park Grand Prix Circuit","Melbourne","Australia",-37.8497,144.968,"10"
1,1,15,831,926,22542,12,10,"5","5",5,10,58,"+1:35.149","5609216","46","9","1:32.612","206.137",2015,1,"Australian Grand Prix",2015-03-15,"05:00:00","nasr","12","NAS","Felipe","Nasr",1992-08-21,"Brazilian","sauber","Sauber","Swiss","Finished","albert_park","Albert Park Grand Prix Circuit","Melbourne","Australia",-37.8497,144.968,"10"
1,1,5,818,880,21723,18,13,"12","12",12,0,58,"+1:23.857","5487082","50","2","1:29.498","213.309",2013,1,"Australian Grand Prix",2013-03-17,"06:00:00","vergne","25","VER","Jean-Éric","Vergne",1990-04-25,"French","toro_rosso","Toro Rosso","Italian","Finished","albert_park","Albert Park Grand Prix Circuit","Melbourne","Australia",-37.8497,144.968,"10"
1,11,5,153,841,20789,19,12,"11","11",11,0,57,"\N","\N","41","10","1:30.467","211.025",2011,1,"Australian Grand Prix",2011-03-27,"06:00:00","alguersuari","\N","ALG","Jaime","Alguersuari",1990-03-23,"Spanish","toro_rosso","Toro Rosso","Italian","+1 Lap","albert_park","Albert Park Grand Prix Circuit","Melbourne","Australia",-37.8497,144.968,"10"
1,51,207,828,900,22146,9,19,"\N","R",17,0,27,"\N","\N","17","18","1:37.332","196.141",2014,1,"Australian Grand Prix",2014-03-16,"06:00:00","ericsson","9","ERI","Marcus","Ericsson",1990-09-02,"Swedish","caterham","Caterham","Malaysian","Oil pressure","albert_park","Albert Park Grand Prix Circuit","Melbourne","Australia",-37.8497,144.968,"10"
1,1,6,20,948,22919,5,3,"3","3",3,15,57,"+9.643","6505208","23","2","1:29.951","212.235",2016,1,"Australian Grand Prix",2016-03-20,"05:00:00","vettel","5","VET","Sebastian","Vettel",1987-07-03,"German","ferrari","Ferrari","Italian","Finished","albert_park","Albert Park Grand Prix Circuit","Melbourne","Australia",-37.8497,144.968,"10"
1,1,131,1,880,21716,10,3,"5","5",5,10,58,"+45.561","5448786","45","5","1:29.759","212.689",2013,1,"Australian Grand Prix",2013-03-17,"06:00:00","hamilton","44","HAM","Lewis","Hamilton",1985-01-07,"British","mercedes","Mercedes","German","Finished","albert_park","Albert Park Grand Prix Circuit","Melbourne","Australia",-37.8497,144.968,"10"
1,31,9,826,948,22938,26,18,"\N","W",22,0,0,"\N","\N","\N","0","\N","\N",2016,1,"Australian Grand Prix",2016-03-20,"05:00:00","kvyat","26","KVY","Daniil","Kvyat",1994-04-26,"Russian","red_bull","Red Bull","Austrian","Retired","albert_park","Albert Park Grand Prix Circuit","Melbourne","Australia",-37.8497,144.968,"10"
1,11,3,822,880,21725,17,16,"14","14",14,0,57,"\N","\N","42","12","1:30.652","210.594",2013,1,"Australian Grand Prix",2013-03-17,"06:00:00","bottas","77","BOT","Valtteri","Bottas",1989-08-28,"Finnish","williams","Williams","British","+1 Lap","albert_park","Albert Park Grand Prix Circuit","Melbourne","Australia",-37.8497,144.968,"10"
1,1,6,13,880,21715,4,4,"4","4",4,12,58,"+33.577","5436802","38","8","1:30.239","211.558",2013,1,"Australian Grand Prix",2013-03-17,"06:00:00","massa","19","MAS","Felipe","Massa",1981-04-25,"Brazilian","ferrari","Ferrari","Italian","Finished","albert_park","Albert Park Grand Prix Circuit","Melbourne","Australia",-37.8497,144.968,"10"
1,5,15,828,948,22933,9,15,"\N","R",17,0,38,"\N","\N","15","21","1:33.892","203.327",2016,1,"Australian Grand Prix",2016-03-20,"05:00:00","ericsson","9","ERI","Marcus","Ericsson",1990-09-02,"Swedish","sauber","Sauber","Swiss","Engine","albert_park","Albert Park Grand Prix Circuit","Melbourne","Australia",-37.8497,144.968,"10"
1,1,131,1,989,23783,44,1,"2","2",2,18,58,"+5.036","5378319","50","3","1:26.444","220.845",2018,1,"Australian Grand Prix",2018-03-25,"05:10:00","hamilton","44","HAM","Lewis","Hamilton",1985-01-07,"British","mercedes","Mercedes","German","Finished","albert_park","Albert Park Grand Prix Circuit","Melbourne","Australia",-37.8497,144.968,"10"
1,1,10,814,860,21241,11,15,"10","10",10,1,58,"+39.737","5689302","57","9","1:30.605","210.703",2012,1,"Australian Grand Prix",2012-03-18,"06:00:00","resta","\N","DIR","Paul","di Resta",1986-04-16,"British","force_india","Force India","Indian","Finished","albert_park","Albert Park Grand Prix Circuit","Melbourne","Australia",-37.8497,144.968,"10"
1,1,131,1,926,22538,44,1,"1","1",1,25,58,"1:31:54.067","5514067","50","1","1:30.945","209.915",2015,1,"Australian Grand Prix",2015-03-15,"05:00:00","hamilton","44","HAM","Lewis","Hamilton",1985-01-07,"British","mercedes","Mercedes","German","Finished","albert_park","Albert Park Grand Prix Circuit","Melbourne","Australia",-37.8497,144.968,"10"
1,1,6,20,989,23782,5,3,"1","1",1,25,58,"1:29:33.283","5373283","53","4","1:26.469","220.782",2018,1,"Australian Grand Prix",2018-03-25,"05:10:00","vettel","5","VET","Sebastian","Vettel",1987-07-03,"German","ferrari","Ferrari","Italian","Finished","albert_park","Albert Park Grand Prix Circuit","Melbourne","Australia",-37.8497,144.968,"10"
1,1,1,18,880,21720,5,10,"9","9",9,2,58,"+1:21.630","5484855","41","7","1:30.198","211.654",2013,1,"Australian Grand Prix",2013-03-17,"06:00:00","button","22","BUT","Jenson","Button",1980-01-19,"British","mclaren","McLaren","British","Finished","albert_park","Albert Park Grand Prix Circuit","Melbourne","Australia",-37.8497,144.968,"10"
1,1,1,18,860,21232,3,2,"1","1",1,25,58,"1:34:09.565","5649565","56","1","1:29.187","214.053",2012,1,"Australian Grand Prix",2012-03-18,"06:00:00","button","22","BUT","Jenson","Button",1980-01-19,"British","mclaren","McLaren","British","Finished","albert_park","Albert Park Grand Prix Circuit","Melbourne","Australia",-37.8497,144.968,"10"
1,1,6,8,989,23784,7,2,"3","3",3,15,58,"+6.309","5379592","57","2","1:26.373","221.027",2018,1,"Australian Grand Prix",2018-03-25,"05:10:00","raikkonen","7","RAI","Kimi","Räikkönen",1979-10-17,"Finnish","ferrari","Ferrari","Italian","Finished","albert_park","Albert Park Grand Prix Circuit","Melbourne","Australia",-37.8497,144.968,"10"
1,1,10,807,900,22135,27,7,"6","6",6,8,57,"+50.718","5629428","56","2","1:32.568","206.235",2014,1,"Australian Grand Prix",2014-03-16,"06:00:00","hulkenberg","27","HUL","Nico","Hülkenberg",1987-08-19,"German","force_india","Force India","Indian","Finished","albert_park","Albert Park Grand Prix Circuit","Melbourne","Australia",-37.8497,144.968,"10"
1,36,210,825,989,23798,20,5,"\N","R",17,0,22,"\N","\N","21","17","1:29.534","213.224",2018,1,"Australian Grand Prix",2018-03-25,"05:10:00","kevin_magnussen","20","MAG","Kevin","Magnussen",1992-10-05,"Danish","haas","Haas F1 Team","American","Wheel","albert_park","Albert Park Grand Prix Circuit","Melbourne","Australia",-37.8497,144.968,"10"
1,5,9,20,900,22147,1,12,"\N","R",18,0,3,"\N","\N","26","17","1:37.064","196.682",2014,1,"Australian Grand Prix",2014-03-16,"06:00:00","vettel","5","VET","Sebastian","Vettel",1987-07-03,"German","red_bull","Red Bull","Austrian","Engine","albert_park","Albert Park Grand Prix Circuit","Melbourne","Australia",-37.8497,144.968,"10"
1,69,15,807,880,21733,11,11,"\N","W",22,0,0,"\N","\N","\N","0","\N","\N",2013,1,"Australian Grand Prix",2013-03-17,"06:00:00","hulkenberg","27","HUL","Nico","Hülkenberg",1987-08-19,"German","sauber","Sauber","Swiss","Fuel system","albert_park","Albert Park Grand Prix Circuit","Melbourne","Australia",-37.8497,144.968,"10"
1,5,1,832,1010,24222,55,18,"\N","R",20,0,9,"\N","\N","9","20","1:30.899","210.022",2019,1,"Australian Grand Prix",2019-03-17,"05:10:00","sainz","55","SAI","Carlos","Sainz",1994-09-01,"Spanish","mclaren","McLaren","British","Engine","albert_park","Albert Park Grand Prix Circuit","Melbourne","Australia",-37.8497,144.968,"10"
1,1,1,1,841,20780,3,2,"2","2",2,18,58,"+22.297","5392556","41","8","1:30.314","211.382",2011,1,"Australian Grand Prix",2011-03-27,"06:00:00","hamilton","44","HAM","Lewis","Hamilton",1985-01-07,"British","mclaren","McLaren","British","Finished","albert_park","Albert Park Grand Prix Circuit","Melbourne","Australia",-37.8497,144.968,"10"
1,1,5,817,860,21240,16,10,"9","9",9,2,58,"+39.556","5689121","53","8","1:30.592","210.733",2012,1,"Australian Grand Prix",2012-03-18,"06:00:00","ricciardo","3","RIC","Daniel","Ricciardo",1989-07-01,"Australian","toro_rosso","Toro Rosso","Italian","Finished","albert_park","Albert Park Grand Prix Circuit","Melbourne","Australia",-37.8497,144.968,"10"
1,1,9,20,860,21233,1,6,"2","2",2,18,58,"+2.139","5651704","57","2","1:29.417","213.503",2012,1,"Australian Grand Prix",2012-03-18,"06:00:00","vettel","5","VET","Sebastian","Vettel",1987-07-03,"German","red_bull","Red Bull","Austrian","Finished","albert_park","Albert Park Grand Prix Circuit","Melbourne","Australia",-37.8497,144.968,"10"
1,5,6,8,948,22934,7,4,"\N","R",18,0,21,"\N","\N","21","5","1:30.701","210.480",2016,1,"Australian Grand Prix",2016-03-20,"05:00:00","raikkonen","7","RAI","Kimi","Räikkönen",1979-10-17,"Finnish","ferrari","Ferrari","Italian","Engine","albert_park","Albert Park Grand Prix Circuit","Melbourne","Australia",-37.8497,144.968,"10"
1,1,1,825,900,22131,20,4,"2","2",2,18,57,"+26.777","5605487","49","6","1:33.066","205.131",2014,1,"Australian Grand Prix",2014-03-16,"06:00:00","kevin_magnussen","20","MAG","Kevin","Magnussen",1992-10-05,"Danish","mclaren","McLaren","British","Finished","albert_park","Albert Park Grand Prix Circuit","Melbourne","Australia",-37.8497,144.968,"10"
1,1,5,832,948,22925,55,7,"9","9",9,2,57,"+1:15.680","6571245","23","7","1:31.671","208.253",2016,1,"Australian Grand Prix",2016-03-20,"05:00:00","sainz","55","SAI","Carlos","Sainz",1994-09-01,"Spanish","toro_rosso","Toro Rosso","Italian","Finished","albert_park","Albert Park Grand Prix Circuit","Melbourne","Australia",-37.8497,144.968,"10"
1,81,164,37,860,21254,22,0,"\N","F",23,0,0,"\N","\N","\N","0","\N","\N",2012,1,"Australian Grand Prix",2012-03-18,"06:00:00","rosa","\N","DLR","Pedro","de la Rosa",1971-02-24,"Spanish","hrt","HRT","Spanish","Did not qualify","albert_park","Albert Park Grand Prix Circuit","Melbourne","Australia",-37.8497,144.968,"10"
1,137,4,817,1010,24221,3,12,"\N","R",19,0,28,"\N","\N","18","19","1:29.848","212.478",2019,1,"Australian Grand Prix",2019-03-17,"05:10:00","ricciardo","3","RIC","Daniel","Ricciardo",1989-07-01,"Australian","renault","Renault","French","Damage","albert_park","Albert Park Grand Prix Circuit","Melbourne","Australia",-37.8497,144.968,"10"
1,47,205,5,841,20796,20,19,"\N","R",18,0,19,"\N","\N","19","20","1:34.918","201.129",2011,1,"Australian Grand Prix",2011-03-27,"06:00:00","kovalainen","\N","KOV","Heikki","Kovalainen",1981-10-19,"Finnish","lotus_racing","Lotus","Malaysian","Water leak","albert_park","Albert Park Grand Prix Circuit","Melbourne","Australia",-37.8497,144.968,"10"
1,1,131,1,1010,24204,44,1,"2","2",2,18,58,"+20.886","5148211","57","2","1:26.057","221.839",2019,1,"Australian Grand Prix",2019-03-17,"05:10:00","hamilton","44","HAM","Lewis","Hamilton",1985-01-07,"British","mercedes","Mercedes","German","Finished","albert_park","Albert Park Grand Prix Circuit","Melbourne","Australia",-37.8497,144.968,"10"
1,54,9,826,926,22553,26,12,"\N","W",16,0,0,"\N","\N","\N","0","\N","\N",2015,1,"Australian Grand Prix",2015-03-15,"05:00:00","kvyat","26","KVY","Daniil","Kvyat",1994-04-26,"Russian","red_bull","Red Bull","Austrian","Withdrew","albert_park","Albert Park Grand Prix Circuit","Melbourne","Australia",-37.8497,144.968,"10"
1,1,9,817,948,22920,3,8,"4","4",4,12,57,"+24.330","6519895","49","1","1:28.997","214.510",2016,1,"Australian Grand Prix",2016-03-20,"05:00:00","ricciardo","3","RIC","Daniel","Ricciardo",1989-07-01,"Australian","red_bull","Red Bull","Austrian","Finished","albert_park","Albert Park Grand Prix Circuit","Melbourne","Australia",-37.8497,144.968,"10"
1,1,208,154,880,21721,8,8,"10","10",10,1,58,"+1:22.759","5485984","41","9","1:30.395","211.193",2013,1,"Australian Grand Prix",2013-03-17,"06:00:00","grosjean","8","GRO","Romain","Grosjean",1986-04-17,"French","lotus_f1","Lotus F1","British","Finished","albert_park","Albert Park Grand Prix Circuit","Melbourne","Australia",-37.8497,144.968,"10"
1,1,3,13,948,22921,19,6,"5","5",5,10,57,"+58.979","6554544","39","9","1:32.288","206.861",2016,1,"Australian Grand Prix",2016-03-20,"05:00:00","massa","19","MAS","Felipe","Massa",1981-04-25,"Brazilian","williams","Williams","British","Finished","albert_park","Albert Park Grand Prix Circuit","Melbourne","Australia",-37.8497,144.968,"10"
1,1,5,830,948,22926,33,5,"10","10",10,1,57,"+1:16.833","6572398","44","6","1:31.516","208.606",2016,1,"Australian Grand Prix",2016-03-20,"05:00:00","max_verstappen","33","VER","Max","Verstappen",1997-09-30,"Dutch","toro_rosso","Toro Rosso","Italian","Finished","albert_park","Albert Park Grand Prix Circuit","Melbourne","Australia",-37.8497,144.968,"10"
1,18,206,824,900,22143,17,18,"\N","N",14,0,49,"\N","\N","55","16","1:35.635","199.621",2014,1,"Australian Grand Prix",2014-03-16,"06:00:00","jules_bianchi","17","BIA","Jules","Bianchi",1989-08-03,"French","marussia","Marussia","Russian","+8 Laps","albert_park","Albert Park Grand Prix Circuit","Melbourne","Australia",-37.8497,144.968,"10"
1,1,1,815,880,21722,6,15,"11","11",11,0,58,"+1:23.367","5486592","46","6","1:29.926","212.294",2013,1,"Australian Grand Prix",2013-03-17,"06:00:00","perez","11","PER","Sergio","Pérez",1990-01-26,"Mexican","mclaren","McLaren","British","Finished","albert_park","Albert Park Grand Prix Circuit","Melbourne","Australia",-37.8497,144.968,"10"
1,11,5,67,841,20786,18,10,"8","8",8,4,57,"\N","\N","44","11","1:30.836","210.167",2011,1,"Australian Grand Prix",2011-03-27,"06:00:00","buemi","\N","BUE","Sébastien","Buemi",1988-10-31,"Swiss","toro_rosso","Toro Rosso","Italian","+1 Lap","albert_park","Albert Park Grand Prix Circuit","Melbourne","Australia",-37.8497,144.968,"10"
1,15,206,819,860,21246,25,21,"15","15",15,0,53,"\N","\N","45","20","1:35.011","200.932",2012,1,"Australian Grand Prix",2012-03-18,"06:00:00","pic","\N","PIC","Charles","Pic",1990-02-15,"French","marussia","Marussia","Russian","+5 Laps","albert_park","Albert Park Grand Prix Circuit","Melbourne","Australia",-37.8497,144.968,"10"
1,1,6,844,1010,24207,16,5,"5","5",5,10,58,"+58.203","5185528","58","4","1:26.926","219.621",2019,1,"Australian Grand Prix",2019-03-17,"05:10:00","leclerc","16","LEC","Charles","Leclerc",1997-10-16,"Monegasque","ferrari","Ferrari","Italian","Finished","albert_park","Albert Park Grand Prix Circuit","Melbourne","Australia",-37.8497,144.968,"10"
1,1,1,18,900,22132,22,10,"3","3",3,15,57,"+30.027","5608737","39","5","1:32.917","205.460",2014,1,"Australian Grand Prix",2014-03-16,"06:00:00","button","22","BUT","Jenson","Button",1980-01-19,"British","mclaren","McLaren","British","Finished","albert_park","Albert Park Grand Prix Circuit","Melbourne","Australia",-37.8497,144.968,"10"
1,1,210,154,948,22922,8,19,"6","6",6,8,57,"+1:12.081","6567646","48","17","1:32.862","205.582",2016,1,"Australian Grand Prix",2016-03-20,"05:00:00","grosjean","8","GRO","Romain","Grosjean",1986-04-17,"French","haas","Haas F1 Team","American","Finished","albert_park","Albert Park Grand Prix Circuit","Melbourne","Australia",-37.8497,144.968,"10"
1,1,3,13,969,23384,19,7,"6","6",6,8,57,"+1:23.386","5135058","49","9","1:28.045","216.830",2017,1,"Australian Grand Prix",2017-03-26,"05:00:00","massa","19","MAS","Felipe","Massa",1981-04-25,"Brazilian","williams","Williams","British","Finished","albert_park","Albert Park Grand Prix Circuit","Melbourne","Australia",-37.8497,144.968,"10"
1,11,5,832,926,22546,55,7,"9","9",9,2,57,"\N","\N","49","11","1:32.872","205.560",2015,1,"Australian Grand Prix",2015-03-15,"05:00:00","sainz","55","SAI","Carlos","Sainz",1994-09-01,"Spanish","toro_rosso","Toro Rosso","Italian","+1 Lap","albert_park","Albert Park Grand Prix Circuit","Melbourne","Australia",-37.8497,144.968,"10"
1,1,6,4,860,21236,5,12,"5","5",5,10,58,"+21.565","5671130","52","7","1:30.277","211.469",2012,1,"Australian Grand Prix",2012-03-18,"06:00:00","alonso","14","ALO","Fernando","Alonso",1981-07-29,"Spanish","ferrari","Ferrari","Italian","Finished","albert_park","Albert Park Grand Prix Circuit","Melbourne","Australia",-37.8497,144.968,"10"
1,1,6,20,969,23379,5,2,"1","1",1,25,57,"1:24:11.672","5051672","53","3","1:26.638","220.351",2017,1,"Australian Grand Prix",2017-03-26,"05:00:00","vettel","5","VET","Sebastian","Vettel",1987-07-03,"German","ferrari","Ferrari","Italian","Finished","albert_park","Albert Park Grand Prix Circuit","Melbourne","Australia",-37.8497,144.968,"10"
1,1,1,838,989,23790,2,11,"9","9",9,2,58,"+34.921","5408204","57","6","1:26.958","219.540",2018,1,"Australian Grand Prix",2018-03-25,"05:10:00","vandoorne","2","VAN","Stoffel","Vandoorne",1992-03-26,"Belgian","mclaren","McLaren","British","Finished","albert_park","Albert Park Grand Prix Circuit","Melbourne","Australia",-37.8497,144.968,"10"
1,1,10,815,989,23792,11,12,"11","11",11,0,58,"+46.817","5420100","51","11","1:27.633","217.849",2018,1,"Australian Grand Prix",2018-03-25,"05:10:00","perez","11","PER","Sergio","Pérez",1990-01-26,"Mexican","force_india","Force India","Indian","Finished","albert_park","Albert Park Grand Prix Circuit","Melbourne","Australia",-37.8497,144.968,"10"
1,36,210,154,989,23797,8,6,"\N","R",16,0,24,"\N","\N","23","16","1:28.805","214.974",2018,1,"Australian Grand Prix",2018-03-25,"05:10:00","grosjean","8","GRO","Romain","Grosjean",1986-04-17,"French","haas","Haas F1 Team","American","Wheel","albert_park","Albert Park Grand Prix Circuit","Melbourne","Australia",-37.8497,144.968,"10"
1,3,3,813,860,21244,18,8,"13","13",13,0,57,"\N","\N","53","5","1:30.254","211.523",2012,1,"Australian Grand Prix",2012-03-18,"06:00:00","maldonado","13","MAL","Pastor","Maldonado",1985-03-09,"Venezuelan","williams","Williams","British","Accident","albert_park","Albert Park Grand Prix Circuit","Melbourne","Australia",-37.8497,144.968,"10"
1,1,9,830,969,23383,33,5,"5","5",5,10,57,"+28.827","5080499","43","5","1:26.964","219.525",2017,1,"Australian Grand Prix",2017-03-26,"05:00:00","max_verstappen","33","VER","Max","Verstappen",1997-09-30,"Dutch","red_bull","Red Bull","Austrian","Finished","albert_park","Albert Park Grand Prix Circuit","Melbourne","Australia",-37.8497,144.968,"10"
1,54,1,825,926,22554,20,17,"\N","W",17,0,0,"\N","\N","\N","0","\N","\N",2015,1,"Australian Grand Prix",2015-03-15,"05:00:00","kevin_magnussen","20","MAG","Kevin","Magnussen",1992-10-05,"Danish","mclaren","McLaren","British","Withdrew","albert_park","Albert Park Grand Prix Circuit","Melbourne","Australia",-37.8497,144.968,"10"
1,36,6,8,926,22549,7,5,"\N","R",12,0,40,"\N","\N","36","3","1:31.426","208.811",2015,1,"Australian Grand Prix",2015-03-15,"05:00:00","raikkonen","7","RAI","Kimi","Räikkönen",1979-10-17,"Finnish","ferrari","Ferrari","Italian","Wheel","albert_park","Albert Park Grand Prix Circuit","Melbourne","Australia",-37.8497,144.968,"10"
1,1,4,808,841,20781,10,6,"3","3",3,15,58,"+30.560","5400819","55","7","1:30.064","211.969",2011,1,"Australian Grand Prix",2011-03-27,"06:00:00","petrov","\N","PET","Vitaly","Petrov",1984-09-08,"Russian","renault","Renault","French","Finished","albert_park","Albert Park Grand Prix Circuit","Melbourne","Australia",-37.8497,144.968,"10"
1,7,3,813,841,20798,12,15,"\N","R",20,0,9,"\N","\N","7","18","1:34.102","202.873",2011,1,"Australian Grand Prix",2011-03-27,"06:00:00","maldonado","13","MAL","Pastor","Maldonado",1985-03-09,"Venezuelan","williams","Williams","British","Transmission","albert_park","Albert Park Grand Prix Circuit","Melbourne","Australia",-37.8497,144.968,"10"
1,75,208,154,926,22551,8,8,"\N","R",14,0,0,"\N","\N","\N","0","\N","\N",2015,1,"Australian Grand Prix",2015-03-15,"05:00:00","grosjean","8","GRO","Romain","Grosjean",1986-04-17,"French","lotus_f1","Lotus F1","British","Power loss","albert_park","Albert Park Grand Prix Circuit","Melbourne","Australia",-37.8497,144.968,"10"
1,11,1,18,948,22930,22,12,"14","14",14,0,56,"\N","\N","33","8","1:31.684","208.223",2016,1,"Australian Grand Prix",2016-03-20,"05:00:00","button","22","BUT","Jenson","Button",1980-01-19,"British","mclaren","McLaren","British","+1 Lap","albert_park","Albert Park Grand Prix Circuit","Melbourne","Australia",-37.8497,144.968,"10"
1,76,1,4,969,23392,14,12,"\N","R",14,0,50,"\N","\N","48","17","1:30.077","211.938",2017,1,"Australian Grand Prix",2017-03-26,"05:00:00","alonso","14","ALO","Fernando","Alonso",1981-07-29,"Spanish","mclaren","McLaren","British","Vibrations","albert_park","Albert Park Grand Prix Circuit","Melbourne","Australia",-37.8497,144.968,"10"
1,1,3,822,948,22924,77,16,"8","8",8,4,57,"+1:15.153","6570718","51","14","1:32.725","205.886",2016,1,"Australian Grand Prix",2016-03-20,"05:00:00","bottas","77","BOT","Valtteri","Bottas",1989-08-28,"Finnish","williams","Williams","British","Finished","albert_park","Albert Park Grand Prix Circuit","Melbourne","Australia",-37.8497,144.968,"10"
1,22,210,825,969,23393,20,17,"\N","R",15,0,46,"\N","\N","46","7","1:27.568","218.011",2017,1,"Australian Grand Prix",2017-03-26,"05:00:00","kevin_magnussen","20","MAG","Kevin","Magnussen",1992-10-05,"Danish","haas","Haas F1 Team","American","Suspension","albert_park","Albert Park Grand Prix Circuit","Melbourne","Australia",-37.8497,144.968,"10"
1,1,131,1,948,22918,44,1,"2","2",2,18,57,"+8.060","6503625","48","4","1:30.646","210.608",2016,1,"Australian Grand Prix",2016-03-20,"05:00:00","hamilton","44","HAM","Lewis","Hamilton",1985-01-07,"British","mercedes","Mercedes","German","Finished","albert_park","Albert Park Grand Prix Circuit","Melbourne","Australia",-37.8497,144.968,"10"
1,1,4,807,989,23788,27,7,"7","7",7,6,58,"+32.671","5405954","57","9","1:27.081","219.230",2018,1,"Australian Grand Prix",2018-03-25,"05:10:00","hulkenberg","27","HUL","Nico","Hülkenberg",1987-08-19,"German","renault","Renault","French","Finished","albert_park","Albert Park Grand Prix Circuit","Melbourne","Australia",-37.8497,144.968,"10"
1,11,209,836,948,22932,94,21,"16","16",16,0,56,"\N","\N","34","12","1:32.673","206.001",2016,1,"Australian Grand Prix",2016-03-20,"05:00:00","wehrlein","94","WEH","Pascal","Wehrlein",1994-10-18,"German","manor","Manor Marussia","British","+1 Lap","albert_park","Albert Park Grand Prix Circuit","Melbourne","Australia",-37.8497,144.968,"10"
1,5,5,830,926,22550,33,11,"\N","R",13,0,32,"\N","\N","30","13","1:34.295","202.458",2015,1,"Australian Grand Prix",2015-03-15,"05:00:00","max_verstappen","33","VER","Max","Verstappen",1997-09-30,"Dutch","toro_rosso","Toro Rosso","Italian","Engine","albert_park","Albert Park Grand Prix Circuit","Melbourne","Australia",-37.8497,144.968,"10"
1,11,10,807,926,22544,27,13,"7","7",7,6,57,"\N","\N","48","8","1:31.970","207.576",2015,1,"Australian Grand Prix",2015-03-15,"05:00:00","hulkenberg","27","HUL","Nico","Hülkenberg",1987-08-19,"German","force_india","Force India","Indian","+1 Lap","albert_park","Albert Park Grand Prix Circuit","Melbourne","Australia",-37.8497,144.968,"10"
1,1,9,830,1010,24205,33,4,"3","3",3,15,58,"+22.520","5149845","57","3","1:26.256","221.327",2019,1,"Australian Grand Prix",2019-03-17,"05:10:00","max_verstappen","33","VER","Max","Verstappen",1997-09-30,"Dutch","red_bull","Red Bull","Austrian","Finished","albert_park","Albert Park Grand Prix Circuit","Melbourne","Australia",-37.8497,144.968,"10"
1,1,1,1,860,21234,4,1,"3","3",3,15,58,"+4.075","5653640","57","4","1:29.538","213.214",2012,1,"Australian Grand Prix",2012-03-18,"06:00:00","hamilton","44","HAM","Lewis","Hamilton",1985-01-07,"British","mclaren","McLaren","British","Finished","albert_park","Albert Park Grand Prix Circuit","Melbourne","Australia",-37.8497,144.968,"10"
1,23,3,845,989,23801,35,19,"\N","R",20,0,4,"\N","\N","3","20","1:32.573","206.224",2018,1,"Australian Grand Prix",2018-03-25,"05:10:00","sirotkin","35","SIR","Sergey","Sirotkin",1995-08-27,"Russian","williams","Williams","British","Brakes","albert_park","Albert Park Grand Prix Circuit","Melbourne","Australia",-37.8497,144.968,"10"
1,9,15,828,969,23396,9,14,"\N","R",18,0,21,"\N","\N","18","19","1:32.052","207.391",2017,1,"Australian Grand Prix",2017-03-26,"05:00:00","ericsson","9","ERI","Marcus","Ericsson",1990-09-02,"Swedish","sauber","Sauber","Swiss","Hydraulics","albert_park","Albert Park Grand Prix Circuit","Melbourne","Australia",-37.8497,144.968,"10"
1,131,9,817,969,23395,3,0,"\N","R",17,0,25,"\N","\N","21","16","1:29.447","213.431",2017,1,"Australian Grand Prix",2017-03-26,"05:00:00","ricciardo","3","RIC","Daniel","Ricciardo",1989-07-01,"Australian","red_bull","Red Bull","Austrian","Power Unit","albert_park","Albert Park Grand Prix Circuit","Melbourne","Australia",-37.8497,144.968,"10"
1,4,3,13,900,22149,19,9,"\N","R",20,0,0,"\N","\N","2","19","1:40.287","190.361",2014,1,"Australian Grand Prix",2014-03-16,"06:00:00","massa","19","MAS","Felipe","Massa",1981-04-25,"Brazilian","williams","Williams","British","Collision","albert_park","Albert Park Grand Prix Circuit","Melbourne","Australia",-37.8497,144.968,"10"
1,47,210,154,969,23398,8,6,"\N","R",20,0,13,"\N","\N","12","18","1:30.183","211.689",2017,1,"Australian Grand Prix",2017-03-26,"05:00:00","grosjean","8","GRO","Romain","Grosjean",1986-04-17,"French","haas","Haas F1 Team","American","Water leak","albert_park","Albert Park Grand Prix Circuit","Melbourne","Australia",-37.8497,144.968,"10"
1,5,131,1,900,22148,44,1,"\N","R",19,0,2,"\N","\N","2","20","1:49.947","173.636",2014,1,"Australian Grand Prix",2014-03-16,"06:00:00","hamilton","44","HAM","Lewis","Hamilton",1985-01-07,"British","mercedes","Mercedes","German","Engine","albert_park","Albert Park Grand Prix Circuit","Melbourne","Australia",-37.8497,144.968,"10"
1,1,10,839,989,23793,31,14,"12","12",12,0,58,"+1:00.278","5433561","57","10","1:27.600","217.931",2018,1,"Australian Grand Prix",2018-03-25,"05:10:00","ocon","31","OCO","Esteban","Ocon",1996-09-17,"French","force_india","Force India","Indian","Finished","albert_park","Albert Park Grand Prix Circuit","Melbourne","Australia",-37.8497,144.968,"10"
1,132,208,813,900,22145,13,21,"\N","R",16,0,29,"\N","\N","30","14","1:34.766","201.451",2014,1,"Australian Grand Prix",2014-03-16,"06:00:00","maldonado","13","MAL","Pastor","Maldonado",1985-03-09,"Venezuelan","lotus_f1","Lotus F1","British","ERS","albert_park","Albert Park Grand Prix Circuit","Melbourne","Australia",-37.8497,144.968,"10"
1,1,15,815,860,21239,15,22,"8","8",8,4,58,"+39.458","5689023","46","12","1:30.843","210.151",2012,1,"Australian Grand Prix",2012-03-18,"06:00:00","perez","11","PER","Sergio","Pérez",1990-01-26,"Mexican","sauber","Sauber","Swiss","Finished","albert_park","Albert Park Grand Prix Circuit","Melbourne","Australia",-37.8497,144.968,"10"
1,132,208,154,900,22144,8,22,"\N","R",15,0,43,"\N","\N","41","15","1:35.281","200.363",2014,1,"Australian Grand Prix",2014-03-16,"06:00:00","grosjean","8","GRO","Romain","Grosjean",1986-04-17,"French","lotus_f1","Lotus F1","British","ERS","albert_park","Albert Park Grand Prix Circuit","Melbourne","Australia",-37.8497,144.968,"10"
1,22,207,5,860,21249,20,18,"\N","R",18,0,38,"\N","\N","26","17","1:33.693","203.759",2012,1,"Australian Grand Prix",2012-03-18,"06:00:00","kovalainen","\N","KOV","Heikki","Kovalainen",1981-10-19,"Finnish","caterham","Caterham","Malaysian","Suspension","albert_park","Albert Park Grand Prix Circuit","Melbourne","Australia",-37.8497,144.968,"10"
1,1,3,840,989,23795,18,13,"14","14",14,0,58,"+1:18.288","5451571","55","14","1:28.511","215.688",2018,1,"Australian Grand Prix",2018-03-25,"05:10:00","stroll","18","STR","Lance","Stroll",1998-10-29,"Canadian","williams","Williams","British","Finished","albert_park","Albert Park Grand Prix Circuit","Melbourne","Australia",-37.8497,144.968,"10"
1,1,4,835,948,22927,30,13,"11","11",11,0,57,"+1:23.399","6578964","14","18","1:32.955","205.376",2016,1,"Australian Grand Prix",2016-03-20,"05:00:00","jolyon_palmer","30","PAL","Jolyon","Palmer",1991-01-20,"British","renault","Renault","French","Finished","albert_park","Albert Park Grand Prix Circuit","Melbourne","Australia",-37.8497,144.968,"10"
1,1,131,1,969,23380,44,1,"2","2",2,18,57,"+9.975","5061647","44","6","1:27.033","219.351",2017,1,"Australian Grand Prix",2017-03-26,"05:00:00","hamilton","44","HAM","Lewis","Hamilton",1985-01-07,"British","mercedes","Mercedes","German","Finished","albert_park","Albert Park Grand Prix Circuit","Melbourne","Australia",-37.8497,144.968,"10"
1,12,206,820,880,21728,23,20,"17","17",17,0,56,"\N","\N","49","17","1:32.210","207.036",2013,1,"Australian Grand Prix",2013-03-17,"06:00:00","chilton","4","CHI","Max","Chilton",1991-04-21,"British","marussia","Marussia","Russian","+2 Laps","albert_park","Albert Park Grand Prix Circuit","Melbourne","Australia",-37.8497,144.968,"10"
1,1,131,3,948,22917,6,2,"1","1",1,25,57,"1:48:15.565","6495565","21","3","1:30.557","210.815",2016,1,"Australian Grand Prix",2016-03-20,"05:00:00","rosberg","6","ROS","Nico","Rosberg",1985-06-27,"German","mercedes","Mercedes","German","Finished","albert_park","Albert Park Grand Prix Circuit","Melbourne","Australia",-37.8497,144.968,"10"
1,1,9,17,880,21717,2,2,"6","6",6,8,58,"+46.800","5450025","45","4","1:29.732","212.753",2013,1,"Australian Grand Prix",2013-03-17,"06:00:00","webber","\N","WEB","Mark","Webber",1976-08-27,"Australian","red_bull","Red Bull","Austrian","Finished","albert_park","Albert Park Grand Prix Circuit","Melbourne","Australia",-37.8497,144.968,"10"
1,1,6,4,880,21713,3,5,"2","2",2,18,58,"+12.451","5415676","53","3","1:29.560","213.162",2013,1,"Australian Grand Prix",2013-03-17,"06:00:00","alonso","14","ALO","Fernando","Alonso",1981-07-29,"Spanish","ferrari","Ferrari","Italian","Finished","albert_park","Albert Park Grand Prix Circuit","Melbourne","Australia",-37.8497,144.968,"10"
1,2,15,815,841,20800,17,13,"\N","D",22,0,58,"\N","\N","39","6","1:29.962","212.209",2011,1,"Australian Grand Prix",2011-03-27,"06:00:00","perez","11","PER","Sergio","Pérez",1990-01-26,"Mexican","sauber","Sauber","Swiss","Disqualified","albert_park","Albert Park Grand Prix Circuit","Melbourne","Australia",-37.8497,144.968,"10"
1,1,9,17,860,21235,2,5,"4","4",4,12,58,"+4.547","5654112","57","3","1:29.438","213.452",2012,1,"Australian Grand Prix",2012-03-18,"06:00:00","webber","\N","WEB","Mark","Webber",1976-08-27,"Australian","red_bull","Red Bull","Austrian","Finished","albert_park","Albert Park Grand Prix Circuit","Melbourne","Australia",-37.8497,144.968,"10"
1,1,131,3,926,22539,6,2,"2","2",2,18,58,"+1.360","5515427","47","2","1:31.092","209.577",2015,1,"Australian Grand Prix",2015-03-15,"05:00:00","rosberg","6","ROS","Nico","Rosberg",1985-06-27,"German","mercedes","Mercedes","German","Finished","albert_park","Albert Park Grand Prix Circuit","Melbourne","Australia",-37.8497,144.968,"10"
1,1,131,822,1010,24203,77,2,"1","1",1,26,58,"1:25:27.325","5127325","57","1","1:25.580","223.075",2019,1,"Australian Grand Prix",2019-03-17,"05:10:00","bottas","77","BOT","Valtteri","Bottas",1989-08-28,"Finnish","mercedes","Mercedes","German","Finished","albert_park","Albert Park Grand Prix Circuit","Melbourne","Australia",-37.8497,144.968,"10"
1,1,131,3,860,21243,8,7,"12","12",12,0,58,"+57.642","5707207","53","14","1:30.931","209.948",2012,1,"Australian Grand Prix",2012-03-18,"06:00:00","rosberg","6","ROS","Nico","Rosberg",1985-06-27,"German","mercedes","Mercedes","German","Finished","albert_park","Albert Park Grand Prix Circuit","Melbourne","Australia",-37.8497,144.968,"10"
1,23,3,840,969,23394,18,20,"\N","R",16,0,40,"\N","\N","38","14","1:29.389","213.569",2017,1,"Australian Grand Prix",2017-03-26,"05:00:00","stroll","18","STR","Lance","Stroll",1998-10-29,"Canadian","williams","Williams","British","Brakes","albert_park","Albert Park Grand Prix Circuit","Melbourne","Australia",-37.8497,144.968,"10"
1,11,211,815,1010,24215,11,10,"13","13",13,0,57,"\N","\N","41","15","1:28.485","215.751",2019,1,"Australian Grand Prix",2019-03-17,"05:10:00","perez","11","PER","Sergio","Pérez",1990-01-26,"Mexican","racing_point","Racing Point","British","+1 Lap","albert_park","Albert Park Grand Prix Circuit","Melbourne","Australia",-37.8497,144.968,"10"
1,11,5,832,969,23386,55,8,"8","8",8,4,56,"\N","\N","53","8","1:27.677","217.740",2017,1,"Australian Grand Prix",2017-03-26,"05:00:00","sainz","55","SAI","Carlos","Sainz",1994-09-01,"Spanish","toro_rosso","Toro Rosso","Italian","+1 Lap","albert_park","Albert Park Grand Prix Circuit","Melbourne","Australia",-37.8497,144.968,"10"
1,81,164,24,841,23539,23,0,"\N","F",23,0,0,"\N","\N","\N","0","\N","\N",2011,1,"Australian Grand Prix",2011-03-27,"06:00:00","liuzzi","\N","LIU","Vitantonio","Liuzzi",1980-08-06,"Italian","hrt","HRT","Spanish","Did not qualify","albert_park","Albert Park Grand Prix Circuit","Melbourne","Australia",-37.8497,144.968,"10"
1,1,131,822,969,23381,77,3,"3","3",3,15,57,"+11.250","5062922","56","2","1:26.593","220.465",2017,1,"Australian Grand Prix",2017-03-26,"05:00:00","bottas","77","BOT","Valtteri","Bottas",1989-08-28,"Finnish","mercedes","Mercedes","German","Finished","albert_park","Albert Park Grand Prix Circuit","Melbourne","Australia",-37.8497,144.968,"10"
1,4,3,811,860,21247,19,14,"16","16",16,0,52,"\N","\N","49","13","1:30.855","210.123",2012,1,"Australian Grand Prix",2012-03-18,"06:00:00","bruno_senna","\N","SEN","Bruno","Senna",1983-10-15,"Brazilian","williams","Williams","British","Collision","albert_park","Albert Park Grand Prix Circuit","Melbourne","Australia",-37.8497,144.968,"10"
1,2,9,817,900,22151,3,2,"\N","D",22,0,57,"+24.525","5603235","\N","0","\N","\N",2014,1,"Australian Grand Prix",2014-03-16,"06:00:00","ricciardo","3","RIC","Daniel","Ricciardo",1989-07-01,"Australian","red_bull","Red Bull","Austrian","Disqualified","albert_park","Albert Park Grand Prix Circuit","Melbourne","Australia",-37.8497,144.968,"10"
1,11,10,815,969,23385,11,10,"7","7",7,6,56,"\N","\N","56","10","1:28.336","216.115",2017,1,"Australian Grand Prix",2017-03-26,"05:00:00","perez","11","PER","Sergio","Pérez",1990-01-26,"Mexican","force_india","Force India","Indian","+1 Lap","albert_park","Albert Park Grand Prix Circuit","Melbourne","Australia",-37.8497,144.968,"10"
1,11,15,16,900,22140,99,13,"11","11",11,0,56,"\N","\N","34","9","1:33.366","204.472",2014,1,"Australian Grand Prix",2014-03-16,"06:00:00","sutil","99","SUT","Adrian","Sutil",1983-01-11,"German","sauber","Sauber","Swiss","+1 Lap","albert_park","Albert Park Grand Prix Circuit","Melbourne","Australia",-37.8497,144.968,"10"
1,1,9,817,989,23785,3,8,"4","4",4,12,58,"+7.069","5380352","54","1","1:25.945","222.128",2018,1,"Australian Grand Prix",2018-03-25,"05:10:00","ricciardo","3","RIC","Daniel","Ricciardo",1989-07-01,"Australian","red_bull","Red Bull","Austrian","Finished","albert_park","Albert Park Grand Prix Circuit","Melbourne","Australia",-37.8497,144.968,"10"
1,11,4,2,841,20790,9,18,"12","12",12,0,57,"\N","\N","43","15","1:32.377","206.661",2011,1,"Australian Grand Prix",2011-03-27,"06:00:00","heidfeld","\N","HEI","Nick","Heidfeld",1977-05-10,"German","renault","Renault","French","+1 Lap","albert_park","Albert Park Grand Prix Circuit","Melbourne","Australia",-37.8497,144.968,"10"
1,1,10,807,948,22923,27,10,"7","7",7,6,57,"+1:14.199","6569764","49","16","1:32.833","205.646",2016,1,"Australian Grand Prix",2016-03-20,"05:00:00","hulkenberg","27","HUL","Nico","Hülkenberg",1987-08-19,"German","force_india","Force India","Indian","Finished","albert_park","Albert Park Grand Prix Circuit","Melbourne","Australia",-37.8497,144.968,"10"
1,3,208,813,926,22552,13,9,"\N","R",15,0,0,"\N","\N","\N","0","\N","\N",2015,1,"Australian Grand Prix",2015-03-15,"05:00:00","maldonado","13","MAL","Pastor","Maldonado",1985-03-09,"Venezuelan","lotus_f1","Lotus F1","British","Accident","albert_park","Albert Park Grand Prix Circuit","Melbourne","Australia",-37.8497,144.968,"10"
1,1,10,815,900,22139,11,16,"10","10",10,1,57,"+1:25.916","5664626","38","4","1:32.634","206.088",2014,1,"Australian Grand Prix",2014-03-16,"06:00:00","perez","11","PER","Sergio","Pérez",1990-01-26,"Mexican","force_india","Force India","Indian","Finished","albert_park","Albert Park Grand Prix Circuit","Melbourne","Australia",-37.8497,144.968,"10"
1,2,15,155,841,20799,16,9,"\N","D",21,0,58,"\N","\N","51","9","1:30.384","211.218",2011,1,"Australian Grand Prix",2011-03-27,"06:00:00","kobayashi","10","KOB","Kamui","Kobayashi",1986-09-13,"Japanese","sauber","Sauber","Swiss","Disqualified","albert_park","Albert Park Grand Prix Circuit","Melbourne","Australia",-37.8497,144.968,"10"
1,1,131,822,989,23789,77,15,"8","8",8,4,58,"+34.339","5407622","54","8","1:27.019","219.386",2018,1,"Australian Grand Prix",2018-03-25,"05:10:00","bottas","77","BOT","Valtteri","Bottas",1989-08-28,"Finnish","mercedes","Mercedes","German","Finished","albert_park","Albert Park Grand Prix Circuit","Melbourne","Australia",-37.8497,144.968,"10"
1,11,206,824,880,21726,22,19,"15","15",15,0,57,"\N","\N","52","11","1:30.454","211.055",2013,1,"Australian Grand Prix",2013-03-17,"06:00:00","jules_bianchi","17","BIA","Jules","Bianchi",1989-08-03,"French","marussia","Marussia","Russian","+1 Lap","albert_park","Albert Park Grand Prix Circuit","Melbourne","Australia",-37.8497,144.968,"10"
1,20,3,813,880,21732,16,17,"\N","R",21,0,24,"\N","\N","12","21","1:32.915","205.465",2013,1,"Australian Grand Prix",2013-03-17,"06:00:00","maldonado","13","MAL","Pastor","Maldonado",1985-03-09,"Venezuelan","williams","Williams","British","Spun off","albert_park","Albert Park Grand Prix Circuit","Melbourne","Australia",-37.8497,144.968,"10"
1,38,207,808,860,21250,21,19,"\N","R",19,0,34,"\N","\N","27","16","1:33.214","204.806",2012,1,"Australian Grand Prix",2012-03-18,"06:00:00","petrov","\N","PET","Vitaly","Petrov",1984-09-08,"Russian","caterham","Caterham","Malaysian","Steering","albert_park","Albert Park Grand Prix Circuit","Melbourne","Australia",-37.8497,144.968,"10"
1,23,4,835,969,23397,30,19,"\N","R",19,0,15,"\N","\N","6","20","1:32.195","207.069",2017,1,"Australian Grand Prix",2017-03-26,"05:00:00","jolyon_palmer","30","PAL","Jolyon","Palmer",1991-01-20,"British","renault","Renault","French","Brakes","albert_park","Albert Park Grand Prix Circuit","Melbourne","Australia",-37.8497,144.968,"10"
1,1,9,20,841,20779,1,1,"1","1",1,25,58,"1:29:30.259","5370259","44","4","1:29.844","212.488",2011,1,"Australian Grand Prix",2011-03-27,"06:00:00","vettel","5","VET","Sebastian","Vettel",1987-07-03,"German","red_bull","Red Bull","Austrian","Finished","albert_park","Albert Park Grand Prix Circuit","Melbourne","Australia",-37.8497,144.968,"10"
1,11,9,842,1010,24213,10,17,"11","11",11,0,57,"\N","\N","39","5","1:27.229","218.858",2019,1,"Australian Grand Prix",2019-03-17,"05:10:00","gasly","10","GAS","Pierre","Gasly",1996-02-07,"French","red_bull","Red Bull","Austrian","+1 Lap","albert_park","Albert Park Grand Prix Circuit","Melbourne","Australia",-37.8497,144.968,"10"
1,1,1,18,841,20784,4,4,"6","6",6,8,58,"+54.304","5424563","49","5","1:29.883","212.396",2011,1,"Australian Grand Prix",2011-03-27,"06:00:00","button","22","BUT","Jenson","Button",1980-01-19,"British","mclaren","McLaren","British","Finished","albert_park","Albert Park Grand Prix Circuit","Melbourne","Australia",-37.8497,144.968,"10"
1,1,15,155,860,21237,14,13,"6","6",6,8,58,"+36.766","5686331","55","10","1:30.620","210.668",2012,1,"Australian Grand Prix",2012-03-18,"06:00:00","kobayashi","10","KOB","Kamui","Kobayashi",1986-09-13,"Japanese","sauber","Sauber","Swiss","Finished","albert_park","Albert Park Grand Prix Circuit","Melbourne","Australia",-37.8497,144.968,"10"
1,54,3,822,926,22555,77,0,"\N","W",18,0,0,"\N","\N","\N","0","\N","\N",2015,1,"Australian Grand Prix",2015-03-15,"05:00:00","bottas","77","BOT","Valtteri","Bottas",1989-08-28,"Finnish","williams","Williams","British","Withdrew","albert_park","Albert Park Grand Prix Circuit","Melbourne","Australia",-37.8497,144.968,"10"
1,1,15,844,989,23794,16,18,"13","13",13,0,58,"+1:15.759","5449042","56","15","1:28.759","215.085",2018,1,"Australian Grand Prix",2018-03-25,"05:10:00","leclerc","16","LEC","Charles","Leclerc",1997-10-16,"Monegasque","sauber","Sauber","Swiss","Finished","albert_park","Albert Park Grand Prix Circuit","Melbourne","Australia",-37.8497,144.968,"10"
1,1,4,832,989,23791,55,9,"10","10",10,1,58,"+45.722","5419005","51","12","1:27.944","217.079",2018,1,"Australian Grand Prix",2018-03-25,"05:10:00","sainz","55","SAI","Carlos","Sainz",1994-09-01,"Spanish","renault","Renault","French","Finished","albert_park","Albert Park Grand Prix Circuit","Melbourne","Australia",-37.8497,144.968,"10"
1,4,207,155,900,22150,10,14,"\N","R",21,0,0,"\N","\N","\N","0","\N","\N",2014,1,"Australian Grand Prix",2014-03-16,"06:00:00","kobayashi","10","KOB","Kamui","Kobayashi",1986-09-13,"Japanese","caterham","Caterham","Malaysian","Collision","albert_park","Albert Park Grand Prix Circuit","Melbourne","Australia",-37.8497,144.968,"10"
1,4,1,4,948,22937,14,11,"\N","R",21,0,16,"\N","\N","14","11","1:32.553","206.268",2016,1,"Australian Grand Prix",2016-03-20,"05:00:00","alonso","14","ALO","Fernando","Alonso",1981-07-29,"Spanish","mclaren","McLaren","British","Collision","albert_park","Albert Park Grand Prix Circuit","Melbourne","Australia",-37.8497,144.968,"10"
1,1,6,13,841,20785,6,8,"7","7",7,6,58,"+1:25.186","5455445","55","1","1:28.947","214.631",2011,1,"Australian Grand Prix",2011-03-27,"06:00:00","massa","19","MAS","Felipe","Massa",1981-04-25,"Brazilian","ferrari","Ferrari","Italian","Finished","albert_park","Albert Park Grand Prix Circuit","Melbourne","Australia",-37.8497,144.968,"10"
1,12,1,838,969,23391,2,18,"13","13",13,0,55,"\N","\N","53","15","1:29.440","213.448",2017,1,"Australian Grand Prix",2017-03-26,"05:00:00","vandoorne","2","VAN","Stoffel","Vandoorne",1992-03-26,"Belgian","mclaren","McLaren","British","+2 Laps","albert_park","Albert Park Grand Prix Circuit","Melbourne","Australia",-37.8497,144.968,"10"
1,11,5,826,1010,24212,26,15,"10","10",10,1,57,"\N","\N","39","6","1:27.448","218.310",2019,1,"Australian Grand Prix",2019-03-17,"05:10:00","kvyat","26","KVY","Daniil","Kvyat",1994-04-26,"Russian","toro_rosso","Toro Rosso","Italian","+1 Lap","albert_park","Albert Park Grand Prix Circuit","Melbourne","Australia",-37.8497,144.968,"10"
1,11,10,16,841,20787,14,16,"9","9",9,2,57,"\N","\N","55","13","1:31.526","208.583",2011,1,"Australian Grand Prix",2011-03-27,"06:00:00","sutil","99","SUT","Adrian","Sutil",1983-01-11,"German","force_india","Force India","Indian","+1 Lap","albert_park","Albert Park Grand Prix Circuit","Melbourne","Australia",-37.8497,144.968,"10"
1,1,6,4,841,20782,5,5,"4","4",4,12,58,"+31.772","5402031","49","2","1:29.487","213.336",2011,1,"Australian Grand Prix",2011-03-27,"06:00:00","alonso","14","ALO","Fernando","Alonso",1981-07-29,"Spanish","ferrari","Ferrari","Italian","Finished","albert_park","Albert Park Grand Prix Circuit","Melbourne","Australia",-37.8497,144.968,"10"
1,12,3,847,1010,24218,63,19,"16","16",16,0,56,"\N","\N","55","17","1:28.713","215.197",2019,1,"Australian Grand Prix",2019-03-17,"05:10:00","russell","63","RUS","George","Russell",1998-02-15,"British","williams","Williams","British","+2 Laps","albert_park","Albert Park Grand Prix Circuit","Melbourne","Australia",-37.8497,144.968,"10"
1,4,131,3,841,20795,8,7,"\N","R",17,0,22,"\N","\N","21","17","1:33.503","204.173",2011,1,"Australian Grand Prix",2011-03-27,"06:00:00","rosberg","6","ROS","Nico","Rosberg",1985-06-27,"German","mercedes","Mercedes","German","Collision","albert_park","Albert Park Grand Prix Circuit","Melbourne","Australia",-37.8497,144.968,"10"
1,1,5,826,900,22138,26,8,"9","9",9,2,57,"+1:03.585","5642295","35","11","1:33.864","203.387",2014,1,"Australian Grand Prix",2014-03-16,"06:00:00","kvyat","26","KVY","Daniil","Kvyat",1994-04-26,"Russian","toro_rosso","Toro Rosso","Italian","Finished","albert_park","Albert Park Grand Prix Circuit","Melbourne","Australia",-37.8497,144.968,"10"
1,19,166,10,841,20793,24,21,"\N","N",15,0,49,"\N","\N","48","22","1:35.789","199.300",2011,1,"Australian Grand Prix",2011-03-27,"06:00:00","glock","\N","GLO","Timo","Glock",1982-03-18,"German","virgin","Virgin","British","+9 Laps","albert_park","Albert Park Grand Prix Circuit","Melbourne","Australia",-37.8497,144.968,"10"
1,81,164,39,860,21255,23,0,"\N","F",24,0,0,"\N","\N","\N","0","\N","\N",2012,1,"Australian Grand Prix",2012-03-18,"06:00:00","karthikeyan","\N","KAR","Narain","Karthikeyan",1977-01-14,"Indian","hrt","HRT","Spanish","Did not qualify","albert_park","Albert Park Grand Prix Circuit","Melbourne","Australia",-37.8497,144.968,"10"
1,36,210,154,1010,24220,8,6,"\N","R",18,0,29,"\N","\N","17","13","1:28.462","215.807",2019,1,"Australian Grand Prix",2019-03-17,"05:10:00","grosjean","8","GRO","Romain","Grosjean",1986-04-17,"French","haas","Haas F1 Team","American","Wheel","albert_park","Albert Park Grand Prix Circuit","Melbourne","Australia",-37.8497,144.968,"10"
1,1,10,16,880,21718,15,12,"7","7",7,6,58,"+1:05.068","5468293","49","13","1:30.710","210.459",2013,1,"Australian Grand Prix",2013-03-17,"06:00:00","sutil","99","SUT","Adrian","Sutil",1983-01-11,"German","force_india","Force India","Indian","Finished","albert_park","Albert Park Grand Prix Circuit","Melbourne","Australia",-37.8497,144.968,"10"
1,1,131,3,900,22130,6,3,"1","1",1,25,57,"1:32:58.710","5578710","19","1","1:32.478","206.436",2014,1,"Australian Grand Prix",2014-03-16,"06:00:00","rosberg","6","ROS","Nico","Rosberg",1985-06-27,"German","mercedes","Mercedes","German","Finished","albert_park","Albert Park Grand Prix Circuit","Melbourne","Australia",-37.8497,144.968,"10"
1,11,211,840,1010,24211,18,16,"9","9",9,2,57,"\N","\N","29","7","1:27.568","218.011",2019,1,"Australian Grand Prix",2019-03-17,"05:10:00","stroll","18","STR","Lance","Stroll",1998-10-29,"Canadian","racing_point","Racing Point","British","+1 Lap","albert_park","Albert Park Grand Prix Circuit","Melbourne","Australia",-37.8497,144.968,"10"
1,11,15,831,948,22931,12,17,"15","15",15,0,56,"\N","\N","48","13","1:32.711","205.917",2016,1,"Australian Grand Prix",2016-03-20,"05:00:00","nasr","12","NAS","Felipe","Nasr",1992-08-21,"Brazilian","sauber","Sauber","Swiss","+1 Lap","albert_park","Albert Park Grand Prix Circuit","Melbourne","Australia",-37.8497,144.968,"10"
1,12,207,823,880,21729,21,21,"18","18",18,0,56,"\N","\N","39","20","1:32.636","206.084",2013,1,"Australian Grand Prix",2013-03-17,"06:00:00","garde","\N","VDG","Giedo","van der Garde",1985-04-25,"Dutch","caterham","Caterham","Malaysian","+2 Laps","albert_park","Albert Park Grand Prix Circuit","Melbourne","Australia",-37.8497,144.968,"10"
1,11,15,821,880,21724,12,18,"13","13",13,0,57,"\N","\N","32","16","1:31.415","208.836",2013,1,"Australian Grand Prix",2013-03-17,"06:00:00","gutierrez","21","GUT","Esteban","Gutiérrez",1991-08-05,"Mexican","sauber","Sauber","Swiss","+1 Lap","albert_park","Albert Park Grand Prix Circuit","Melbourne","Australia",-37.8497,144.968,"10"
1,1,10,814,880,21719,14,9,"8","8",8,4,58,"+1:08.449","5471674","56","15","1:30.894","210.033",2013,1,"Australian Grand Prix",2013-03-17,"06:00:00","resta","\N","DIR","Paul","di Resta",1986-04-16,"British","force_india","Force India","Indian","Finished","albert_park","Albert Park Grand Prix Circuit","Melbourne","Australia",-37.8497,144.968,"10"
1,11,10,815,926,22547,11,14,"10","10",10,1,57,"\N","\N","46","7","1:31.959","207.601",2015,1,"Australian Grand Prix",2015-03-15,"05:00:00","perez","11","PER","Sergio","Pérez",1990-01-26,"Mexican","force_india","Force India","Indian","+1 Lap","albert_park","Albert Park Grand Prix Circuit","Melbourne","Australia",-37.8497,144.968,"10"
1,6,131,30,860,21251,7,4,"\N","R",20,0,10,"\N","\N","4","18","1:34.021","203.048",2012,1,"Australian Grand Prix",2012-03-18,"06:00:00","michael_schumacher","\N","MSC","Michael","Schumacher",1969-01-03,"German","mercedes","Mercedes","German","Gearbox","albert_park","Albert Park Grand Prix Circuit","Melbourne","Australia",-37.8497,144.968,"10"
1,1,9,20,880,21714,1,1,"3","3",3,15,58,"+22.346","5425571","42","10","1:30.409","211.160",2013,1,"Australian Grand Prix",2013-03-17,"06:00:00","vettel","5","VET","Sebastian","Vettel",1987-07-03,"German","red_bull","Red Bull","Austrian","Finished","albert_park","Albert Park Grand Prix Circuit","Melbourne","Australia",-37.8497,144.968,"10"
1,1,6,8,969,23382,7,4,"4","4",4,12,57,"+22.393","5074065","56","1","1:26.538","220.605",2017,1,"Australian Grand Prix",2017-03-26,"05:00:00","raikkonen","7","RAI","Kimi","Räikkönen",1979-10-17,"Finnish","ferrari","Ferrari","Italian","Finished","albert_park","Albert Park Grand Prix Circuit","Melbourne","Australia",-37.8497,144.968,"10"
1,1,3,13,926,22541,19,3,"4","4",4,12,58,"+38.196","5552263","50","6","1:31.719","208.144",2015,1,"Australian Grand Prix",2015-03-15,"05:00:00","massa","19","MAS","Felipe","Massa",1981-04-25,"Brazilian","williams","Williams","British","Finished","albert_park","Albert Park Grand Prix Circuit","Melbourne","Australia",-37.8497,144.968,"10"
1,11,10,839,969,23388,31,13,"10","10",10,1,56,"\N","\N","55","11","1:28.475","215.776",2017,1,"Australian Grand Prix",2017-03-26,"05:00:00","ocon","31","OCO","Esteban","Ocon",1996-09-17,"French","force_india","Force India","Indian","+1 Lap","albert_park","Albert Park Grand Prix Circuit","Melbourne","Australia",-37.8497,144.968,"10"
1,11,206,10,860,21245,24,20,"14","14",14,0,57,"\N","\N","43","19","1:34.253","202.548",2012,1,"Australian Grand Prix",2012-03-18,"06:00:00","glock","\N","GLO","Timo","Glock",1982-03-18,"German","marussia","Marussia","Russian","+1 Lap","albert_park","Albert Park Grand Prix Circuit","Melbourne","Australia",-37.8497,144.968,"10"
1,26,209,837,948,22935,88,22,"\N","R",19,0,17,"\N","\N","15","20","1:33.847","203.424",2016,1,"Australian Grand Prix",2016-03-20,"05:00:00","haryanto","88","HAR","Rio","Haryanto",1993-01-22,"Indonesian","manor","Manor Marussia","British","Mechanical","albert_park","Albert Park Grand Prix Circuit","Melbourne","Australia",-37.8497,144.968,"10"
1,1,210,825,1010,24208,20,7,"6","6",6,8,58,"+1:27.156","5214481","56","9","1:28.182","216.493",2019,1,"Australian Grand Prix",2019-03-17,"05:10:00","kevin_magnussen","20","MAG","Kevin","Magnussen",1992-10-05,"Danish","haas","Haas F1 Team","American","Finished","albert_park","Albert Park Grand Prix Circuit","Melbourne","Australia",-37.8497,144.968,"10"
1,12,1,18,926,22548,22,16,"11","11",11,0,56,"\N","\N","56","12","1:33.338","204.534",2015,1,"Australian Grand Prix",2015-03-15,"05:00:00","button","22","BUT","Jenson","Button",1980-01-19,"British","mclaren","McLaren","British","+2 Laps","albert_park","Albert Park Grand Prix Circuit","Melbourne","Australia",-37.8497,144.968,"10"
1,1,3,822,900,22134,77,15,"5","5",5,10,57,"+47.639","5626349","56","3","1:32.616","206.128",2014,1,"Australian Grand Prix",2014-03-16,"06:00:00","bottas","77","BOT","Valtteri","Bottas",1989-08-28,"Finnish","williams","Williams","British","Finished","albert_park","Albert Park Grand Prix Circuit","Melbourne","Australia",-37.8497,144.968,"10"
1,1,6,20,1010,24206,5,3,"4","4",4,12,58,"+57.109","5184434","16","8","1:27.954","217.054",2019,1,"Australian Grand Prix",2019-03-17,"05:10:00","vettel","5","VET","Sebastian","Vettel",1987-07-03,"German","ferrari","Ferrari","Italian","Finished","albert_park","Albert Park Grand Prix Circuit","Melbourne","Australia",-37.8497,144.968,"10"
1,1,6,8,900,22136,7,11,"7","7",7,6,57,"+57.675","5636385","56","8","1:33.210","204.814",2014,1,"Australian Grand Prix",2014-03-16,"06:00:00","raikkonen","7","RAI","Kimi","Räikkönen",1979-10-17,"Finnish","ferrari","Ferrari","Italian","Finished","albert_park","Albert Park Grand Prix Circuit","Melbourne","Australia",-37.8497,144.968,"10"
1,1,208,8,860,21238,9,17,"7","7",7,6,58,"+38.014","5687579","50","11","1:30.759","210.346",2012,1,"Australian Grand Prix",2012-03-18,"06:00:00","raikkonen","7","RAI","Kimi","Räikkönen",1979-10-17,"Finnish","lotus_f1","Lotus F1","British","Finished","albert_park","Albert Park Grand Prix Circuit","Melbourne","Australia",-37.8497,144.968,"10"
1,12,207,819,880,21727,20,22,"16","16",16,0,56,"\N","\N","55","19","1:32.261","206.921",2013,1,"Australian Grand Prix",2013-03-17,"06:00:00","pic","\N","PIC","Charles","Pic",1990-02-15,"French","caterham","Caterham","Malaysian","+2 Laps","albert_park","Albert Park Grand Prix Circuit","Melbourne","Australia",-37.8497,144.968,"10"
1,11,51,841,1010,24217,99,14,"15","15",15,0,57,"\N","\N","29","14","1:28.479","215.766",2019,1,"Australian Grand Prix",2019-03-17,"05:10:00","giovinazzi","99","GIO","Antonio","Giovinazzi",1993-12-14,"Italian","alfa","Alfa Romeo","Swiss","+1 Lap","albert_park","Albert Park Grand Prix Circuit","Melbourne","Australia",-37.8497,144.968,"10"
1,9,5,817,880,21730,19,14,"\N","R",19,0,39,"\N","\N","33","14","1:30.881","210.063",2013,1,"Australian Grand Prix",2013-03-17,"06:00:00","ricciardo","3","RIC","Daniel","Ricciardo",1989-07-01,"Australian","toro_rosso","Toro Rosso","Italian","Hydraulics","albert_park","Albert Park Grand Prix Circuit","Melbourne","Australia",-37.8497,144.968,"10"
1,11,5,848,1010,24216,23,13,"14","14",14,0,57,"\N","\N","43","10","1:28.188","216.478",2019,1,"Australian Grand Prix",2019-03-17,"05:10:00","albon","23","ALB","Alexander","Albon",1996-03-23,"Thai","toro_rosso","Toro Rosso","Italian","+1 Lap","albert_park","Albert Park Grand Prix Circuit","Melbourne","Australia",-37.8497,144.968,"10"
1,1,9,17,841,20783,2,3,"5","5",5,10,58,"+38.171","5408430","50","3","1:29.600","213.066",2011,1,"Australian Grand Prix",2011-03-27,"06:00:00","webber","\N","WEB","Mark","Webber",1976-08-27,"Australian","red_bull","Red Bull","Austrian","Finished","albert_park","Albert Park Grand Prix Circuit","Melbourne","Australia",-37.8497,144.968,"10"
1,1,5,818,860,21242,17,11,"11","11",11,0,58,"+39.848","5689413","52","6","1:30.274","211.476",2012,1,"Australian Grand Prix",2012-03-18,"06:00:00","vergne","25","VER","Jean-Éric","Vergne",1990-04-25,"French","toro_rosso","Toro Rosso","Italian","Finished","albert_park","Albert Park Grand Prix Circuit","Melbourne","Australia",-37.8497,144.968,"10"
1,1,6,4,900,22133,14,5,"4","4",4,12,57,"+35.284","5613994","57","7","1:33.186","204.867",2014,1,"Australian Grand Prix",2014-03-16,"06:00:00","alonso","14","ALO","Fernando","Alonso",1981-07-29,"Spanish","ferrari","Ferrari","Italian","Finished","albert_park","Albert Park Grand Prix Circuit","Melbourne","Australia",-37.8497,144.968,"10"
1,4,10,807,860,21253,12,9,"\N","R",22,0,0,"\N","\N","\N","0","\N","\N",2012,1,"Australian Grand Prix",2012-03-18,"06:00:00","hulkenberg","27","HUL","Nico","Hülkenberg",1987-08-19,"German","force_india","Force India","Indian","Collision","albert_park","Albert Park Grand Prix Circuit","Melbourne","Australia",-37.8497,144.968,"10"
1,1,10,815,948,22929,11,9,"13","13",13,0,57,"+1:31.699","6587264","39","15","1:32.780","205.764",2016,1,"Australian Grand Prix",2016-03-20,"05:00:00","perez","11","PER","Sergio","Pérez",1990-01-26,"Mexican","force_india","Force India","Indian","Finished","albert_park","Albert Park Grand Prix Circuit","Melbourne","Australia",-37.8497,144.968,"10"
1,1,1,4,989,23786,14,10,"5","5",5,10,58,"+27.886","5401169","57","7","1:26.978","219.489",2018,1,"Australian Grand Prix",2018-03-25,"05:10:00","alonso","14","ALO","Fernando","Alonso",1981-07-29,"Spanish","mclaren","McLaren","British","Finished","albert_park","Albert Park Grand Prix Circuit","Melbourne","Australia",-37.8497,144.968,"10"
1,11,15,821,900,22141,21,20,"12","12",12,0,56,"\N","\N","41","13","1:34.564","201.882",2014,1,"Australian Grand Prix",2014-03-16,"06:00:00","gutierrez","21","GUT","Esteban","Gutiérrez",1991-08-05,"Mexican","sauber","Sauber","Swiss","+1 Lap","albert_park","Albert Park Grand Prix Circuit","Melbourne","Australia",-37.8497,144.968,"10"
1,11,5,843,989,23796,28,16,"15","15",15,0,57,"\N","\N","57","13","1:28.176","216.507",2018,1,"Australian Grand Prix",2018-03-25,"05:10:00","brendon_hartley","28","HAR","Brendon","Hartley",1989-11-10,"New Zealander","toro_rosso","Toro Rosso","Italian","+1 Lap","albert_park","Albert Park Grand Prix Circuit","Melbourne","Australia",-37.8497,144.968,"10"
1,4,6,13,860,21248,6,16,"\N","R",17,0,46,"\N","\N","46","15","1:31.940","207.644",2012,1,"Australian Grand Prix",2012-03-18,"06:00:00","massa","19","MAS","Felipe","Massa",1981-04-25,"Brazilian","ferrari","Ferrari","Italian","Collision","albert_park","Albert Park Grand Prix Circuit","Melbourne","Australia",-37.8497,144.968,"10"
1,10,131,3,880,21731,9,6,"\N","R",20,0,26,"\N","\N","18","18","1:32.259","206.926",2013,1,"Australian Grand Prix",2013-03-17,"06:00:00","rosberg","6","ROS","Nico","Rosberg",1985-06-27,"German","mercedes","Mercedes","German","Electrical","albert_park","Albert Park Grand Prix Circuit","Melbourne","Australia",-37.8497,144.968,"10"
1,7,3,22,841,20794,11,17,"\N","R",16,0,48,"\N","\N","47","12","1:31.404","208.861",2011,1,"Australian Grand Prix",2011-03-27,"06:00:00","barrichello","\N","BAR","Rubens","Barrichello",1972-05-23,"Brazilian","williams","Williams","British","Transmission","albert_park","Albert Park Grand Prix Circuit","Melbourne","Australia",-37.8497,144.968,"10"
1,5,5,842,989,23799,10,20,"\N","R",18,0,13,"\N","\N","13","18","1:30.649","210.601",2018,1,"Australian Grand Prix",2018-03-25,"05:10:00","gasly","10","GAS","Pierre","Gasly",1996-02-07,"French","toro_rosso","Toro Rosso","Italian","Engine","albert_park","Albert Park Grand Prix Circuit","Melbourne","Australia",-37.8497,144.968,"10"
1,11,5,826,969,23387,26,9,"9","9",9,2,56,"\N","\N","51","4","1:26.711","220.165",2017,1,"Australian Grand Prix",2017-03-26,"05:00:00","kvyat","26","KVY","Daniil","Kvyat",1994-04-26,"Russian","toro_rosso","Toro Rosso","Italian","+1 Lap","albert_park","Albert Park Grand Prix Circuit","Melbourne","Australia",-37.8497,144.968,"10"
1,1,4,825,948,22928,20,14,"12","12",12,0,57,"+1:25.606","6581171","45","10","1:32.452","206.494",2016,1,"Australian Grand Prix",2016-03-20,"05:00:00","kevin_magnussen","20","MAG","Kevin","Magnussen",1992-10-05,"Danish","renault","Renault","French","Finished","albert_park","Albert Park Grand Prix Circuit","Melbourne","Australia",-37.8497,144.968,"10"
1,81,164,39,841,23540,22,0,"\N","F",24,0,0,"\N","\N","\N","0","\N","\N",2011,1,"Australian Grand Prix",2011-03-27,"06:00:00","karthikeyan","\N","KAR","Narain","Karthikeyan",1977-01-14,"Indian","hrt","HRT","Spanish","Did not qualify","albert_park","Albert Park Grand Prix Circuit","Melbourne","Australia",-37.8497,144.968,"10"
1,11,1,846,1010,24214,4,8,"12","12",12,0,57,"\N","\N","17","16","1:28.555","215.581",2019,1,"Australian Grand Prix",2019-03-17,"05:10:00","norris","4","NOR","Lando","Norris",1999-11-13,"British","mclaren","McLaren","British","+1 Lap","albert_park","Albert Park Grand Prix Circuit","Melbourne","Australia",-37.8497,144.968,"10"
1,11,51,8,1010,24210,7,9,"8","8",8,4,57,"\N","\N","52","11","1:28.270","216.277",2019,1,"Australian Grand Prix",2019-03-17,"05:10:00","raikkonen","7","RAI","Kimi","Räikkönen",1979-10-17,"Finnish","alfa","Alfa Romeo","Swiss","+1 Lap","albert_park","Albert Park Grand Prix Circuit","Melbourne","Australia",-37.8497,144.968,"10"
2,11,10,807,927,22569,27,13,"14","14",14,0,55,"\N","\N","46","11","1:44.822","190.368",2015,2,"Malaysian Grand Prix",2015-03-29,"07:00:00","hulkenberg","27","HUL","Nico","Hülkenberg",1987-08-19,"German","force_india","Force India","Indian","+1 Lap","sepang","Sepang International Circuit","Kuala Lumpur","Malaysia",2.76083,101.738,"18"
2,1,131,3,881,21737,9,6,"4","4",4,12,56,"+12.640","5949321","44","8","1:40.755","198.052",2013,2,"Malaysian Grand Prix",2013-03-24,"08:00:00","rosberg","6","ROS","Nico","Rosberg",1985-06-27,"German","mercedes","Mercedes","German","Finished","sepang","Sepang International Circuit","Kuala Lumpur","Malaysia",2.76083,101.738,"18"
2,23,206,824,901,22171,17,19,"\N","R",20,0,8,"\N","\N","4","21","1:51.473","179.010",2014,2,"Malaysian Grand Prix",2014-03-30,"08:00:00","jules_bianchi","17","BIA","Jules","Bianchi",1989-08-03,"French","marussia","Marussia","Russian","Brakes","sepang","Sepang International Circuit","Kuala Lumpur","Malaysia",2.76083,101.738,"18"
2,31,5,817,881,21751,19,13,"18","18",18,0,51,"\N","\N","35","15","1:42.581","194.527",2013,2,"Malaysian Grand Prix",2013-03-24,"08:00:00","ricciardo","3","RIC","Daniel","Ricciardo",1989-07-01,"Australian","toro_rosso","Toro Rosso","Italian","Retired","sepang","Sepang International Circuit","Kuala Lumpur","Malaysia",2.76083,101.738,"18"
2,1,1,18,963,23255,22,9,"9","9",9,2,56,"+1:21.816","5914592","51","8","1:38.740","202.094",2016,16,"Malaysian Grand Prix",2016-10-02,"07:00:00","button","22","BUT","Jenson","Button",1980-01-19,"British","mclaren","McLaren","British","Finished","sepang","Sepang International Circuit","Kuala Lumpur","Malaysia",2.76083,101.738,"18"
2,1,6,8,927,22559,7,11,"4","4",4,12,56,"+53.822","6119615","40","7","1:44.124","191.644",2015,2,"Malaysian Grand Prix",2015-03-29,"07:00:00","raikkonen","7","RAI","Kimi","Räikkönen",1979-10-17,"Finnish","ferrari","Ferrari","Italian","Finished","sepang","Sepang International Circuit","Kuala Lumpur","Malaysia",2.76083,101.738,"18"
2,23,15,831,963,23263,12,18,"\N","R",17,0,46,"\N","\N","43","17","1:40.490","198.574",2016,16,"Malaysian Grand Prix",2016-10-02,"07:00:00","nasr","12","NAS","Felipe","Nasr",1992-08-21,"Brazilian","sauber","Sauber","Swiss","Brakes","sepang","Sepang International Circuit","Kuala Lumpur","Malaysia",2.76083,101.738,"18"
2,31,3,813,881,21752,16,16,"\N","R",19,0,45,"\N","\N","34","21","1:43.465","192.865",2013,2,"Malaysian Grand Prix",2013-03-24,"08:00:00","maldonado","13","MAL","Pastor","Maldonado",1985-03-09,"Venezuelan","williams","Williams","British","Retired","sepang","Sepang International Circuit","Kuala Lumpur","Malaysia",2.76083,101.738,"18"
2,1,10,815,983,23667,11,9,"6","6",6,8,56,"+1:18.630","5479920","32","7","1:35.591","208.751",2017,15,"Malaysian Grand Prix",2017-10-01,"07:00:00","perez","11","PER","Sergio","Pérez",1990-01-26,"Mexican","force_india","Force India","Indian","Finished","sepang","Sepang International Circuit","Kuala Lumpur","Malaysia",2.76083,101.738,"18"
2,11,9,817,927,22565,3,4,"10","10",10,1,55,"\N","\N","42","13","1:45.312","189.482",2015,2,"Malaysian Grand Prix",2015-03-29,"07:00:00","ricciardo","3","RIC","Daniel","Ricciardo",1989-07-01,"Australian","red_bull","Red Bull","Austrian","+1 Lap","sepang","Sepang International Circuit","Kuala Lumpur","Malaysia",2.76083,101.738,"18"
2,129,3,813,842,20824,12,18,"\N","R",24,0,8,"\N","\N","5","22","1:45.689","188.806",2011,2,"Malaysian Grand Prix",2011-04-10,"08:00:00","maldonado","13","MAL","Pastor","Maldonado",1985-03-09,"Venezuelan","williams","Williams","British","Engine misfire","sepang","Sepang International Circuit","Kuala Lumpur","Malaysia",2.76083,101.738,"18"
2,11,131,3,842,20812,8,9,"12","12",12,0,55,"\N","\N","45","8","1:41.778","196.062",2011,2,"Malaysian Grand Prix",2011-04-10,"08:00:00","rosberg","6","ROS","Nico","Rosberg",1985-06-27,"German","mercedes","Mercedes","German","+1 Lap","sepang","Sepang International Circuit","Kuala Lumpur","Malaysia",2.76083,101.738,"18"
2,128,164,39,842,20823,22,24,"\N","R",23,0,14,"\N","\N","5","24","1:49.385","182.427",2011,2,"Malaysian Grand Prix",2011-04-10,"08:00:00","karthikeyan","\N","KAR","Narain","Karthikeyan",1977-01-14,"Indian","hrt","HRT","Spanish","+42 Laps","sepang","Sepang International Circuit","Kuala Lumpur","Malaysia",2.76083,101.738,"18"
2,1,9,20,901,22154,1,2,"3","3",3,15,56,"+24.534","6050508","51","4","1:44.289","191.341",2014,2,"Malaysian Grand Prix",2014-03-30,"08:00:00","vettel","5","VET","Sebastian","Vettel",1987-07-03,"German","red_bull","Red Bull","Austrian","Finished","sepang","Sepang International Circuit","Kuala Lumpur","Malaysia",2.76083,101.738,"18"
2,1,208,8,861,21260,9,10,"5","5",5,10,56,"+29.456","9921268","53","1","1:40.722","198.117",2012,2,"Malaysian Grand Prix",2012-03-25,"08:00:00","raikkonen","7","RAI","Kimi","Räikkönen",1979-10-17,"Finnish","lotus_f1","Lotus F1","British","Finished","sepang","Sepang International Circuit","Kuala Lumpur","Malaysia",2.76083,101.738,"18"
2,12,15,828,983,23679,9,19,"18","18",18,0,54,"\N","\N","54","13","1:36.630","206.507",2017,15,"Malaysian Grand Prix",2017-10-01,"07:00:00","ericsson","9","ERI","Marcus","Ericsson",1990-09-02,"Swedish","sauber","Sauber","Swiss","+2 Laps","sepang","Sepang International Circuit","Kuala Lumpur","Malaysia",2.76083,101.738,"18"
2,1,10,807,963,23254,27,8,"8","8",8,4,56,"+1:14.062","5906838","43","5","1:37.793","204.051",2016,16,"Malaysian Grand Prix",2016-10-02,"07:00:00","hulkenberg","27","HUL","Nico","Hülkenberg",1987-08-19,"German","force_india","Force India","Indian","Finished","sepang","Sepang International Circuit","Kuala Lumpur","Malaysia",2.76083,101.738,"18"
2,1,131,30,861,21265,7,3,"10","10",10,1,56,"+49.996","9941808","53","9","1:41.760","196.096",2012,2,"Malaysian Grand Prix",2012-03-25,"08:00:00","michael_schumacher","\N","MSC","Michael","Schumacher",1969-01-03,"German","mercedes","Mercedes","German","Finished","sepang","Sepang International Circuit","Kuala Lumpur","Malaysia",2.76083,101.738,"18"
2,1,5,830,927,22562,33,6,"7","7",7,6,56,"+1:37.762","6163555","42","9","1:44.579","190.810",2015,2,"Malaysian Grand Prix",2015-03-29,"07:00:00","max_verstappen","33","VER","Max","Verstappen",1997-09-30,"Dutch","toro_rosso","Toro Rosso","Italian","Finished","sepang","Sepang International Circuit","Kuala Lumpur","Malaysia",2.76083,101.738,"18"
2,1,3,822,881,21744,17,18,"11","11",11,0,56,"+1:28.610","6025291","54","12","1:41.373","196.845",2013,2,"Malaysian Grand Prix",2013-03-24,"08:00:00","bottas","77","BOT","Valtteri","Bottas",1989-08-28,"Finnish","williams","Williams","British","Finished","sepang","Sepang International Circuit","Kuala Lumpur","Malaysia",2.76083,101.738,"18"
2,11,5,826,963,23260,26,15,"14","14",14,0,55,"\N","\N","43","15","1:39.798","199.951",2016,16,"Malaysian Grand Prix",2016-10-02,"07:00:00","kvyat","26","KVY","Daniil","Kvyat",1994-04-26,"Russian","toro_rosso","Toro Rosso","Italian","+1 Lap","sepang","Sepang International Circuit","Kuala Lumpur","Malaysia",2.76083,101.738,"18"
2,11,4,835,983,23676,30,12,"15","15",15,0,55,"\N","\N","45","17","1:37.186","205.325",2017,15,"Malaysian Grand Prix",2017-10-01,"07:00:00","jolyon_palmer","30","PAL","Jolyon","Palmer",1991-01-20,"British","renault","Renault","French","+1 Lap","sepang","Sepang International Circuit","Kuala Lumpur","Malaysia",2.76083,101.738,"18"
2,1,3,13,901,22158,19,13,"7","7",7,6,56,"+1:25.076","6111050","44","6","1:44.897","190.232",2014,2,"Malaysian Grand Prix",2014-03-30,"08:00:00","massa","19","MAS","Felipe","Massa",1981-04-25,"Brazilian","williams","Williams","British","Finished","sepang","Sepang International Circuit","Kuala Lumpur","Malaysia",2.76083,101.738,"18"
2,1,1,1,842,20808,3,2,"8","8",8,4,56,"+1:09.957","5929789","54","5","1:41.512","196.575",2011,2,"Malaysian Grand Prix",2011-04-10,"08:00:00","hamilton","44","HAM","Lewis","Hamilton",1985-01-07,"British","mclaren","McLaren","British","Finished","sepang","Sepang International Circuit","Kuala Lumpur","Malaysia",2.76083,101.738,"18"
2,54,10,815,901,22173,11,14,"\N","W",22,0,0,"\N","\N","\N","0","\N","\N",2014,2,"Malaysian Grand Prix",2014-03-30,"08:00:00","perez","11","PER","Sergio","Pérez",1990-01-26,"Mexican","force_india","Force India","Indian","Withdrew","sepang","Sepang International Circuit","Kuala Lumpur","Malaysia",2.76083,101.738,"18"
2,1,208,8,881,21740,7,10,"7","7",7,6,56,"+48.479","5985160","37","13","1:41.769","196.079",2013,2,"Malaysian Grand Prix",2013-03-24,"08:00:00","raikkonen","7","RAI","Kimi","Räikkönen",1979-10-17,"Finnish","lotus_f1","Lotus F1","British","Finished","sepang","Sepang International Circuit","Kuala Lumpur","Malaysia",2.76083,101.738,"18"
2,1,6,13,861,21270,6,12,"15","15",15,0,56,"+1:37.319","9989131","56","13","1:42.051","195.537",2012,2,"Malaysian Grand Prix",2012-03-25,"08:00:00","massa","19","MAS","Felipe","Massa",1981-04-25,"Brazilian","ferrari","Ferrari","Italian","Finished","sepang","Sepang International Circuit","Kuala Lumpur","Malaysia",2.76083,101.738,"18"
2,11,209,836,963,23261,94,21,"15","15",15,0,55,"\N","\N","55","13","1:39.653","200.242",2016,16,"Malaysian Grand Prix",2016-10-02,"07:00:00","wehrlein","94","WEH","Pascal","Wehrlein",1994-10-18,"German","manor","Manor Marussia","British","+1 Lap","sepang","Sepang International Circuit","Kuala Lumpur","Malaysia",2.76083,101.738,"18"
2,6,15,821,901,22168,21,12,"\N","R",17,0,35,"\N","\N","27","16","1:47.782","185.140",2014,2,"Malaysian Grand Prix",2014-03-30,"08:00:00","gutierrez","21","GUT","Esteban","Gutiérrez",1991-08-05,"Mexican","sauber","Sauber","Swiss","Gearbox","sepang","Sepang International Circuit","Kuala Lumpur","Malaysia",2.76083,101.738,"18"
2,5,5,832,983,23680,55,14,"\N","R",19,0,29,"\N","\N","27","19","1:38.123","203.365",2017,15,"Malaysian Grand Prix",2017-10-01,"07:00:00","sainz","55","SAI","Carlos","Sainz",1994-09-01,"Spanish","toro_rosso","Toro Rosso","Italian","Engine","sepang","Sepang International Circuit","Kuala Lumpur","Malaysia",2.76083,101.738,"18"
2,61,210,821,963,23265,21,13,"\N","R",19,0,39,"\N","\N","37","19","1:41.775","196.067",2016,16,"Malaysian Grand Prix",2016-10-02,"07:00:00","gutierrez","21","GUT","Esteban","Gutiérrez",1991-08-05,"Mexican","haas","Haas F1 Team","American","Wheel nut","sepang","Sepang International Circuit","Kuala Lumpur","Malaysia",2.76083,101.738,"18"
2,1,9,17,881,21735,2,5,"2","2",2,18,56,"+4.298","5940979","45","6","1:40.685","198.190",2013,2,"Malaysian Grand Prix",2013-03-24,"08:00:00","webber","\N","WEB","Mark","Webber",1976-08-27,"Australian","red_bull","Red Bull","Austrian","Finished","sepang","Sepang International Circuit","Kuala Lumpur","Malaysia",2.76083,101.738,"18"
2,61,10,16,881,21753,15,8,"\N","R",20,0,27,"\N","\N","24","16","1:42.791","194.129",2013,2,"Malaysian Grand Prix",2013-03-24,"08:00:00","sutil","99","SUT","Adrian","Sutil",1983-01-11,"German","force_india","Force India","Indian","Wheel nut","sepang","Sepang International Circuit","Kuala Lumpur","Malaysia",2.76083,101.738,"18"
2,11,15,828,963,23258,9,17,"12","12",12,0,55,"\N","\N","55","14","1:39.781","199.985",2016,16,"Malaysian Grand Prix",2016-10-02,"07:00:00","ericsson","9","ERI","Marcus","Ericsson",1990-09-02,"Swedish","sauber","Sauber","Swiss","+1 Lap","sepang","Sepang International Circuit","Kuala Lumpur","Malaysia",2.76083,101.738,"18"
2,1,6,13,842,20805,6,7,"5","5",5,10,56,"+36.958","5896790","41","9","1:41.999","195.637",2011,2,"Malaysian Grand Prix",2011-04-10,"08:00:00","massa","19","MAS","Felipe","Massa",1981-04-25,"Brazilian","ferrari","Ferrari","Italian","Finished","sepang","Sepang International Circuit","Kuala Lumpur","Malaysia",2.76083,101.738,"18"
2,12,206,819,861,21275,25,21,"20","20",20,0,54,"\N","\N","50","21","1:44.813","190.384",2012,2,"Malaysian Grand Prix",2012-03-25,"08:00:00","pic","\N","PIC","Charles","Pic",1990-02-15,"French","marussia","Marussia","Russian","+2 Laps","sepang","Sepang International Circuit","Kuala Lumpur","Malaysia",2.76083,101.738,"18"
2,1,5,817,861,21267,16,15,"12","12",12,0,56,"+1:16.828","9968640","54","8","1:41.756","196.104",2012,2,"Malaysian Grand Prix",2012-03-25,"08:00:00","ricciardo","3","RIC","Daniel","Ricciardo",1989-07-01,"Australian","toro_rosso","Toro Rosso","Italian","Finished","sepang","Sepang International Circuit","Kuala Lumpur","Malaysia",2.76083,101.738,"18"
2,11,4,807,983,23677,27,8,"16","16",16,0,55,"\N","\N","52","2","1:34.266","211.686",2017,15,"Malaysian Grand Prix",2017-10-01,"07:00:00","hulkenberg","27","HUL","Nico","Hülkenberg",1987-08-19,"German","renault","Renault","French","+1 Lap","sepang","Sepang International Circuit","Kuala Lumpur","Malaysia",2.76083,101.738,"18"
2,11,15,821,881,21745,12,14,"12","12",12,0,55,"\N","\N","54","9","1:40.929","197.711",2013,2,"Malaysian Grand Prix",2013-03-24,"08:00:00","gutierrez","21","GUT","Esteban","Gutiérrez",1991-08-05,"Mexican","sauber","Sauber","Swiss","+1 Lap","sepang","Sepang International Circuit","Kuala Lumpur","Malaysia",2.76083,101.738,"18"
2,12,164,37,861,21277,22,22,"22","22",22,0,54,"\N","\N","54","23","1:46.244","187.820",2012,2,"Malaysian Grand Prix",2012-03-25,"08:00:00","rosa","\N","DLR","Pedro","de la Rosa",1971-02-24,"Spanish","hrt","HRT","Spanish","+2 Laps","sepang","Sepang International Circuit","Kuala Lumpur","Malaysia",2.76083,101.738,"18"
2,8,205,15,842,20820,21,20,"\N","R",20,0,31,"\N","\N","23","18","1:45.280","189.540",2011,2,"Malaysian Grand Prix",2011-04-10,"08:00:00","trulli","\N","TRU","Jarno","Trulli",1974-07-13,"Italian","lotus_racing","Lotus","Malaysian","Clutch","sepang","Sepang International Circuit","Kuala Lumpur","Malaysia",2.76083,101.738,"18"
2,132,1,4,927,22573,14,18,"\N","R",18,0,21,"\N","\N","17","17","1:48.460","183.983",2015,2,"Malaysian Grand Prix",2015-03-29,"07:00:00","alonso","14","ALO","Fernando","Alonso",1981-07-29,"Spanish","mclaren","McLaren","British","ERS","sepang","Sepang International Circuit","Kuala Lumpur","Malaysia",2.76083,101.738,"18"
2,1,131,3,927,22558,6,3,"3","3",3,15,56,"+12.310","6078103","43","1","1:42.062","195.516",2015,2,"Malaysian Grand Prix",2015-03-29,"07:00:00","rosberg","6","ROS","Nico","Rosberg",1985-06-27,"German","mercedes","Mercedes","German","Finished","sepang","Sepang International Circuit","Kuala Lumpur","Malaysia",2.76083,101.738,"18"
2,75,4,825,963,23266,20,14,"\N","R",20,0,17,"\N","\N","3","21","1:43.379","193.025",2016,16,"Malaysian Grand Prix",2016-10-02,"07:00:00","kevin_magnussen","20","MAG","Kevin","Magnussen",1992-10-05,"Danish","renault","Renault","French","Power loss","sepang","Sepang International Circuit","Kuala Lumpur","Malaysia",2.76083,101.738,"18"
2,61,10,814,881,21754,14,15,"\N","R",21,0,22,"\N","\N","19","18","1:43.094","193.559",2013,2,"Malaysian Grand Prix",2013-03-24,"08:00:00","resta","\N","DIR","Paul","di Resta",1986-04-16,"British","force_india","Force India","Indian","Wheel nut","sepang","Sepang International Circuit","Kuala Lumpur","Malaysia",2.76083,101.738,"18"
2,1,10,815,963,23252,11,7,"6","6",6,8,56,"+1:03.794","5896570","51","11","1:39.328","200.898",2016,16,"Malaysian Grand Prix",2016-10-02,"07:00:00","perez","11","PER","Sergio","Pérez",1990-01-26,"Mexican","force_india","Force India","Indian","Finished","sepang","Sepang International Circuit","Kuala Lumpur","Malaysia",2.76083,101.738,"18"
2,1,9,20,881,21734,1,1,"1","1",1,25,56,"1:38:56.681","5936681","45","3","1:40.446","198.661",2013,2,"Malaysian Grand Prix",2013-03-24,"08:00:00","vettel","5","VET","Sebastian","Vettel",1987-07-03,"German","red_bull","Red Bull","Austrian","Finished","sepang","Sepang International Circuit","Kuala Lumpur","Malaysia",2.76083,101.738,"18"
2,11,210,825,983,23673,20,17,"12","12",12,0,55,"\N","\N","46","18","1:37.192","205.313",2017,15,"Malaysian Grand Prix",2017-10-01,"07:00:00","kevin_magnussen","20","MAG","Kevin","Magnussen",1992-10-05,"Danish","haas","Haas F1 Team","American","+1 Lap","sepang","Sepang International Circuit","Kuala Lumpur","Malaysia",2.76083,101.738,"18"
2,12,207,828,901,22165,9,22,"14","14",14,0,54,"\N","\N","40","14","1:47.500","185.626",2014,2,"Malaysian Grand Prix",2014-03-30,"08:00:00","ericsson","9","ERI","Marcus","Ericsson",1990-09-02,"Swedish","caterham","Caterham","Malaysian","+2 Laps","sepang","Sepang International Circuit","Kuala Lumpur","Malaysia",2.76083,101.738,"18"
2,5,208,813,901,22172,13,16,"\N","R",21,0,7,"\N","\N","6","20","1:50.929","179.888",2014,2,"Malaysian Grand Prix",2014-03-30,"08:00:00","maldonado","13","MAL","Pastor","Maldonado",1985-03-09,"Venezuelan","lotus_f1","Lotus F1","British","Engine","sepang","Sepang International Circuit","Kuala Lumpur","Malaysia",2.76083,101.738,"18"
2,4,6,4,881,21755,3,3,"\N","R",22,0,1,"\N","\N","\N","0","\N","\N",2013,2,"Malaysian Grand Prix",2013-03-24,"08:00:00","alonso","14","ALO","Fernando","Alonso",1981-07-29,"Spanish","ferrari","Ferrari","Italian","Collision","sepang","Sepang International Circuit","Kuala Lumpur","Malaysia",2.76083,101.738,"18"
2,1,131,1,881,21736,10,4,"3","3",3,15,56,"+12.181","5948862","32","10","1:41.001","197.570",2013,2,"Malaysian Grand Prix",2013-03-24,"08:00:00","hamilton","44","HAM","Lewis","Hamilton",1985-01-07,"British","mercedes","Mercedes","German","Finished","sepang","Sepang International Circuit","Kuala Lumpur","Malaysia",2.76083,101.738,"18"
2,1,131,822,983,23666,77,5,"5","5",5,10,56,"+56.021","5457311","44","6","1:35.284","209.424",2017,15,"Malaysian Grand Prix",2017-10-01,"07:00:00","bottas","77","BOT","Valtteri","Bottas",1989-08-28,"Finnish","mercedes","Mercedes","German","Finished","sepang","Sepang International Circuit","Kuala Lumpur","Malaysia",2.76083,101.738,"18"
2,1,208,154,881,21739,8,11,"6","6",6,8,56,"+35.564","5972245","37","11","1:41.226","197.131",2013,2,"Malaysian Grand Prix",2013-03-24,"08:00:00","grosjean","8","GRO","Romain","Grosjean",1986-04-17,"French","lotus_f1","Lotus F1","British","Finished","sepang","Sepang International Circuit","Kuala Lumpur","Malaysia",2.76083,101.738,"18"
2,1,3,811,861,21261,19,13,"6","6",6,8,56,"+37.667","9929479","55","5","1:41.404","196.785",2012,2,"Malaysian Grand Prix",2012-03-25,"08:00:00","bruno_senna","\N","SEN","Bruno","Senna",1983-10-15,"Brazilian","williams","Williams","British","Finished","sepang","Sepang International Circuit","Kuala Lumpur","Malaysia",2.76083,101.738,"18"
2,11,10,839,983,23671,31,6,"10","10",10,1,55,"\N","\N","36","15","1:37.075","205.560",2017,15,"Malaysian Grand Prix",2017-10-01,"07:00:00","ocon","31","OCO","Esteban","Ocon",1996-09-17,"French","force_india","Force India","Indian","+1 Lap","sepang","Sepang International Circuit","Kuala Lumpur","Malaysia",2.76083,101.738,"18"
2,1,9,20,861,21266,1,5,"11","11",11,0,56,"+1:15.527","9967339","50","4","1:41.342","196.905",2012,2,"Malaysian Grand Prix",2012-03-25,"08:00:00","vettel","5","VET","Sebastian","Vettel",1987-07-03,"German","red_bull","Red Bull","Austrian","Finished","sepang","Sepang International Circuit","Kuala Lumpur","Malaysia",2.76083,101.738,"18"
2,1,3,822,901,22159,77,18,"8","8",8,4,56,"+1:25.537","6111511","31","9","1:45.475","189.189",2014,2,"Malaysian Grand Prix",2014-03-30,"08:00:00","bottas","77","BOT","Valtteri","Bottas",1989-08-28,"Finnish","williams","Williams","British","Finished","sepang","Sepang International Circuit","Kuala Lumpur","Malaysia",2.76083,101.738,"18"
2,6,3,22,842,20822,11,15,"\N","R",22,0,22,"\N","\N","10","21","1:45.516","189.116",2011,2,"Malaysian Grand Prix",2011-04-10,"08:00:00","barrichello","\N","BAR","Rubens","Barrichello",1972-05-23,"Brazilian","williams","Williams","British","Gearbox","sepang","Sepang International Circuit","Kuala Lumpur","Malaysia",2.76083,101.738,"18"
2,11,5,153,842,20814,19,13,"14","14",14,0,55,"\N","\N","37","17","1:43.744","192.346",2011,2,"Malaysian Grand Prix",2011-04-10,"08:00:00","alguersuari","\N","ALG","Jaime","Alguersuari",1990-03-23,"Spanish","toro_rosso","Toro Rosso","Italian","+1 Lap","sepang","Sepang International Circuit","Kuala Lumpur","Malaysia",2.76083,101.738,"18"
2,11,15,831,927,22567,12,16,"12","12",12,0,55,"\N","\N","45","4","1:43.902","192.054",2015,2,"Malaysian Grand Prix",2015-03-29,"07:00:00","nasr","12","NAS","Felipe","Nasr",1992-08-21,"Brazilian","sauber","Sauber","Swiss","+1 Lap","sepang","Sepang International Circuit","Kuala Lumpur","Malaysia",2.76083,101.738,"18"
2,4,208,154,861,21279,10,6,"\N","R",24,0,3,"\N","\N","2","24","2:08.464","155.333",2012,2,"Malaysian Grand Prix",2012-03-25,"08:00:00","grosjean","8","GRO","Romain","Grosjean",1986-04-17,"French","lotus_f1","Lotus F1","British","Collision","sepang","Sepang International Circuit","Kuala Lumpur","Malaysia",2.76083,101.738,"18"
2,11,5,832,927,22563,55,15,"8","8",8,4,55,"\N","\N","37","15","1:45.507","189.132",2015,2,"Malaysian Grand Prix",2015-03-29,"07:00:00","sainz","55","SAI","Carlos","Sainz",1994-09-01,"Spanish","toro_rosso","Toro Rosso","Italian","+1 Lap","sepang","Sepang International Circuit","Kuala Lumpur","Malaysia",2.76083,101.738,"18"
2,1,10,807,861,21264,12,16,"9","9",9,2,56,"+47.892","9939704","51","15","1:42.173","195.304",2012,2,"Malaysian Grand Prix",2012-03-25,"08:00:00","hulkenberg","27","HUL","Nico","Hülkenberg",1987-08-19,"German","force_india","Force India","Indian","Finished","sepang","Sepang International Circuit","Kuala Lumpur","Malaysia",2.76083,101.738,"18"
2,1,5,818,881,21743,18,17,"10","10",10,1,56,"+1:27.124","6023805","45","4","1:40.492","198.571",2013,2,"Malaysian Grand Prix",2013-03-24,"08:00:00","vergne","25","VER","Jean-Éric","Vergne",1990-04-25,"French","toro_rosso","Toro Rosso","Italian","Finished","sepang","Sepang International Circuit","Kuala Lumpur","Malaysia",2.76083,101.738,"18"
2,12,206,820,881,21749,23,21,"16","16",16,0,54,"\N","\N","44","19","1:43.150","193.454",2013,2,"Malaysian Grand Prix",2013-03-24,"08:00:00","chilton","4","CHI","Max","Chilton",1991-04-21,"British","marussia","Marussia","Russian","+2 Laps","sepang","Sepang International Circuit","Kuala Lumpur","Malaysia",2.76083,101.738,"18"
2,1,6,20,927,22556,5,2,"1","1",1,25,56,"1:41:05.793","6065793","46","3","1:43.648","193.501",2015,2,"Malaysian Grand Prix",2015-03-29,"07:00:00","vettel","5","VET","Sebastian","Vettel",1987-07-03,"German","ferrari","Ferrari","Italian","Finished","sepang","Sepang International Circuit","Kuala Lumpur","Malaysia",2.76083,101.738,"18"
2,1,9,817,983,23664,3,4,"3","3",3,15,56,"+22.519","5423809","55","5","1:34.770","210.560",2017,15,"Malaysian Grand Prix",2017-10-01,"07:00:00","ricciardo","3","RIC","Daniel","Ricciardo",1989-07-01,"Australian","red_bull","Red Bull","Austrian","Finished","sepang","Sepang International Circuit","Kuala Lumpur","Malaysia",2.76083,101.738,"18"
2,1,15,807,881,21741,11,12,"8","8",8,4,56,"+53.044","5989725","46","7","1:40.727","198.107",2013,2,"Malaysian Grand Prix",2013-03-24,"08:00:00","hulkenberg","27","HUL","Nico","Hülkenberg",1987-08-19,"German","sauber","Sauber","Swiss","Finished","sepang","Sepang International Circuit","Kuala Lumpur","Malaysia",2.76083,101.738,"18"
2,4,6,20,963,23268,5,5,"\N","R",22,0,0,"\N","\N","\N","0","\N","\N",2016,16,"Malaysian Grand Prix",2016-10-02,"07:00:00","vettel","5","VET","Sebastian","Vettel",1987-07-03,"German","ferrari","Ferrari","Italian","Collision","sepang","Sepang International Circuit","Kuala Lumpur","Malaysia",2.76083,101.738,"18"
2,1,6,4,842,20806,5,5,"6","6",6,8,56,"+37.248","5897080","49","2","1:40.717","198.127",2011,2,"Malaysian Grand Prix",2011-04-10,"08:00:00","alonso","14","ALO","Fernando","Alonso",1981-07-29,"Spanish","ferrari","Ferrari","Italian","Finished","sepang","Sepang International Circuit","Kuala Lumpur","Malaysia",2.76083,101.738,"18"
2,1,1,1,861,21258,4,1,"3","3",3,15,56,"+14.591","9906403","50","6","1:41.539","196.523",2012,2,"Malaysian Grand Prix",2012-03-25,"08:00:00","hamilton","44","HAM","Lewis","Hamilton",1985-01-07,"British","mclaren","McLaren","British","Finished","sepang","Sepang International Circuit","Kuala Lumpur","Malaysia",2.76083,101.738,"18"
2,1,131,1,927,22557,44,1,"2","2",2,18,56,"+8.569","6074362","45","2","1:43.125","193.501",2015,2,"Malaysian Grand Prix",2015-03-29,"07:00:00","hamilton","44","HAM","Lewis","Hamilton",1985-01-07,"British","mercedes","Mercedes","German","Finished","sepang","Sepang International Circuit","Kuala Lumpur","Malaysia",2.76083,101.738,"18"
2,11,15,836,983,23678,94,18,"17","17",17,0,55,"\N","\N","53","10","1:36.395","207.010",2017,15,"Malaysian Grand Prix",2017-10-01,"07:00:00","wehrlein","94","WEH","Pascal","Wehrlein",1994-10-18,"German","sauber","Sauber","Swiss","+1 Lap","sepang","Sepang International Circuit","Kuala Lumpur","Malaysia",2.76083,101.738,"18"
2,1,6,20,983,23665,5,20,"4","4",4,12,56,"+37.362","5438652","41","1","1:34.080","212.104",2017,15,"Malaysian Grand Prix",2017-10-01,"07:00:00","vettel","5","VET","Sebastian","Vettel",1987-07-03,"German","ferrari","Ferrari","Italian","Finished","sepang","Sepang International Circuit","Kuala Lumpur","Malaysia",2.76083,101.738,"18"
2,1,1,4,963,23253,14,22,"7","7",7,6,56,"+1:05.205","5897981","44","6","1:38.291","203.017",2016,16,"Malaysian Grand Prix",2016-10-02,"07:00:00","alonso","14","ALO","Fernando","Alonso",1981-07-29,"Spanish","mclaren","McLaren","British","Finished","sepang","Sepang International Circuit","Kuala Lumpur","Malaysia",2.76083,101.738,"18"
2,1,10,814,861,21262,11,14,"7","7",7,6,56,"+44.412","9936224","55","10","1:41.819","195.983",2012,2,"Malaysian Grand Prix",2012-03-25,"08:00:00","resta","\N","DIR","Paul","di Resta",1986-04-16,"British","force_india","Force India","Indian","Finished","sepang","Sepang International Circuit","Kuala Lumpur","Malaysia",2.76083,101.738,"18"
2,23,210,154,963,23267,8,12,"\N","R",21,0,7,"\N","\N","7","20","1:42.142","195.363",2016,16,"Malaysian Grand Prix",2016-10-02,"07:00:00","grosjean","8","GRO","Romain","Grosjean",1986-04-17,"French","haas","Haas F1 Team","American","Brakes","sepang","Sepang International Circuit","Kuala Lumpur","Malaysia",2.76083,101.738,"18"
2,1,6,13,881,21738,4,2,"5","5",5,10,56,"+25.648","5962329","50","2","1:39.805","199.937",2013,2,"Malaysian Grand Prix",2013-03-24,"08:00:00","massa","19","MAS","Felipe","Massa",1981-04-25,"Brazilian","ferrari","Ferrari","Italian","Finished","sepang","Sepang International Circuit","Kuala Lumpur","Malaysia",2.76083,101.738,"18"
2,11,206,10,861,21272,24,20,"17","17",17,0,55,"\N","\N","50","20","1:44.757","190.486",2012,2,"Malaysian Grand Prix",2012-03-25,"08:00:00","glock","\N","GLO","Timo","Glock",1982-03-18,"German","marussia","Marussia","Russian","+1 Lap","sepang","Sepang International Circuit","Kuala Lumpur","Malaysia",2.76083,101.738,"18"
2,1,9,20,842,20801,1,1,"1","1",1,25,56,"1:37:39.832","5859832","33","6","1:41.539","196.523",2011,2,"Malaysian Grand Prix",2011-04-10,"08:00:00","vettel","5","VET","Sebastian","Vettel",1987-07-03,"German","red_bull","Red Bull","Austrian","Finished","sepang","Sepang International Circuit","Kuala Lumpur","Malaysia",2.76083,101.738,"18"
2,39,9,817,901,22167,3,5,"\N","R",16,0,49,"\N","\N","48","5","1:44.675","190.635",2014,2,"Malaysian Grand Prix",2014-03-30,"08:00:00","ricciardo","3","RIC","Daniel","Ricciardo",1989-07-01,"Australian","red_bull","Red Bull","Austrian","Technical","sepang","Sepang International Circuit","Kuala Lumpur","Malaysia",2.76083,101.738,"18"
2,11,3,13,963,23259,19,10,"13","13",13,0,55,"\N","\N","53","16","1:39.920","199.707",2016,16,"Malaysian Grand Prix",2016-10-02,"07:00:00","massa","19","MAS","Felipe","Massa",1981-04-25,"Brazilian","williams","Williams","British","+1 Lap","sepang","Sepang International Circuit","Kuala Lumpur","Malaysia",2.76083,101.738,"18"
2,1,3,13,927,22561,19,7,"6","6",6,8,56,"+1:13.586","6139379","40","5","1:43.990","191.891",2015,2,"Malaysian Grand Prix",2015-03-29,"07:00:00","massa","19","MAS","Felipe","Massa",1981-04-25,"Brazilian","williams","Williams","British","Finished","sepang","Sepang International Circuit","Kuala Lumpur","Malaysia",2.76083,101.738,"18"
2,20,15,828,927,22574,9,9,"\N","R",19,0,3,"\N","\N","3","18","1:48.760","183.475",2015,2,"Malaysian Grand Prix",2015-03-29,"07:00:00","ericsson","9","ERI","Marcus","Ericsson",1990-09-02,"Swedish","sauber","Sauber","Swiss","Spun off","sepang","Sepang International Circuit","Kuala Lumpur","Malaysia",2.76083,101.738,"18"
2,1,1,815,881,21742,6,9,"9","9",9,2,56,"+1:12.357","6009038","56","1","1:39.199","201.159",2013,2,"Malaysian Grand Prix",2013-03-24,"08:00:00","perez","11","PER","Sergio","Pérez",1990-01-26,"Mexican","mclaren","McLaren","British","Finished","sepang","Sepang International Circuit","Kuala Lumpur","Malaysia",2.76083,101.738,"18"
2,12,166,10,842,20816,24,21,"16","16",16,0,54,"\N","\N","50","20","1:45.357","189.401",2011,2,"Malaysian Grand Prix",2011-04-10,"08:00:00","glock","\N","GLO","Timo","Glock",1982-03-18,"German","virgin","Virgin","British","+2 Laps","sepang","Sepang International Circuit","Kuala Lumpur","Malaysia",2.76083,101.738,"18"
2,11,5,67,842,20813,18,12,"13","13",13,0,55,"\N","\N","36","12","1:42.659","194.379",2011,2,"Malaysian Grand Prix",2011-04-10,"08:00:00","buemi","\N","BUE","Sébastien","Buemi",1988-10-31,"Swiss","toro_rosso","Toro Rosso","Italian","+1 Lap","sepang","Sepang International Circuit","Kuala Lumpur","Malaysia",2.76083,101.738,"18"
2,54,1,18,881,21750,5,7,"17","17",17,0,53,"\N","\N","43","5","1:40.556","198.444",2013,2,"Malaysian Grand Prix",2013-03-24,"08:00:00","button","22","BUT","Jenson","Button",1980-01-19,"British","mclaren","McLaren","British","Withdrew","sepang","Sepang International Circuit","Kuala Lumpur","Malaysia",2.76083,101.738,"18"
2,1,9,830,963,23248,33,3,"2","2",2,18,56,"+2.443","5835219","44","2","1:37.376","204.925",2016,16,"Malaysian Grand Prix",2016-10-02,"07:00:00","max_verstappen","33","VER","Max","Verstappen",1997-09-30,"Dutch","red_bull","Red Bull","Austrian","Finished","sepang","Sepang International Circuit","Kuala Lumpur","Malaysia",2.76083,101.738,"18"
2,1,131,1,983,23663,44,1,"2","2",2,18,56,"+12.770","5414060","48","3","1:34.452","211.269",2017,15,"Malaysian Grand Prix",2017-10-01,"07:00:00","hamilton","44","HAM","Lewis","Hamilton",1985-01-07,"British","mercedes","Mercedes","German","Finished","sepang","Sepang International Circuit","Kuala Lumpur","Malaysia",2.76083,101.738,"18"
2,1,5,818,861,21263,17,18,"8","8",8,4,56,"+46.985","9938797","55","12","1:41.922","195.785",2012,2,"Malaysian Grand Prix",2012-03-25,"08:00:00","vergne","25","VER","Jean-Éric","Vergne",1990-04-25,"French","toro_rosso","Toro Rosso","Italian","Finished","sepang","Sepang International Circuit","Kuala Lumpur","Malaysia",2.76083,101.738,"18"
2,3,166,816,842,20819,25,22,"\N","R",19,0,42,"\N","\N","41","19","1:45.346","189.421",2011,2,"Malaysian Grand Prix",2011-04-10,"08:00:00","ambrosio","\N","DAM","Jérôme","d'Ambrosio",1985-12-27,"Belgian","virgin","Virgin","British","Accident","sepang","Sepang International Circuit","Kuala Lumpur","Malaysia",2.76083,101.738,"18"
2,11,5,826,901,22161,26,11,"10","10",10,1,55,"\N","\N","36","13","1:46.695","187.026",2014,2,"Malaysian Grand Prix",2014-03-30,"08:00:00","kvyat","26","KVY","Daniil","Kvyat",1994-04-26,"Russian","toro_rosso","Toro Rosso","Italian","+1 Lap","sepang","Sepang International Circuit","Kuala Lumpur","Malaysia",2.76083,101.738,"18"
2,11,5,842,983,23675,10,15,"14","14",14,0,55,"\N","\N","45","16","1:37.170","205.359",2017,15,"Malaysian Grand Prix",2017-10-01,"07:00:00","gasly","10","GAS","Pierre","Gasly",1996-02-07,"French","toro_rosso","Toro Rosso","Italian","+1 Lap","sepang","Sepang International Circuit","Kuala Lumpur","Malaysia",2.76083,101.738,"18"
2,11,207,823,881,21748,21,22,"15","15",15,0,55,"\N","\N","44","20","1:43.157","193.441",2013,2,"Malaysian Grand Prix",2013-03-24,"08:00:00","garde","\N","VDG","Giedo","van der Garde",1985-04-25,"Dutch","caterham","Caterham","Malaysian","+1 Lap","sepang","Sepang International Circuit","Kuala Lumpur","Malaysia",2.76083,101.738,"18"
2,11,207,808,861,21271,21,19,"16","16",16,0,55,"\N","\N","52","17","1:43.513","192.775",2012,2,"Malaysian Grand Prix",2012-03-25,"08:00:00","petrov","\N","PET","Vitaly","Petrov",1984-09-08,"Russian","caterham","Caterham","Malaysian","+1 Lap","sepang","Sepang International Circuit","Kuala Lumpur","Malaysia",2.76083,101.738,"18"
2,5,131,1,963,23264,44,1,"\N","R",18,0,40,"\N","\N","31","7","1:38.595","202.391",2016,16,"Malaysian Grand Prix",2016-10-02,"07:00:00","hamilton","44","HAM","Lewis","Hamilton",1985-01-07,"British","mercedes","Mercedes","German","Engine","sepang","Sepang International Circuit","Kuala Lumpur","Malaysia",2.76083,101.738,"18"
2,13,209,833,927,22570,98,19,"15","15",15,0,53,"\N","\N","44","19","1:49.040","183.004",2015,2,"Malaysian Grand Prix",2015-03-29,"07:00:00","merhi","98","MER","Roberto","Merhi",1991-03-22,"Spanish","manor","Manor Marussia","British","+3 Laps","sepang","Sepang International Circuit","Kuala Lumpur","Malaysia",2.76083,101.738,"18"
2,11,206,824,881,21746,22,19,"13","13",13,0,55,"\N","\N","47","14","1:42.423","194.827",2013,2,"Malaysian Grand Prix",2013-03-24,"08:00:00","jules_bianchi","17","BIA","Jules","Bianchi",1989-08-03,"French","marussia","Marussia","Russian","+1 Lap","sepang","Sepang International Circuit","Kuala Lumpur","Malaysia",2.76083,101.738,"18"
2,12,164,39,861,21276,23,23,"21","21",21,0,54,"\N","\N","52","22","1:45.909","188.414",2012,2,"Malaysian Grand Prix",2012-03-25,"08:00:00","karthikeyan","\N","KAR","Narain","Karthikeyan",1977-01-14,"Indian","hrt","HRT","Spanish","+2 Laps","sepang","Sepang International Circuit","Kuala Lumpur","Malaysia",2.76083,101.738,"18"
2,1,10,807,901,22156,27,7,"5","5",5,10,56,"+47.199","6073173","38","10","1:45.982","188.284",2014,2,"Malaysian Grand Prix",2014-03-30,"08:00:00","hulkenberg","27","HUL","Nico","Hülkenberg",1987-08-19,"German","force_india","Force India","Indian","Finished","sepang","Sepang International Circuit","Kuala Lumpur","Malaysia",2.76083,101.738,"18"
2,1,131,3,861,21268,8,7,"13","13",13,0,56,"+1:18.593","9970405","51","11","1:41.863","195.898",2012,2,"Malaysian Grand Prix",2012-03-25,"08:00:00","rosberg","6","ROS","Nico","Rosberg",1985-06-27,"German","mercedes","Mercedes","German","Finished","sepang","Sepang International Circuit","Kuala Lumpur","Malaysia",2.76083,101.738,"18"
2,11,1,4,983,23672,14,10,"11","11",11,0,55,"\N","\N","11","11","1:36.501","206.783",2017,15,"Malaysian Grand Prix",2017-10-01,"07:00:00","alonso","14","ALO","Fernando","Alonso",1981-07-29,"Spanish","mclaren","McLaren","British","+1 Lap","sepang","Sepang International Circuit","Kuala Lumpur","Malaysia",2.76083,101.738,"18"
2,1,4,835,963,23256,30,19,"10","10",10,1,56,"+1:35.466","5928242","53","12","1:39.350","200.853",2016,16,"Malaysian Grand Prix",2016-10-02,"07:00:00","jolyon_palmer","30","PAL","Jolyon","Palmer",1991-01-20,"British","renault","Renault","French","Finished","sepang","Sepang International Circuit","Kuala Lumpur","Malaysia",2.76083,101.738,"18"
2,1,5,832,963,23257,55,16,"11","11",11,0,56,"+1:38.878","5931654","44","10","1:39.243","201.070",2016,16,"Malaysian Grand Prix",2016-10-02,"07:00:00","sainz","55","SAI","Carlos","Sainz",1994-09-01,"Spanish","toro_rosso","Toro Rosso","Italian","Finished","sepang","Sepang International Circuit","Kuala Lumpur","Malaysia",2.76083,101.738,"18"
2,1,9,17,861,21259,2,4,"4","4",4,12,56,"+17.688","9909500","52","2","1:41.017","197.539",2012,2,"Malaysian Grand Prix",2012-03-25,"08:00:00","webber","\N","WEB","Mark","Webber",1976-08-27,"Australian","red_bull","Red Bull","Austrian","Finished","sepang","Sepang International Circuit","Kuala Lumpur","Malaysia",2.76083,101.738,"18"
2,31,15,155,861,21278,14,17,"\N","R",23,0,46,"\N","\N","44","19","1:44.202","191.501",2012,2,"Malaysian Grand Prix",2012-03-25,"08:00:00","kobayashi","10","KOB","Kamui","Kobayashi",1986-09-13,"Japanese","sauber","Sauber","Swiss","Retired","sepang","Sepang International Circuit","Kuala Lumpur","Malaysia",2.76083,101.738,"18"
2,10,15,16,901,22169,99,17,"\N","R",18,0,32,"\N","\N","27","17","1:48.040","184.698",2014,2,"Malaysian Grand Prix",2014-03-30,"08:00:00","sutil","99","SUT","Adrian","Sutil",1983-01-11,"German","sauber","Sauber","Swiss","Electrical","sepang","Sepang International Circuit","Kuala Lumpur","Malaysia",2.76083,101.738,"18"
2,1,1,18,861,21269,3,2,"14","14",14,0,56,"+1:19.719","9971531","50","14","1:42.100","195.443",2012,2,"Malaysian Grand Prix",2012-03-25,"08:00:00","button","22","BUT","Jenson","Button",1980-01-19,"British","mclaren","McLaren","British","Finished","sepang","Sepang International Circuit","Kuala Lumpur","Malaysia",2.76083,101.738,"18"
2,11,208,154,927,22566,8,10,"11","11",11,0,55,"\N","\N","36","10","1:44.812","190.386",2015,2,"Malaysian Grand Prix",2015-03-29,"07:00:00","grosjean","8","GRO","Romain","Grosjean",1986-04-17,"French","lotus_f1","Lotus F1","British","+1 Lap","sepang","Sepang International Circuit","Kuala Lumpur","Malaysia",2.76083,101.738,"18"
2,11,6,8,901,22163,7,6,"12","12",12,0,55,"\N","\N","36","7","1:45.129","189.812",2014,2,"Malaysian Grand Prix",2014-03-30,"08:00:00","raikkonen","7","RAI","Kimi","Räikkönen",1979-10-17,"Finnish","ferrari","Ferrari","Italian","+1 Lap","sepang","Sepang International Circuit","Kuala Lumpur","Malaysia",2.76083,101.738,"18"
2,131,5,818,901,22170,25,9,"\N","R",19,0,18,"\N","\N","4","19","1:48.527","183.869",2014,2,"Malaysian Grand Prix",2014-03-30,"08:00:00","vergne","25","VER","Jean-Éric","Vergne",1990-04-25,"French","toro_rosso","Toro Rosso","Italian","Power Unit","sepang","Sepang International Circuit","Kuala Lumpur","Malaysia",2.76083,101.738,"18"
2,1,9,817,963,23247,3,4,"1","1",1,25,56,"1:37:12.776","5832776","44","3","1:37.449","204.771",2016,16,"Malaysian Grand Prix",2016-10-02,"07:00:00","ricciardo","3","RIC","Daniel","Ricciardo",1989-07-01,"Australian","red_bull","Red Bull","Austrian","Finished","sepang","Sepang International Circuit","Kuala Lumpur","Malaysia",2.76083,101.738,"18"
2,88,164,24,842,20818,23,23,"\N","R",18,0,46,"\N","\N","42","23","1:46.521","187.332",2011,2,"Malaysian Grand Prix",2011-04-10,"08:00:00","liuzzi","\N","LIU","Vitantonio","Liuzzi",1980-08-06,"Italian","hrt","HRT","Spanish","+10 Laps","sepang","Sepang International Circuit","Kuala Lumpur","Malaysia",2.76083,101.738,"18"
2,1,9,17,842,20804,2,3,"4","4",4,12,56,"+26.384","5886216","46","1","1:40.571","198.415",2011,2,"Malaysian Grand Prix",2011-04-10,"08:00:00","webber","\N","WEB","Mark","Webber",1976-08-27,"Australian","red_bull","Red Bull","Austrian","Finished","sepang","Sepang International Circuit","Kuala Lumpur","Malaysia",2.76083,101.738,"18"
2,11,3,13,983,23670,19,11,"9","9",9,2,55,"\N","\N","44","14","1:36.944","205.838",2017,15,"Malaysian Grand Prix",2017-10-01,"07:00:00","massa","19","MAS","Felipe","Massa",1981-04-25,"Brazilian","williams","Williams","British","+1 Lap","sepang","Sepang International Circuit","Kuala Lumpur","Malaysia",2.76083,101.738,"18"
2,11,207,5,861,21273,20,24,"18","18",18,0,55,"\N","\N","54","18","1:43.803","192.237",2012,2,"Malaysian Grand Prix",2012-03-25,"08:00:00","kovalainen","\N","KOV","Heikki","Kovalainen",1981-10-19,"Finnish","caterham","Caterham","Malaysian","+1 Lap","sepang","Sepang International Circuit","Kuala Lumpur","Malaysia",2.76083,101.738,"18"
2,1,6,4,901,22155,14,4,"4","4",4,12,56,"+35.992","6061966","47","3","1:44.165","191.569",2014,2,"Malaysian Grand Prix",2014-03-30,"08:00:00","alonso","14","ALO","Fernando","Alonso",1981-07-29,"Spanish","ferrari","Ferrari","Italian","Finished","sepang","Sepang International Circuit","Kuala Lumpur","Malaysia",2.76083,101.738,"18"
2,1,131,1,901,22152,44,1,"1","1",1,25,56,"1:40:25.974","6025974","53","1","1:43.066","193.611",2014,2,"Malaysian Grand Prix",2014-03-30,"08:00:00","hamilton","44","HAM","Lewis","Hamilton",1985-01-07,"British","mercedes","Mercedes","German","Finished","sepang","Sepang International Circuit","Kuala Lumpur","Malaysia",2.76083,101.738,"18"
2,11,207,819,881,21747,20,20,"14","14",14,0,55,"\N","\N","51","17","1:42.942","193.845",2013,2,"Malaysian Grand Prix",2013-03-24,"08:00:00","pic","\N","PIC","Charles","Pic",1990-02-15,"French","caterham","Caterham","Malaysian","+1 Lap","sepang","Sepang International Circuit","Kuala Lumpur","Malaysia",2.76083,101.738,"18"
2,1,15,815,861,21257,15,9,"2","2",2,18,56,"+2.263","9894075","54","3","1:41.021","197.531",2012,2,"Malaysian Grand Prix",2012-03-25,"08:00:00","perez","11","PER","Sergio","Pérez",1990-01-26,"Mexican","sauber","Sauber","Swiss","Finished","sepang","Sepang International Circuit","Kuala Lumpur","Malaysia",2.76083,101.738,"18"
2,1,6,4,861,21256,5,8,"1","1",1,25,56,"2:44:51.812","9891812","53","7","1:41.680","196.250",2012,2,"Malaysian Grand Prix",2012-03-25,"08:00:00","alonso","14","ALO","Fernando","Alonso",1981-07-29,"Spanish","ferrari","Ferrari","Italian","Finished","sepang","Sepang International Circuit","Kuala Lumpur","Malaysia",2.76083,101.738,"18"
2,11,1,838,983,23668,2,7,"7","7",7,6,55,"\N","\N","49","9","1:35.931","208.012",2017,15,"Malaysian Grand Prix",2017-10-01,"07:00:00","vandoorne","2","VAN","Stoffel","Vandoorne",1992-03-26,"Belgian","mclaren","McLaren","British","+1 Lap","sepang","Sepang International Circuit","Kuala Lumpur","Malaysia",2.76083,101.738,"18"
2,31,208,813,927,22571,13,12,"\N","R",16,0,47,"\N","\N","38","12","1:45.070","189.919",2015,2,"Malaysian Grand Prix",2015-03-29,"07:00:00","maldonado","13","MAL","Pastor","Maldonado",1985-03-09,"Venezuelan","lotus_f1","Lotus F1","British","Retired","sepang","Sepang International Circuit","Kuala Lumpur","Malaysia",2.76083,101.738,"18"
2,1,131,30,842,20809,7,11,"9","9",9,2,56,"+1:24.896","5944728","45","11","1:42.491","194.698",2011,2,"Malaysian Grand Prix",2011-04-10,"08:00:00","michael_schumacher","\N","MSC","Michael","Schumacher",1969-01-03,"German","mercedes","Mercedes","German","Finished","sepang","Sepang International Circuit","Kuala Lumpur","Malaysia",2.76083,101.738,"18"
2,3,15,815,842,20821,17,16,"\N","R",21,0,23,"\N","\N","19","15","1:43.298","193.177",2011,2,"Malaysian Grand Prix",2011-04-10,"08:00:00","perez","11","PER","Sergio","Pérez",1990-01-26,"Mexican","sauber","Sauber","Swiss","Accident","sepang","Sepang International Circuit","Kuala Lumpur","Malaysia",2.76083,101.738,"18"
2,1,15,155,842,20807,16,10,"7","7",7,6,56,"+1:06.439","5926271","39","10","1:42.095","195.453",2011,2,"Malaysian Grand Prix",2011-04-10,"08:00:00","kobayashi","10","KOB","Kamui","Kobayashi",1986-09-13,"Japanese","sauber","Sauber","Swiss","Finished","sepang","Sepang International Circuit","Kuala Lumpur","Malaysia",2.76083,101.738,"18"
2,1,1,18,901,22157,22,10,"6","6",6,8,56,"+1:23.691","6109665","47","11","1:46.039","188.183",2014,2,"Malaysian Grand Prix",2014-03-30,"08:00:00","button","22","BUT","Jenson","Button",1980-01-19,"British","mclaren","McLaren","British","Finished","sepang","Sepang International Circuit","Kuala Lumpur","Malaysia",2.76083,101.738,"18"
2,11,10,16,842,20811,14,17,"11","11",11,0,55,"+1:41.379","5961211","34","14","1:42.973","193.786",2011,2,"Malaysian Grand Prix",2011-04-10,"08:00:00","sutil","99","SUT","Adrian","Sutil",1983-01-11,"German","force_india","Force India","Indian","+1 Lap","sepang","Sepang International Circuit","Kuala Lumpur","Malaysia",2.76083,101.738,"18"
2,11,210,154,983,23674,8,16,"13","13",13,0,55,"\N","\N","49","8","1:35.796","208.305",2017,15,"Malaysian Grand Prix",2017-10-01,"07:00:00","grosjean","8","GRO","Romain","Grosjean",1986-04-17,"French","haas","Haas F1 Team","American","+1 Lap","sepang","Sepang International Circuit","Kuala Lumpur","Malaysia",2.76083,101.738,"18"
2,1,10,814,842,20810,15,14,"10","10",10,1,56,"+1:31.563","5951395","48","13","1:42.883","193.956",2011,2,"Malaysian Grand Prix",2011-04-10,"08:00:00","resta","\N","DIR","Paul","di Resta",1986-04-16,"British","force_india","Force India","Indian","Finished","sepang","Sepang International Circuit","Kuala Lumpur","Malaysia",2.76083,101.738,"18"
2,1,6,8,963,23250,7,6,"4","4",4,12,56,"+28.785","5861561","47","4","1:37.466","204.736",2016,16,"Malaysian Grand Prix",2016-10-02,"07:00:00","raikkonen","7","RAI","Kimi","Räikkönen",1979-10-17,"Finnish","ferrari","Ferrari","Italian","Finished","sepang","Sepang International Circuit","Kuala Lumpur","Malaysia",2.76083,101.738,"18"
2,11,9,826,927,22564,26,5,"9","9",9,2,55,"\N","\N","41","8","1:44.514","190.929",2015,2,"Malaysian Grand Prix",2015-03-29,"07:00:00","kvyat","26","KVY","Daniil","Kvyat",1994-04-26,"Russian","red_bull","Red Bull","Austrian","+1 Lap","sepang","Sepang International Circuit","Kuala Lumpur","Malaysia",2.76083,101.738,"18"
2,1,4,2,842,20803,9,6,"3","3",3,15,56,"+25.075","5884907","47","7","1:41.547","196.508",2011,2,"Malaysian Grand Prix",2011-04-10,"08:00:00","heidfeld","\N","HEI","Nick","Heidfeld",1977-05-10,"German","renault","Renault","French","Finished","sepang","Sepang International Circuit","Kuala Lumpur","Malaysia",2.76083,101.738,"18"
2,11,10,815,927,22568,11,14,"13","13",13,0,55,"\N","\N","37","14","1:45.345","189.423",2015,2,"Malaysian Grand Prix",2015-03-29,"07:00:00","perez","11","PER","Sergio","Pérez",1990-01-26,"Mexican","force_india","Force India","Indian","+1 Lap","sepang","Sepang International Circuit","Kuala Lumpur","Malaysia",2.76083,101.738,"18"
2,12,206,820,901,22166,4,21,"15","15",15,0,54,"\N","\N","49","18","1:48.249","184.341",2014,2,"Malaysian Grand Prix",2014-03-30,"08:00:00","chilton","4","CHI","Max","Chilton",1991-04-21,"British","marussia","Marussia","Russian","+2 Laps","sepang","Sepang International Circuit","Kuala Lumpur","Malaysia",2.76083,101.738,"18"
2,3,4,808,842,20817,10,8,"17","17",17,0,52,"\N","\N","49","3","1:41.054","197.466",2011,2,"Malaysian Grand Prix",2011-04-10,"08:00:00","petrov","\N","PET","Vitaly","Petrov",1984-09-08,"Russian","renault","Renault","French","Accident","sepang","Sepang International Circuit","Kuala Lumpur","Malaysia",2.76083,101.738,"18"
2,11,205,5,842,20815,20,19,"15","15",15,0,55,"\N","\N","43","16","1:43.677","192.470",2011,2,"Malaysian Grand Prix",2011-04-10,"08:00:00","kovalainen","\N","KOV","Heikki","Kovalainen",1981-10-19,"Finnish","lotus_racing","Lotus","Malaysian","+1 Lap","sepang","Sepang International Circuit","Kuala Lumpur","Malaysia",2.76083,101.738,"18"
2,1,131,3,901,22153,6,3,"2","2",2,18,56,"+17.313","6043287","55","2","1:43.960","191.946",2014,2,"Malaysian Grand Prix",2014-03-30,"08:00:00","rosberg","6","ROS","Nico","Rosberg",1985-06-27,"German","mercedes","Mercedes","German","Finished","sepang","Sepang International Circuit","Kuala Lumpur","Malaysia",2.76083,101.738,"18"
2,84,6,8,983,23681,7,0,"\N","R",20,0,0,"\N","\N","\N","0","\N","\N",2017,15,"Malaysian Grand Prix",2017-10-01,"07:00:00","raikkonen","7","RAI","Kimi","Räikkönen",1979-10-17,"Finnish","ferrari","Ferrari","Italian","Battery","sepang","Sepang International Circuit","Kuala Lumpur","Malaysia",2.76083,101.738,"18"
2,1,9,830,983,23662,33,3,"1","1",1,25,56,"1:30:01.290","5401290","50","4","1:34.467","211.235",2017,15,"Malaysian Grand Prix",2017-10-01,"07:00:00","max_verstappen","33","VER","Max","Verstappen",1997-09-30,"Dutch","red_bull","Red Bull","Austrian","Finished","sepang","Sepang International Circuit","Kuala Lumpur","Malaysia",2.76083,101.738,"18"
2,1,3,822,927,22560,77,8,"5","5",5,10,56,"+1:10.409","6136202","42","6","1:44.088","191.710",2015,2,"Malaysian Grand Prix",2015-03-29,"07:00:00","bottas","77","BOT","Valtteri","Bottas",1989-08-28,"Finnish","williams","Williams","British","Finished","sepang","Sepang International Circuit","Kuala Lumpur","Malaysia",2.76083,101.738,"18"
2,11,1,825,901,22160,20,8,"9","9",9,2,55,"\N","\N","44","8","1:45.373","189.372",2014,2,"Malaysian Grand Prix",2014-03-30,"08:00:00","kevin_magnussen","20","MAG","Kevin","Magnussen",1992-10-05,"Danish","mclaren","McLaren","British","+1 Lap","sepang","Sepang International Circuit","Kuala Lumpur","Malaysia",2.76083,101.738,"18"
2,5,3,813,861,21274,18,11,"19","19",19,0,54,"\N","\N","51","16","1:42.237","195.181",2012,2,"Malaysian Grand Prix",2012-03-25,"08:00:00","maldonado","13","MAL","Pastor","Maldonado",1985-03-09,"Venezuelan","williams","Williams","British","Engine","sepang","Sepang International Circuit","Kuala Lumpur","Malaysia",2.76083,101.738,"18"
2,11,209,839,963,23262,31,20,"16","16",16,0,55,"\N","\N","45","18","1:41.467","196.662",2016,16,"Malaysian Grand Prix",2016-10-02,"07:00:00","ocon","31","OCO","Esteban","Ocon",1996-09-17,"French","manor","Manor Marussia","British","+1 Lap","sepang","Sepang International Circuit","Kuala Lumpur","Malaysia",2.76083,101.738,"18"
2,1,1,18,842,20802,4,4,"2","2",2,18,56,"+3.261","5863093","50","4","1:41.264","197.057",2011,2,"Malaysian Grand Prix",2011-04-10,"08:00:00","button","22","BUT","Jenson","Button",1980-01-19,"British","mclaren","McLaren","British","Finished","sepang","Sepang International Circuit","Kuala Lumpur","Malaysia",2.76083,101.738,"18"
2,101,1,18,927,22572,22,17,"\N","R",17,0,41,"\N","\N","38","16","1:46.056","188.153",2015,2,"Malaysian Grand Prix",2015-03-29,"07:00:00","button","22","BUT","Jenson","Button",1980-01-19,"British","mclaren","McLaren","British","Turbo","sepang","Sepang International Circuit","Kuala Lumpur","Malaysia",2.76083,101.738,"18"
2,1,131,3,963,23249,6,2,"3","3",3,15,56,"+25.516","5858292","44","1","1:36.424","206.948",2016,16,"Malaysian Grand Prix",2016-10-02,"07:00:00","rosberg","6","ROS","Nico","Rosberg",1985-06-27,"German","mercedes","Mercedes","German","Finished","sepang","Sepang International Circuit","Kuala Lumpur","Malaysia",2.76083,101.738,"18"
2,1,3,822,963,23251,77,11,"5","5",5,10,56,"+1:01.582","5894358","53","9","1:39.199","201.159",2016,16,"Malaysian Grand Prix",2016-10-02,"07:00:00","bottas","77","BOT","Valtteri","Bottas",1989-08-28,"Finnish","williams","Williams","British","Finished","sepang","Sepang International Circuit","Kuala Lumpur","Malaysia",2.76083,101.738,"18"
2,11,3,840,983,23669,18,13,"8","8",8,4,55,"\N","\N","46","12","1:36.627","206.513",2017,15,"Malaysian Grand Prix",2017-10-01,"07:00:00","stroll","18","STR","Lance","Stroll",1998-10-29,"Canadian","williams","Williams","British","+1 Lap","sepang","Sepang International Circuit","Kuala Lumpur","Malaysia",2.76083,101.738,"18"
2,11,207,155,901,22164,10,20,"13","13",13,0,55,"\N","\N","53","15","1:47.753","185.190",2014,2,"Malaysian Grand Prix",2014-03-30,"08:00:00","kobayashi","10","KOB","Kamui","Kobayashi",1986-09-13,"Japanese","caterham","Caterham","Malaysian","+1 Lap","sepang","Sepang International Circuit","Kuala Lumpur","Malaysia",2.76083,101.738,"18"
2,11,208,154,901,22162,8,15,"11","11",11,0,55,"\N","\N","42","12","1:46.224","187.855",2014,2,"Malaysian Grand Prix",2014-03-30,"08:00:00","grosjean","8","GRO","Romain","Grosjean",1986-04-17,"French","lotus_f1","Lotus F1","British","+1 Lap","sepang","Sepang International Circuit","Kuala Lumpur","Malaysia",2.76083,101.738,"18"
2,69,209,829,927,22575,28,0,"\N","W",20,0,0,"\N","\N","\N","0","\N","\N",2015,2,"Malaysian Grand Prix",2015-03-29,"07:00:00","stevens","28","STE","Will","Stevens",1991-06-28,"British","manor","Manor Marussia","British","Fuel system","sepang","Sepang International Circuit","Kuala Lumpur","Malaysia",2.76083,101.738,"18"
3,11,15,821,883,21795,12,22,"18","18",18,0,56,"\N","\N","45","10","1:38.202","198.399",2013,4,"Bahrain Grand Prix",2013-04-21,"12:00:00","gutierrez","21","GUT","Esteban","Gutiérrez",1991-08-05,"Mexican","sauber","Sauber","Swiss","+1 Lap","bahrain","Bahrain International Circuit","Sakhir","Bahrain",26.0325,50.5106,"7"
3,11,10,807,949,22953,27,8,"15","15",15,0,56,"\N","\N","53","4","1:35.188","204.681",2016,2,"Bahrain Grand Prix",2016-04-03,"15:00:00","hulkenberg","27","HUL","Nico","Hülkenberg",1987-08-19,"German","force_india","Force India","Indian","+1 Lap","bahrain","Bahrain International Circuit","Sakhir","Bahrain",26.0325,50.5106,"7"
3,1,207,155,902,22188,10,18,"15","15",15,0,57,"+1:27.900","6070643","17","18","1:41.246","192.434",2014,3,"Bahrain Grand Prix",2014-04-06,"15:00:00","kobayashi","10","KOB","Kamui","Kobayashi",1986-09-13,"Japanese","caterham","Caterham","Malaysian","Finished","bahrain","Bahrain International Circuit","Sakhir","Bahrain",26.0325,50.5106,"7"
3,1,208,8,883,21779,7,8,"2","2",2,18,57,"+9.111","5769609","57","8","1:38.164","198.476",2013,4,"Bahrain Grand Prix",2013-04-21,"12:00:00","raikkonen","7","RAI","Kimi","Räikkönen",1979-10-17,"Finnish","lotus_f1","Lotus F1","British","Finished","bahrain","Bahrain International Circuit","Sakhir","Bahrain",26.0325,50.5106,"7"
3,1,10,815,971,23425,11,18,"7","7",7,6,57,"+1:02.606","5695980","39","7","1:34.609","205.933",2017,3,"Bahrain Grand Prix",2017-04-16,"15:00:00","perez","11","PER","Sergio","Pérez",1990-01-26,"Mexican","force_india","Force India","Indian","Finished","bahrain","Bahrain International Circuit","Sakhir","Bahrain",26.0325,50.5106,"7"
3,11,10,839,990,23811,31,8,"10","10",10,1,56,"\N","\N","38","12","1:35.043","204.993",2018,2,"Bahrain Grand Prix",2018-04-08,"15:10:00","ocon","31","OCO","Esteban","Ocon",1996-09-17,"French","force_india","Force India","Indian","+1 Lap","bahrain","Bahrain International Circuit","Sakhir","Bahrain",26.0325,50.5106,"7"
3,1,4,839,1046,24927,31,11,"2","2",2,18,87,"+10.518","5485632","75","12","0:57.350","222.402",2020,16,"Sakhir Grand Prix",2020-12-06,"17:10:00","ocon","31","OCO","Esteban","Ocon",1996-09-17,"French","renault","Renault","French","Finished","bahrain","Bahrain International Circuit","Sakhir","Bahrain",26.0325,50.5106,"7"
3,5,206,819,863,21327,25,19,"\N","R",24,0,24,"\N","\N","14","24","1:41.519","191.916",2012,4,"Bahrain Grand Prix",2012-04-22,"12:00:00","pic","\N","PIC","Charles","Pic",1990-02-15,"French","marussia","Marussia","Russian","Engine","bahrain","Bahrain International Circuit","Sakhir","Bahrain",26.0325,50.5106,"7"
3,5,5,832,929,22614,55,9,"\N","R",19,0,29,"\N","\N","13","17","1:40.651","193.571",2015,4,"Bahrain Grand Prix",2015-04-19,"15:00:00","sainz","55","SAI","Carlos","Sainz",1994-09-01,"Spanish","toro_rosso","Toro Rosso","Italian","Engine","bahrain","Bahrain International Circuit","Sakhir","Bahrain",26.0325,50.5106,"7"
3,1,6,13,863,21312,6,14,"9","9",9,2,57,"+1:04.999","5775989","42","12","1:38.123","198.558",2012,4,"Bahrain Grand Prix",2012-04-22,"12:00:00","massa","19","MAS","Felipe","Massa",1981-04-25,"Brazilian","ferrari","Ferrari","Italian","Finished","bahrain","Bahrain International Circuit","Sakhir","Bahrain",26.0325,50.5106,"7"
3,1,131,1,949,22941,44,1,"3","3",3,15,57,"+30.148","5644844","43","2","1:34.677","205.785",2016,2,"Bahrain Grand Prix",2016-04-03,"15:00:00","hamilton","44","HAM","Lewis","Hamilton",1985-01-07,"British","mercedes","Mercedes","German","Finished","bahrain","Bahrain International Circuit","Sakhir","Bahrain",26.0325,50.5106,"7"
3,12,206,10,863,21322,24,23,"19","19",19,0,55,"\N","\N","46","23","1:40.323","194.204",2012,4,"Bahrain Grand Prix",2012-04-22,"12:00:00","glock","\N","GLO","Timo","Glock",1982-03-18,"German","marussia","Marussia","Russian","+2 Laps","bahrain","Bahrain International Circuit","Sakhir","Bahrain",26.0325,50.5106,"7"
3,5,4,807,1011,24239,27,17,"\N","R",17,0,53,"\N","\N","14","6","1:35.215","204.623",2019,2,"Bahrain Grand Prix",2019-03-31,"15:10:00","hulkenberg","27","HUL","Nico","Hülkenberg",1987-08-19,"German","renault","Renault","French","Engine","bahrain","Bahrain International Circuit","Sakhir","Bahrain",26.0325,50.5106,"7"
3,11,206,824,883,21796,22,19,"19","19",19,0,56,"\N","\N","50","14","1:38.756","197.286",2013,4,"Bahrain Grand Prix",2013-04-21,"12:00:00","jules_bianchi","17","BIA","Jules","Bianchi",1989-08-03,"French","marussia","Marussia","Russian","+1 Lap","bahrain","Bahrain International Circuit","Sakhir","Bahrain",26.0325,50.5106,"7"
3,12,207,823,883,21798,21,20,"21","21",21,0,55,"\N","\N","49","19","1:39.334","196.138",2013,4,"Bahrain Grand Prix",2013-04-21,"12:00:00","garde","\N","VDG","Giedo","van der Garde",1985-04-25,"Dutch","caterham","Caterham","Malaysian","+2 Laps","bahrain","Bahrain International Circuit","Sakhir","Bahrain",26.0325,50.5106,"7"
3,8,1,18,902,22190,22,6,"17","17",17,0,55,"\N","\N","37","10","1:39.565","195.683",2014,3,"Bahrain Grand Prix",2014-04-06,"15:00:00","button","22","BUT","Jenson","Button",1980-01-19,"British","mclaren","McLaren","British","Clutch","bahrain","Bahrain International Circuit","Sakhir","Bahrain",26.0325,50.5106,"7"
3,12,209,829,929,22611,28,18,"16","16",16,0,55,"\N","\N","36","18","1:41.759","191.464",2015,4,"Bahrain Grand Prix",2015-04-19,"15:00:00","stevens","28","STE","Will","Stevens",1991-06-28,"British","manor","Manor Marussia","British","+2 Laps","bahrain","Bahrain International Circuit","Sakhir","Bahrain",26.0325,50.5106,"7"
3,76,3,811,863,21325,19,15,"22","22",22,0,54,"\N","\N","51","11","1:38.087","198.631",2012,4,"Bahrain Grand Prix",2012-04-22,"12:00:00","bruno_senna","\N","SEN","Bruno","Senna",1983-10-15,"Brazilian","williams","Williams","British","Vibrations","bahrain","Bahrain International Circuit","Sakhir","Bahrain",26.0325,50.5106,"7"
3,1,15,807,883,21789,11,14,"12","12",12,0,57,"+1:12.933","5833431","43","15","1:38.770","197.258",2013,4,"Bahrain Grand Prix",2013-04-21,"12:00:00","hulkenberg","27","HUL","Nico","Hülkenberg",1987-08-19,"German","sauber","Sauber","Swiss","Finished","bahrain","Bahrain International Circuit","Sakhir","Bahrain",26.0325,50.5106,"7"
3,1,208,154,929,22602,8,10,"7","7",7,6,57,"+1:24.763","5790572","34","15","1:39.161","196.480",2015,4,"Bahrain Grand Prix",2015-04-19,"15:00:00","grosjean","8","GRO","Romain","Grosjean",1986-04-17,"French","lotus_f1","Lotus F1","British","Finished","bahrain","Bahrain International Circuit","Sakhir","Bahrain",26.0325,50.5106,"7"
3,11,207,5,863,21320,20,16,"17","17",17,0,56,"\N","\N","43","19","1:38.441","197.917",2012,4,"Bahrain Grand Prix",2012-04-22,"12:00:00","kovalainen","\N","KOV","Heikki","Kovalainen",1981-10-19,"Finnish","caterham","Caterham","Malaysian","+1 Lap","bahrain","Bahrain International Circuit","Sakhir","Bahrain",26.0325,50.5106,"7"
3,1,6,8,949,22940,7,4,"2","2",2,18,57,"+10.282","5624978","39","3","1:35.158","204.745",2016,2,"Bahrain Grand Prix",2016-04-03,"15:00:00","raikkonen","7","RAI","Kimi","Räikkönen",1979-10-17,"Finnish","ferrari","Ferrari","Italian","Finished","bahrain","Bahrain International Circuit","Sakhir","Bahrain",26.0325,50.5106,"7"
3,1,117,840,1052,24975,18,10,"10","10",10,1,56,"+86.713","5610610","31","9","1:34.865","205.378",2021,1,"Bahrain Grand Prix",2021-03-28,"15:00:00","stroll","18","STR","Lance","Stroll",1998-10-29,"Canadian","aston_martin","Aston Martin","British","Finished","bahrain","Bahrain International Circuit","Sakhir","Bahrain",26.0325,50.5106,"7"
3,1,1,18,883,21787,5,10,"10","10",10,1,57,"+46.631","5807129","49","6","1:37.743","199.330",2013,4,"Bahrain Grand Prix",2013-04-21,"12:00:00","button","22","BUT","Jenson","Button",1980-01-19,"British","mclaren","McLaren","British","Finished","bahrain","Bahrain International Circuit","Sakhir","Bahrain",26.0325,50.5106,"7"
3,43,1,18,863,21321,3,4,"18","18",18,0,55,"\N","\N","47","9","1:38.046","198.714",2012,4,"Bahrain Grand Prix",2012-04-22,"12:00:00","button","22","BUT","Jenson","Button",1980-01-19,"British","mclaren","McLaren","British","Exhaust","bahrain","Bahrain International Circuit","Sakhir","Bahrain",26.0325,50.5106,"7"
3,10,5,830,929,22613,33,15,"\N","R",18,0,34,"\N","\N","32","16","1:39.607","195.600",2015,4,"Bahrain Grand Prix",2015-04-19,"15:00:00","max_verstappen","33","VER","Max","Verstappen",1997-09-30,"Dutch","toro_rosso","Toro Rosso","Italian","Electrical","bahrain","Bahrain International Circuit","Sakhir","Bahrain",26.0325,50.5106,"7"
3,1,131,1,1011,24223,44,3,"1","1",1,25,57,"1:34:21.295","5661295","36","2","1:33.528","208.314",2019,2,"Bahrain Grand Prix",2019-03-31,"15:10:00","hamilton","44","HAM","Lewis","Hamilton",1985-01-07,"British","mercedes","Mercedes","German","Finished","bahrain","Bahrain International Circuit","Sakhir","Bahrain",26.0325,50.5106,"7"
3,1,1,846,1046,24935,4,19,"10","10",10,1,87,"+19.541","5494655","85","11","0:57.270","222.713",2020,16,"Sakhir Grand Prix",2020-12-06,"17:10:00","norris","4","NOR","Lando","Norris",1999-11-13,"British","mclaren","McLaren","British","Finished","bahrain","Bahrain International Circuit","Sakhir","Bahrain",26.0325,50.5106,"7"
3,11,5,843,990,23818,28,11,"17","17",17,0,56,"\N","\N","42","8","1:34.563","206.034",2018,2,"Bahrain Grand Prix",2018-04-08,"15:10:00","brendon_hartley","28","HAR","Brendon","Hartley",1989-11-10,"New Zealander","toro_rosso","Toro Rosso","Italian","+1 Lap","bahrain","Bahrain International Circuit","Sakhir","Bahrain",26.0325,50.5106,"7"
3,11,211,840,1011,24236,18,18,"14","14",14,0,56,"\N","\N","31","17","1:37.037","200.781",2019,2,"Bahrain Grand Prix",2019-03-31,"15:10:00","stroll","18","STR","Lance","Stroll",1998-10-29,"Canadian","racing_point","Racing Point","British","+1 Lap","bahrain","Bahrain International Circuit","Sakhir","Bahrain",26.0325,50.5106,"7"
3,1,131,1,883,21782,10,9,"5","5",5,10,57,"+35.230","5795728","48","11","1:38.204","198.395",2013,4,"Bahrain Grand Prix",2013-04-21,"12:00:00","hamilton","44","HAM","Lewis","Hamilton",1985-01-07,"British","mercedes","Mercedes","German","Finished","bahrain","Bahrain International Circuit","Sakhir","Bahrain",26.0325,50.5106,"7"
3,11,10,807,929,22608,27,8,"13","13",13,0,56,"\N","\N","40","10","1:38.653","197.492",2015,4,"Bahrain Grand Prix",2015-04-19,"15:00:00","hulkenberg","27","HUL","Nico","Hülkenberg",1987-08-19,"German","force_india","Force India","Indian","+1 Lap","bahrain","Bahrain International Circuit","Sakhir","Bahrain",26.0325,50.5106,"7"
3,1,5,830,949,22944,33,10,"6","6",6,8,57,"+1:20.929","5695625","49","7","1:35.504","204.004",2016,2,"Bahrain Grand Prix",2016-04-03,"15:00:00","max_verstappen","33","VER","Max","Verstappen",1997-09-30,"Dutch","toro_rosso","Toro Rosso","Italian","Finished","bahrain","Bahrain International Circuit","Sakhir","Bahrain",26.0325,50.5106,"7"
3,1,9,848,1046,24931,23,12,"6","6",6,8,87,"+13.842","5488956","52","8","0:57.056","223.548",2020,16,"Sakhir Grand Prix",2020-12-06,"17:10:00","albon","23","ALB","Alexander","Albon",1996-03-23,"Thai","red_bull","Red Bull","Austrian","Finished","bahrain","Bahrain International Circuit","Sakhir","Bahrain",26.0325,50.5106,"7"
3,11,206,820,883,21797,23,21,"20","20",20,0,56,"\N","\N","50","18","1:39.279","196.246",2013,4,"Bahrain Grand Prix",2013-04-21,"12:00:00","chilton","4","CHI","Max","Chilton",1991-04-21,"British","marussia","Marussia","Russian","+1 Lap","bahrain","Bahrain International Circuit","Sakhir","Bahrain",26.0325,50.5106,"7"
3,5,211,815,1045,24923,11,5,"18","18",18,0,53,"\N","\N","40","9","1:33.629","208.089",2020,15,"Bahrain Grand Prix",2020-11-29,"14:10:00","perez","11","PER","Sergio","Pérez",1990-01-26,"Mexican","racing_point","Racing Point","British","Engine","bahrain","Bahrain International Circuit","Sakhir","Bahrain",26.0325,50.5106,"7"
3,1,131,822,990,23803,77,3,"2","2",2,18,57,"+0.699","5522639","22","1","1:33.740","207.842",2018,2,"Bahrain Grand Prix",2018-04-08,"15:10:00","bottas","77","BOT","Valtteri","Bottas",1989-08-28,"Finnish","mercedes","Mercedes","German","Finished","bahrain","Bahrain International Circuit","Sakhir","Bahrain",26.0325,50.5106,"7"
3,1,9,20,883,21778,1,2,"1","1",1,25,57,"1:36:00.498","5760498","55","1","1:36.961","200.938",2013,4,"Bahrain Grand Prix",2013-04-21,"12:00:00","vettel","5","VET","Sebastian","Vettel",1987-07-03,"German","red_bull","Red Bull","Austrian","Finished","bahrain","Bahrain International Circuit","Sakhir","Bahrain",26.0325,50.5106,"7"
3,11,1,4,990,23808,14,13,"7","7",7,6,56,"\N","\N","47","4","1:34.168","206.898",2018,2,"Bahrain Grand Prix",2018-04-08,"15:10:00","alonso","14","ALO","Fernando","Alonso",1981-07-29,"Spanish","mclaren","McLaren","British","+1 Lap","bahrain","Bahrain International Circuit","Sakhir","Bahrain",26.0325,50.5106,"7"
3,1,208,813,902,22187,13,17,"14","14",14,0,57,"+1:02.803","6045546","52","11","1:39.666","195.484",2014,3,"Bahrain Grand Prix",2014-04-06,"15:00:00","maldonado","13","MAL","Pastor","Maldonado",1985-03-09,"Venezuelan","lotus_f1","Lotus F1","British","Finished","bahrain","Bahrain International Circuit","Sakhir","Bahrain",26.0325,50.5106,"7"
3,1,210,825,1046,24940,20,15,"15","15",15,0,87,"+32.370","5507484","57","16","0:57.516","221.760",2020,16,"Sakhir Grand Prix",2020-12-06,"17:10:00","kevin_magnussen","20","MAG","Kevin","Magnussen",1992-10-05,"Danish","haas","Haas F1 Team","American","Finished","bahrain","Bahrain International Circuit","Sakhir","Bahrain",26.0325,50.5106,"7"
3,11,51,841,1052,24977,99,12,"12","12",12,0,55,"\N","\N","32","13","1:35.122","204.823",2021,1,"Bahrain Grand Prix",2021-03-28,"15:00:00","giovinazzi","99","GIO","Antonio","Giovinazzi",1993-12-14,"Italian","alfa","Alfa Romeo","Swiss","+1 Lap","bahrain","Bahrain International Circuit","Sakhir","Bahrain",26.0325,50.5106,"7"
3,11,9,826,949,22945,26,15,"7","7",7,6,56,"\N","\N","36","8","1:35.678","203.633",2016,2,"Bahrain Grand Prix",2016-04-03,"15:00:00","kvyat","26","KVY","Daniil","Kvyat",1994-04-26,"Russian","red_bull","Red Bull","Austrian","+1 Lap","bahrain","Bahrain International Circuit","Sakhir","Bahrain",26.0325,50.5106,"7"
3,1,210,154,971,23426,8,9,"8","8",8,4,57,"+1:14.865","5708239","33","8","1:34.948","205.198",2017,3,"Bahrain Grand Prix",2017-04-16,"15:00:00","grosjean","8","GRO","Romain","Grosjean",1986-04-17,"French","haas","Haas F1 Team","American","Finished","bahrain","Bahrain International Circuit","Sakhir","Bahrain",26.0325,50.5106,"7"
3,1,3,13,971,23424,19,8,"6","6",6,8,57,"+54.326","5687700","39","6","1:34.256","206.705",2017,3,"Bahrain Grand Prix",2017-04-16,"15:00:00","massa","19","MAS","Felipe","Massa",1981-04-25,"Brazilian","williams","Williams","British","Finished","bahrain","Bahrain International Circuit","Sakhir","Bahrain",26.0325,50.5106,"7"
3,1,9,817,949,22942,3,5,"4","4",4,12,57,"+1:02.494","5677190","44","9","1:36.064","202.814",2016,2,"Bahrain Grand Prix",2016-04-03,"15:00:00","ricciardo","3","RIC","Daniel","Ricciardo",1989-07-01,"Australian","red_bull","Red Bull","Austrian","Finished","bahrain","Bahrain International Circuit","Sakhir","Bahrain",26.0325,50.5106,"7"
3,11,210,154,990,23814,8,16,"13","13",13,0,56,"\N","\N","44","10","1:34.689","205.759",2018,2,"Bahrain Grand Prix",2018-04-08,"15:10:00","grosjean","8","GRO","Romain","Grosjean",1986-04-17,"French","haas","Haas F1 Team","American","+1 Lap","bahrain","Bahrain International Circuit","Sakhir","Bahrain",26.0325,50.5106,"7"
3,11,1,838,990,23809,2,14,"8","8",8,4,56,"\N","\N","30","16","1:35.131","204.803",2018,2,"Bahrain Grand Prix",2018-04-08,"15:10:00","vandoorne","2","VAN","Stoffel","Vandoorne",1992-03-26,"Belgian","mclaren","McLaren","British","+1 Lap","bahrain","Bahrain International Circuit","Sakhir","Bahrain",26.0325,50.5106,"7"
3,1,131,822,971,23421,77,1,"3","3",3,15,57,"+20.397","5653771","33","5","1:34.087","207.076",2017,3,"Bahrain Grand Prix",2017-04-16,"15:00:00","bottas","77","BOT","Valtteri","Bottas",1989-08-28,"Finnish","mercedes","Mercedes","German","Finished","bahrain","Bahrain International Circuit","Sakhir","Bahrain",26.0325,50.5106,"7"
3,1,10,815,902,22176,11,4,"3","3",3,15,57,"+24.067","6006810","36","7","1:39.320","196.165",2014,3,"Bahrain Grand Prix",2014-04-06,"15:00:00","perez","11","PER","Sergio","Pérez",1990-01-26,"Mexican","force_india","Force India","Indian","Finished","bahrain","Bahrain International Circuit","Sakhir","Bahrain",26.0325,50.5106,"7"
3,11,10,815,990,23817,11,12,"16","16",16,0,56,"\N","\N","32","17","1:35.266","204.513",2018,2,"Bahrain Grand Prix",2018-04-08,"15:10:00","perez","11","PER","Sergio","Pérez",1990-01-26,"Mexican","force_india","Force India","Indian","+1 Lap","bahrain","Bahrain International Circuit","Sakhir","Bahrain",26.0325,50.5106,"7"
3,1,6,13,883,21792,4,4,"15","15",15,0,57,"+1:26.364","5846862","42","16","1:38.839","197.120",2013,4,"Bahrain Grand Prix",2013-04-21,"12:00:00","massa","19","MAS","Felipe","Massa",1981-04-25,"Brazilian","ferrari","Ferrari","Italian","Finished","bahrain","Bahrain International Circuit","Sakhir","Bahrain",26.0325,50.5106,"7"
3,12,164,39,863,21324,23,24,"21","21",21,0,55,"\N","\N","48","20","1:39.747","195.326",2012,4,"Bahrain Grand Prix",2012-04-22,"12:00:00","karthikeyan","\N","KAR","Narain","Karthikeyan",1977-01-14,"Indian","hrt","HRT","Spanish","+2 Laps","bahrain","Bahrain International Circuit","Sakhir","Bahrain",26.0325,50.5106,"7"
3,11,207,808,863,21319,21,18,"16","16",16,0,56,"\N","\N","42","16","1:38.305","198.191",2012,4,"Bahrain Grand Prix",2012-04-22,"12:00:00","petrov","\N","PET","Vitaly","Petrov",1984-09-08,"Russian","caterham","Caterham","Malaysian","+1 Lap","bahrain","Bahrain International Circuit","Sakhir","Bahrain",26.0325,50.5106,"7"
3,1,6,832,1052,24973,55,8,"8","8",8,4,56,"+67.100","5590997","48","7","1:34.509","206.151",2021,1,"Bahrain Grand Prix",2021-03-28,"15:00:00","sainz","55","SAI","Carlos","Sainz",1994-09-01,"Spanish","ferrari","Ferrari","Italian","Finished","bahrain","Bahrain International Circuit","Sakhir","Bahrain",26.0325,50.5106,"7"
3,1,208,8,863,21305,9,11,"2","2",2,18,57,"+3.333","5714323","41","5","1:37.116","200.617",2012,4,"Bahrain Grand Prix",2012-04-22,"12:00:00","raikkonen","7","RAI","Kimi","Räikkönen",1979-10-17,"Finnish","lotus_f1","Lotus F1","British","Finished","bahrain","Bahrain International Circuit","Sakhir","Bahrain",26.0325,50.5106,"7"
3,1,5,826,902,22184,26,12,"11","11",11,0,57,"+41.342","6024085","12","15","1:40.160","194.520",2014,3,"Bahrain Grand Prix",2014-04-06,"15:00:00","kvyat","26","KVY","Daniil","Kvyat",1994-04-26,"Russian","toro_rosso","Toro Rosso","Italian","Finished","bahrain","Bahrain International Circuit","Sakhir","Bahrain",26.0325,50.5106,"7"
3,31,210,821,949,22957,21,13,"\N","R",19,0,9,"\N","\N","2","19","1:39.341","196.124",2016,2,"Bahrain Grand Prix",2016-04-03,"15:00:00","gutierrez","21","GUT","Esteban","Gutiérrez",1991-08-05,"Mexican","haas","Haas F1 Team","American","Retired","bahrain","Bahrain International Circuit","Sakhir","Bahrain",26.0325,50.5106,"7"
3,11,4,835,971,23431,30,10,"13","13",13,0,56,"\N","\N","43","13","1:35.552","203.901",2017,3,"Bahrain Grand Prix",2017-04-16,"15:00:00","jolyon_palmer","30","PAL","Jolyon","Palmer",1991-01-20,"British","renault","Renault","French","+1 Lap","bahrain","Bahrain International Circuit","Sakhir","Bahrain",26.0325,50.5106,"7"
3,11,15,844,990,23813,16,19,"12","12",12,0,56,"\N","\N","35","14","1:35.075","204.924",2018,2,"Bahrain Grand Prix",2018-04-08,"15:10:00","leclerc","16","LEC","Charles","Leclerc",1997-10-16,"Monegasque","sauber","Sauber","Swiss","+1 Lap","bahrain","Bahrain International Circuit","Sakhir","Bahrain",26.0325,50.5106,"7"
3,13,209,833,929,22612,98,19,"17","17",17,0,54,"\N","\N","36","19","1:42.033","190.949",2015,4,"Bahrain Grand Prix",2015-04-19,"15:00:00","merhi","98","MER","Roberto","Merhi",1991-03-22,"Spanish","manor","Manor Marussia","British","+3 Laps","bahrain","Bahrain International Circuit","Sakhir","Bahrain",26.0325,50.5106,"7"
3,11,3,849,1045,24919,6,20,"14","14",14,0,56,"\N","\N","39","15","1:34.591","205.973",2020,15,"Bahrain Grand Prix",2020-11-29,"14:10:00","latifi","6","LAT","Nicholas","Latifi",1995-06-29,"Canadian","williams","Williams","British","+1 Lap","bahrain","Bahrain International Circuit","Sakhir","Bahrain",26.0325,50.5106,"7"
3,1,131,1,929,22596,44,1,"1","1",1,25,57,"1:35:05.809","5705809","38","5","1:37.857","199.098",2015,4,"Bahrain Grand Prix",2015-04-19,"15:00:00","hamilton","44","HAM","Lewis","Hamilton",1985-01-07,"British","mercedes","Mercedes","German","Finished","bahrain","Bahrain International Circuit","Sakhir","Bahrain",26.0325,50.5106,"7"
3,11,15,831,949,22952,12,21,"14","14",14,0,56,"\N","\N","49","5","1:35.360","204.312",2016,2,"Bahrain Grand Prix",2016-04-03,"15:00:00","nasr","12","NAS","Felipe","Nasr",1992-08-21,"Brazilian","sauber","Sauber","Swiss","+1 Lap","bahrain","Bahrain International Circuit","Sakhir","Bahrain",26.0325,50.5106,"7"
3,4,5,832,971,23434,55,16,"\N","R",16,0,12,"\N","\N","8","18","1:38.026","198.755",2017,3,"Bahrain Grand Prix",2017-04-16,"15:00:00","sainz","55","SAI","Carlos","Sainz",1994-09-01,"Spanish","toro_rosso","Toro Rosso","Italian","Collision","bahrain","Bahrain International Circuit","Sakhir","Bahrain",26.0325,50.5106,"7"
3,4,15,16,902,22195,99,22,"\N","R",22,0,17,"\N","\N","9","20","1:41.791","191.403",2014,3,"Bahrain Grand Prix",2014-04-06,"15:00:00","sutil","99","SUT","Adrian","Sutil",1983-01-11,"German","sauber","Sauber","Swiss","Collision","bahrain","Bahrain International Circuit","Sakhir","Bahrain",26.0325,50.5106,"7"
3,1,213,852,1052,24974,22,13,"9","9",9,2,56,"+85.692","5609589","38","8","1:34.761","205.603",2021,1,"Bahrain Grand Prix",2021-03-28,"15:00:00","tsunoda","22","TSU","Yuki","Tsunoda",2000-05-11,"Japanese","alphatauri","AlphaTauri","Italian","Finished","bahrain","Bahrain International Circuit","Sakhir","Bahrain",26.0325,50.5106,"7"
3,11,210,825,1045,24922,20,18,"17","17",17,0,56,"\N","\N","29","18","1:35.241","204.567",2020,15,"Bahrain Grand Prix",2020-11-29,"14:10:00","kevin_magnussen","20","MAG","Kevin","Magnussen",1992-10-05,"Danish","haas","Haas F1 Team","American","+1 Lap","bahrain","Bahrain International Circuit","Sakhir","Bahrain",26.0325,50.5106,"7"
3,31,207,828,902,22193,9,20,"\N","R",20,0,33,"\N","\N","28","17","1:41.134","192.647",2014,3,"Bahrain Grand Prix",2014-04-06,"15:00:00","ericsson","9","ERI","Marcus","Ericsson",1990-09-02,"Swedish","caterham","Caterham","Malaysian","Retired","bahrain","Bahrain International Circuit","Sakhir","Bahrain",26.0325,50.5106,"7"
3,11,5,826,971,23430,26,11,"12","12",12,0,56,"\N","\N","45","9","1:34.985","205.118",2017,3,"Bahrain Grand Prix",2017-04-16,"15:00:00","kvyat","26","KVY","Daniil","Kvyat",1994-04-26,"Russian","toro_rosso","Toro Rosso","Italian","+1 Lap","bahrain","Bahrain International Circuit","Sakhir","Bahrain",26.0325,50.5106,"7"
3,1,131,30,863,21313,7,22,"10","10",10,1,57,"+1:11.490","5782480","39","13","1:38.128","198.548",2012,4,"Bahrain Grand Prix",2012-04-22,"12:00:00","michael_schumacher","\N","MSC","Michael","Schumacher",1969-01-03,"German","mercedes","Mercedes","German","Finished","bahrain","Bahrain International Circuit","Sakhir","Bahrain",26.0325,50.5106,"7"
3,11,206,824,902,22189,17,19,"16","16",16,0,56,"\N","\N","44","22","1:42.175","190.684",2014,3,"Bahrain Grand Prix",2014-04-06,"15:00:00","jules_bianchi","17","BIA","Jules","Bianchi",1989-08-03,"French","marussia","Marussia","Russian","+1 Lap","bahrain","Bahrain International Circuit","Sakhir","Bahrain",26.0325,50.5106,"7"
3,11,4,825,949,22949,20,22,"11","11",11,0,56,"\N","\N","40","14","1:36.730","201.418",2016,2,"Bahrain Grand Prix",2016-04-03,"15:00:00","kevin_magnussen","20","MAG","Kevin","Magnussen",1992-10-05,"Danish","renault","Renault","French","+1 Lap","bahrain","Bahrain International Circuit","Sakhir","Bahrain",26.0325,50.5106,"7"
3,60,4,817,1011,24240,3,10,"\N","R",18,0,53,"\N","\N","42","15","1:36.697","201.487",2019,2,"Bahrain Grand Prix",2019-03-31,"15:10:00","ricciardo","3","RIC","Daniel","Ricciardo",1989-07-01,"Australian","renault","Renault","French","Out of fuel","bahrain","Bahrain International Circuit","Sakhir","Bahrain",26.0325,50.5106,"7"
3,11,10,815,949,22954,11,18,"16","16",16,0,56,"\N","\N","39","10","1:36.067","202.808",2016,2,"Bahrain Grand Prix",2016-04-03,"15:00:00","perez","11","PER","Sergio","Pérez",1990-01-26,"Mexican","force_india","Force India","Indian","+1 Lap","bahrain","Bahrain International Circuit","Sakhir","Bahrain",26.0325,50.5106,"7"
3,1,10,807,863,21315,12,13,"12","12",12,0,57,"+1:16.539","5787529","46","17","1:38.312","198.177",2012,4,"Bahrain Grand Prix",2012-04-22,"12:00:00","hulkenberg","27","HUL","Nico","Hülkenberg",1987-08-19,"German","force_india","Force India","Indian","Finished","bahrain","Bahrain International Circuit","Sakhir","Bahrain",26.0325,50.5106,"7"
3,4,210,154,1045,24925,8,19,"\N","R",20,0,0,"\N","\N","\N","0","\N","\N",2020,15,"Bahrain Grand Prix",2020-11-29,"14:10:00","grosjean","8","GRO","Romain","Grosjean",1986-04-17,"French","haas","Haas F1 Team","American","Collision","bahrain","Bahrain International Circuit","Sakhir","Bahrain",26.0325,50.5106,"7"
3,11,3,840,990,23815,18,20,"14","14",14,0,56,"\N","\N","40","13","1:35.058","204.961",2018,2,"Bahrain Grand Prix",2018-04-08,"15:10:00","stroll","18","STR","Lance","Stroll",1998-10-29,"Canadian","williams","Williams","British","+1 Lap","bahrain","Bahrain International Circuit","Sakhir","Bahrain",26.0325,50.5106,"7"
3,11,1,838,949,22948,47,12,"10","10",10,1,56,"\N","\N","44","12","1:36.121","202.694",2016,2,"Bahrain Grand Prix",2016-04-03,"15:00:00","vandoorne","2","VAN","Stoffel","Vandoorne",1992-03-26,"Belgian","mclaren","McLaren","British","+1 Lap","bahrain","Bahrain International Circuit","Sakhir","Bahrain",26.0325,50.5106,"7"
3,1,3,822,902,22181,77,3,"8","8",8,4,57,"+31.876","6014619","50","13","1:39.762","195.296",2014,3,"Bahrain Grand Prix",2014-04-06,"15:00:00","bottas","77","BOT","Valtteri","Bottas",1989-08-28,"Finnish","williams","Williams","British","Finished","bahrain","Bahrain International Circuit","Sakhir","Bahrain",26.0325,50.5106,"7"
3,1,5,842,990,23805,10,5,"4","4",4,12,57,"+1:02.234","5584174","46","11","1:34.863","205.382",2018,2,"Bahrain Grand Prix",2018-04-08,"15:10:00","gasly","10","GAS","Pierre","Gasly",1996-02-07,"French","toro_rosso","Toro Rosso","Italian","Finished","bahrain","Bahrain International Circuit","Sakhir","Bahrain",26.0325,50.5106,"7"
3,31,5,832,949,22956,55,11,"\N","R",18,0,29,"\N","\N","22","18","1:38.408","197.983",2016,2,"Bahrain Grand Prix",2016-04-03,"15:00:00","sainz","55","SAI","Carlos","Sainz",1994-09-01,"Spanish","toro_rosso","Toro Rosso","Italian","Retired","bahrain","Bahrain International Circuit","Sakhir","Bahrain",26.0325,50.5106,"7"
3,11,15,831,929,22607,12,12,"12","12",12,0,56,"\N","\N","43","7","1:38.216","198.370",2015,4,"Bahrain Grand Prix",2015-04-19,"15:00:00","nasr","12","NAS","Felipe","Nasr",1992-08-21,"Brazilian","sauber","Sauber","Swiss","+1 Lap","bahrain","Bahrain International Circuit","Sakhir","Bahrain",26.0325,50.5106,"7"
3,1,208,154,902,22185,8,16,"12","12",12,0,57,"+43.143","6025886","39","9","1:39.443","195.923",2014,3,"Bahrain Grand Prix",2014-04-06,"15:00:00","grosjean","8","GRO","Romain","Grosjean",1986-04-17,"French","lotus_f1","Lotus F1","British","Finished","bahrain","Bahrain International Circuit","Sakhir","Bahrain",26.0325,50.5106,"7"
3,11,3,822,949,22947,77,6,"9","9",9,2,56,"\N","\N","37","15","1:37.077","200.698",2016,2,"Bahrain Grand Prix",2016-04-03,"15:00:00","bottas","77","BOT","Valtteri","Bottas",1989-08-28,"Finnish","williams","Williams","British","+1 Lap","bahrain","Bahrain International Circuit","Sakhir","Bahrain",26.0325,50.5106,"7"
3,1,1,817,1052,24972,3,6,"7","7",7,6,56,"+66.004","5589901","36","10","1:34.932","205.233",2021,1,"Bahrain Grand Prix",2021-03-28,"15:00:00","ricciardo","3","RIC","Daniel","Ricciardo",1989-07-01,"Australian","mclaren","McLaren","British","Finished","bahrain","Bahrain International Circuit","Sakhir","Bahrain",26.0325,50.5106,"7"
3,1,3,822,929,22599,77,5,"4","4",4,12,57,"+42.957","5748766","16","6","1:38.095","198.615",2015,4,"Bahrain Grand Prix",2015-04-19,"15:00:00","bottas","77","BOT","Valtteri","Bottas",1989-08-28,"Finnish","williams","Williams","British","Finished","bahrain","Bahrain International Circuit","Sakhir","Bahrain",26.0325,50.5106,"7"
3,1,51,841,1011,24233,99,16,"11","11",11,0,57,"+1:04.599","5725894","42","7","1:35.237","204.575",2019,2,"Bahrain Grand Prix",2019-03-31,"15:10:00","giovinazzi","99","GIO","Antonio","Giovinazzi",1993-12-14,"Italian","alfa","Alfa Romeo","Swiss","Finished","bahrain","Bahrain International Circuit","Sakhir","Bahrain",26.0325,50.5106,"7"
3,130,1,832,1011,24241,55,7,"\N","R",19,0,53,"\N","\N","42","10","1:35.586","203.829",2019,2,"Bahrain Grand Prix",2019-03-31,"15:10:00","sainz","55","SAI","Carlos","Sainz",1994-09-01,"Spanish","mclaren","McLaren","British","Collision damage","bahrain","Bahrain International Circuit","Sakhir","Bahrain",26.0325,50.5106,"7"
3,11,4,832,990,23812,55,10,"11","11",11,0,56,"\N","\N","35","18","1:35.535","203.937",2018,2,"Bahrain Grand Prix",2018-04-08,"15:10:00","sainz","55","SAI","Carlos","Sainz",1994-09-01,"Spanish","renault","Renault","French","+1 Lap","bahrain","Bahrain International Circuit","Sakhir","Bahrain",26.0325,50.5106,"7"
3,11,207,819,883,21794,20,18,"17","17",17,0,56,"\N","\N","37","20","1:39.546","195.720",2013,4,"Bahrain Grand Prix",2013-04-21,"12:00:00","pic","\N","PIC","Charles","Pic",1990-02-15,"French","caterham","Caterham","Malaysian","+1 Lap","bahrain","Bahrain International Circuit","Sakhir","Bahrain",26.0325,50.5106,"7"
3,12,164,37,863,21323,22,20,"20","20",20,0,55,"\N","\N","41","22","1:40.237","194.371",2012,4,"Bahrain Grand Prix",2012-04-22,"12:00:00","rosa","\N","DLR","Pedro","de la Rosa",1971-02-24,"Spanish","hrt","HRT","Spanish","+2 Laps","bahrain","Bahrain International Circuit","Sakhir","Bahrain",26.0325,50.5106,"7"
3,1,131,3,949,22939,6,2,"1","1",1,25,57,"1:33:34.696","5614696","41","1","1:34.482","206.210",2016,2,"Bahrain Grand Prix",2016-04-03,"15:00:00","rosberg","6","ROS","Nico","Rosberg",1985-06-27,"German","mercedes","Mercedes","German","Finished","bahrain","Bahrain International Circuit","Sakhir","Bahrain",26.0325,50.5106,"7"
3,1,1,846,1052,24969,4,7,"4","4",4,12,56,"+46.466","5570363","38","6","1:34.396","206.398",2021,1,"Bahrain Grand Prix",2021-03-28,"15:00:00","norris","4","NOR","Lando","Norris",1999-11-13,"British","mclaren","McLaren","British","Finished","bahrain","Bahrain International Circuit","Sakhir","Bahrain",26.0325,50.5106,"7"
3,4,3,840,971,23435,18,12,"\N","R",17,0,12,"\N","\N","10","15","1:36.303","202.311",2017,3,"Bahrain Grand Prix",2017-04-16,"15:00:00","stroll","18","STR","Lance","Stroll",1998-10-29,"Canadian","williams","Williams","British","Collision","bahrain","Bahrain International Circuit","Sakhir","Bahrain",26.0325,50.5106,"7"
3,1,131,3,883,21786,9,1,"9","9",9,2,57,"+41.126","5801624","48","4","1:37.588","199.647",2013,4,"Bahrain Grand Prix",2013-04-21,"12:00:00","rosberg","6","ROS","Nico","Rosberg",1985-06-27,"German","mercedes","Mercedes","German","Finished","bahrain","Bahrain International Circuit","Sakhir","Bahrain",26.0325,50.5106,"7"
3,6,15,828,971,23433,9,19,"\N","R",15,0,50,"\N","\N","35","10","1:35.086","204.900",2017,3,"Bahrain Grand Prix",2017-04-16,"15:00:00","ericsson","9","ERI","Marcus","Ericsson",1990-09-02,"Swedish","sauber","Sauber","Swiss","Gearbox","bahrain","Bahrain International Circuit","Sakhir","Bahrain",26.0325,50.5106,"7"
3,1,3,851,1046,24941,89,17,"16","16",16,0,87,"+33.674","5508788","56","15","0:57.392","222.240",2020,16,"Sakhir Grand Prix",2020-12-06,"17:10:00","aitken","89","AIT","Jack","Aitken",1995-09-23,"British","williams","Williams","British","Finished","bahrain","Bahrain International Circuit","Sakhir","Bahrain",26.0325,50.5106,"7"
3,1,4,839,1045,24914,31,7,"9","9",9,2,57,"+22.803","10810318","37","13","1:34.354","206.490",2020,15,"Bahrain Grand Prix",2020-11-29,"14:10:00","ocon","31","OCO","Esteban","Ocon",1996-09-17,"French","renault","Renault","French","Finished","bahrain","Bahrain International Circuit","Sakhir","Bahrain",26.0325,50.5106,"7"
3,11,15,828,929,22609,9,13,"14","14",14,0,56,"\N","\N","27","9","1:38.422","197.955",2015,4,"Bahrain Grand Prix",2015-04-19,"15:00:00","ericsson","9","ERI","Marcus","Ericsson",1990-09-02,"Swedish","sauber","Sauber","Swiss","+1 Lap","bahrain","Bahrain International Circuit","Sakhir","Bahrain",26.0325,50.5106,"7"
3,1,131,822,1046,24933,77,1,"8","8",8,4,87,"+15.389","5490503","60","2","0:56.563","225.497",2020,16,"Sakhir Grand Prix",2020-12-06,"17:10:00","bottas","77","BOT","Valtteri","Bottas",1989-08-28,"Finnish","mercedes","Mercedes","German","Finished","bahrain","Bahrain International Circuit","Sakhir","Bahrain",26.0325,50.5106,"7"
3,131,1,18,949,22958,22,14,"\N","R",20,0,6,"\N","\N","3","20","1:39.427","195.954",2016,2,"Bahrain Grand Prix",2016-04-03,"15:00:00","button","22","BUT","Jenson","Button",1980-01-19,"British","mclaren","McLaren","British","Power Unit","bahrain","Bahrain International Circuit","Sakhir","Bahrain",26.0325,50.5106,"7"
3,1,5,818,863,21317,17,17,"14","14",14,0,57,"+1:33.723","5804713","43","4","1:37.058","200.737",2012,4,"Bahrain Grand Prix",2012-04-22,"12:00:00","vergne","25","VER","Jean-Éric","Vergne",1990-04-25,"French","toro_rosso","Toro Rosso","Italian","Finished","bahrain","Bahrain International Circuit","Sakhir","Bahrain",26.0325,50.5106,"7"
3,11,209,836,949,22951,94,16,"13","13",13,0,56,"\N","\N","43","6","1:35.448","204.123",2016,2,"Bahrain Grand Prix",2016-04-03,"15:00:00","wehrlein","94","WEH","Pascal","Wehrlein",1994-10-18,"German","manor","Manor Marussia","British","+1 Lap","bahrain","Bahrain International Circuit","Sakhir","Bahrain",26.0325,50.5106,"7"
3,1,51,8,1011,24229,7,8,"7","7",7,6,57,"+47.470","5708765","45","11","1:35.589","203.822",2019,2,"Bahrain Grand Prix",2019-03-31,"15:10:00","raikkonen","7","RAI","Kimi","Räikkönen",1979-10-17,"Finnish","alfa","Alfa Romeo","Swiss","Finished","bahrain","Bahrain International Circuit","Sakhir","Bahrain",26.0325,50.5106,"7"
3,11,51,841,1045,24921,99,16,"16","16",16,0,56,"\N","\N","22","14","1:34.536","206.092",2020,15,"Bahrain Grand Prix",2020-11-29,"14:10:00","giovinazzi","99","GIO","Antonio","Giovinazzi",1993-12-14,"Italian","alfa","Alfa Romeo","Swiss","+1 Lap","bahrain","Bahrain International Circuit","Sakhir","Bahrain",26.0325,50.5106,"7"
3,1,131,1,902,22174,44,2,"1","1",1,25,57,"1:39:42.743","5982743","49","2","1:37.108","200.634",2014,3,"Bahrain Grand Prix",2014-04-06,"15:00:00","hamilton","44","HAM","Lewis","Hamilton",1985-01-07,"British","mercedes","Mercedes","German","Finished","bahrain","Bahrain International Circuit","Sakhir","Bahrain",26.0325,50.5106,"7"
3,11,208,813,929,22610,13,16,"15","15",15,0,56,"\N","\N","43","4","1:37.665","199.490",2015,4,"Bahrain Grand Prix",2015-04-19,"15:00:00","maldonado","13","MAL","Pastor","Maldonado",1985-03-09,"Venezuelan","lotus_f1","Lotus F1","British","+1 Lap","bahrain","Bahrain International Circuit","Sakhir","Bahrain",26.0325,50.5106,"7"
3,1,51,841,1046,24938,99,14,"13","13",13,0,87,"+24.111","5499225","56","4","0:56.887","224.212",2020,16,"Sakhir Grand Prix",2020-12-06,"17:10:00","giovinazzi","99","GIO","Antonio","Giovinazzi",1993-12-14,"Italian","alfa","Alfa Romeo","Swiss","Finished","bahrain","Bahrain International Circuit","Sakhir","Bahrain",26.0325,50.5106,"7"
3,1,1,846,1011,24228,4,9,"6","6",6,8,57,"+45.754","5707049","14","12","1:35.777","203.422",2019,2,"Bahrain Grand Prix",2019-03-31,"15:10:00","norris","4","NOR","Lando","Norris",1999-11-13,"British","mclaren","McLaren","British","Finished","bahrain","Bahrain International Circuit","Sakhir","Bahrain",26.0325,50.5106,"7"
3,1,4,807,971,23427,27,7,"9","9",9,2,57,"+1:20.188","5713562","40","12","1:35.372","204.286",2017,3,"Bahrain Grand Prix",2017-04-16,"15:00:00","hulkenberg","27","HUL","Nico","Hülkenberg",1987-08-19,"German","renault","Renault","French","Finished","bahrain","Bahrain International Circuit","Sakhir","Bahrain",26.0325,50.5106,"7"
3,31,3,849,1052,24983,6,17,"18","18",18,0,51,"\N","\N","16","19","1:36.602","201.685",2021,1,"Bahrain Grand Prix",2021-03-28,"15:00:00","latifi","6","LAT","Nicholas","Latifi",1995-06-29,"Canadian","williams","Williams","British","Retired","bahrain","Bahrain International Circuit","Sakhir","Bahrain",26.0325,50.5106,"7"
3,1,10,814,883,21781,14,5,"4","4",4,12,57,"+21.727","5782225","57","12","1:38.336","198.128",2013,4,"Bahrain Grand Prix",2013-04-21,"12:00:00","resta","\N","DIR","Paul","di Resta",1986-04-16,"British","force_india","Force India","Indian","Finished","bahrain","Bahrain International Circuit","Sakhir","Bahrain",26.0325,50.5106,"7"
3,1,1,815,883,21783,6,12,"6","6",6,8,57,"+35.998","5796496","41","7","1:37.913","198.984",2013,4,"Bahrain Grand Prix",2013-04-21,"12:00:00","perez","11","PER","Sergio","Pérez",1990-01-26,"Mexican","mclaren","McLaren","British","Finished","bahrain","Bahrain International Circuit","Sakhir","Bahrain",26.0325,50.5106,"7"
3,1,210,850,1046,24942,51,20,"17","17",17,0,87,"+36.858","5511972","56","17","0:57.742","220.892",2020,16,"Sakhir Grand Prix",2020-12-06,"17:10:00","pietro_fittipaldi","51","FIT","Pietro","Fittipaldi",1996-06-25,"Brazilian","haas","Haas F1 Team","American","Finished","bahrain","Bahrain International Circuit","Sakhir","Bahrain",26.0325,50.5106,"7"
3,1,6,8,902,22183,7,5,"10","10",10,1,57,"+33.462","6016205","35","8","1:39.438","195.933",2014,3,"Bahrain Grand Prix",2014-04-06,"15:00:00","raikkonen","7","RAI","Kimi","Räikkönen",1979-10-17,"Finnish","ferrari","Ferrari","Italian","Finished","bahrain","Bahrain International Circuit","Sakhir","Bahrain",26.0325,50.5106,"7"
3,1,9,817,929,22601,3,7,"6","6",6,8,57,"+1:01.751","5767560","53","12","1:38.948","196.903",2015,4,"Bahrain Grand Prix",2015-04-19,"15:00:00","ricciardo","3","RIC","Daniel","Ricciardo",1989-07-01,"Australian","red_bull","Red Bull","Austrian","Finished","bahrain","Bahrain International Circuit","Sakhir","Bahrain",26.0325,50.5106,"7"
3,1,9,817,971,23423,3,4,"5","5",5,10,57,"+39.346","5672720","42","2","1:33.495","208.387",2017,3,"Bahrain Grand Prix",2017-04-16,"15:00:00","ricciardo","3","RIC","Daniel","Ricciardo",1989-07-01,"Australian","red_bull","Red Bull","Austrian","Finished","bahrain","Bahrain International Circuit","Sakhir","Bahrain",26.0325,50.5106,"7"
3,11,3,847,1011,24237,63,19,"15","15",15,0,56,"\N","\N","14","19","1:37.313","200.211",2019,2,"Bahrain Grand Prix",2019-03-31,"15:10:00","russell","63","RUS","George","Russell",1998-02-15,"British","williams","Williams","British","+1 Lap","bahrain","Bahrain International Circuit","Sakhir","Bahrain",26.0325,50.5106,"7"
3,11,1,4,929,22606,14,14,"11","11",11,0,56,"\N","\N","38","13","1:38.992","196.815",2015,4,"Bahrain Grand Prix",2015-04-19,"15:00:00","alonso","14","ALO","Fernando","Alonso",1981-07-29,"Spanish","mclaren","McLaren","British","+1 Lap","bahrain","Bahrain International Circuit","Sakhir","Bahrain",26.0325,50.5106,"7"
3,1,9,17,883,21784,2,7,"7","7",7,6,57,"+37.244","5797742","52","13","1:38.557","197.684",2013,4,"Bahrain Grand Prix",2013-04-21,"12:00:00","webber","\N","WEB","Mark","Webber",1976-08-27,"Australian","red_bull","Red Bull","Austrian","Finished","bahrain","Bahrain International Circuit","Sakhir","Bahrain",26.0325,50.5106,"7"
3,31,210,154,1011,24242,8,11,"\N","R",20,0,16,"\N","\N","3","18","1:37.262","200.316",2019,2,"Bahrain Grand Prix",2019-03-31,"15:10:00","grosjean","8","GRO","Romain","Grosjean",1986-04-17,"French","haas","Haas F1 Team","American","Retired","bahrain","Bahrain International Circuit","Sakhir","Bahrain",26.0325,50.5106,"7"
3,131,1,4,971,23432,14,15,"14","14",14,0,54,"\N","\N","47","14","1:35.595","203.809",2017,3,"Bahrain Grand Prix",2017-04-16,"15:00:00","alonso","14","ALO","Fernando","Alonso",1981-07-29,"Spanish","mclaren","McLaren","British","Power Unit","bahrain","Bahrain International Circuit","Sakhir","Bahrain",26.0325,50.5106,"7"
3,1,1,1,863,21311,4,2,"8","8",8,4,57,"+58.984","5769974","38","7","1:37.733","199.351",2012,4,"Bahrain Grand Prix",2012-04-22,"12:00:00","hamilton","44","HAM","Lewis","Hamilton",1985-01-07,"British","mclaren","McLaren","British","Finished","bahrain","Bahrain International Circuit","Sakhir","Bahrain",26.0325,50.5106,"7"
3,23,9,830,971,23436,33,6,"\N","R",18,0,11,"\N","\N","4","16","1:36.681","201.520",2017,3,"Bahrain Grand Prix",2017-04-16,"15:00:00","max_verstappen","33","VER","Max","Verstappen",1997-09-30,"Dutch","red_bull","Red Bull","Austrian","Brakes","bahrain","Bahrain International Circuit","Sakhir","Bahrain",26.0325,50.5106,"7"
3,31,213,842,1052,24982,10,5,"17","17",17,0,52,"\N","\N","48","5","1:34.090","207.069",2021,1,"Bahrain Grand Prix",2021-03-28,"15:00:00","gasly","10","GAS","Pierre","Gasly",1996-02-07,"French","alphatauri","AlphaTauri","Italian","Retired","bahrain","Bahrain International Circuit","Sakhir","Bahrain",26.0325,50.5106,"7"
3,132,1,18,929,22615,22,20,"\N","W",20,0,0,"\N","\N","\N","0","\N","\N",2015,4,"Bahrain Grand Prix",2015-04-19,"15:00:00","button","22","BUT","Jenson","Button",1980-01-19,"British","mclaren","McLaren","British","ERS","bahrain","Bahrain International Circuit","Sakhir","Bahrain",26.0325,50.5106,"7"
3,1,4,807,990,23807,27,7,"6","6",6,8,57,"+1:39.024","5620964","50","9","1:34.667","205.807",2018,2,"Bahrain Grand Prix",2018-04-08,"15:10:00","hulkenberg","27","HUL","Nico","Hülkenberg",1987-08-19,"German","renault","Renault","French","Finished","bahrain","Bahrain International Circuit","Sakhir","Bahrain",26.0325,50.5106,"7"
3,1,6,4,863,21310,5,9,"7","7",7,6,57,"+57.803","5768793","44","15","1:38.203","198.397",2012,4,"Bahrain Grand Prix",2012-04-22,"12:00:00","alonso","14","ALO","Fernando","Alonso",1981-07-29,"Spanish","ferrari","Ferrari","Italian","Finished","bahrain","Bahrain International Circuit","Sakhir","Bahrain",26.0325,50.5106,"7"
3,31,5,818,902,22194,25,14,"\N","R",21,0,18,"\N","\N","16","19","1:41.650","191.669",2014,3,"Bahrain Grand Prix",2014-04-06,"15:00:00","vergne","25","VER","Jean-Éric","Vergne",1990-04-25,"French","toro_rosso","Toro Rosso","Italian","Retired","bahrain","Bahrain International Circuit","Sakhir","Bahrain",26.0325,50.5106,"7"
3,1,131,1,990,23804,44,9,"3","3",3,15,57,"+6.512","5528452","51","2","1:33.953","207.371",2018,2,"Bahrain Grand Prix",2018-04-08,"15:10:00","hamilton","44","HAM","Lewis","Hamilton",1985-01-07,"British","mercedes","Mercedes","German","Finished","bahrain","Bahrain International Circuit","Sakhir","Bahrain",26.0325,50.5106,"7"
3,11,209,837,949,22955,88,20,"17","17",17,0,56,"\N","\N","47","13","1:36.685","201.512",2016,2,"Bahrain Grand Prix",2016-04-03,"15:00:00","haryanto","88","HAR","Rio","Haryanto",1993-01-22,"Indonesian","manor","Manor Marussia","British","+1 Lap","bahrain","Bahrain International Circuit","Sakhir","Bahrain",26.0325,50.5106,"7"
3,1,211,815,1011,24232,11,14,"10","10",10,1,57,"+1:03.696","5724991","51","14","1:36.330","202.254",2019,2,"Bahrain Grand Prix",2019-03-31,"15:10:00","perez","11","PER","Sergio","Pérez",1990-01-26,"Mexican","racing_point","Racing Point","British","Finished","bahrain","Bahrain International Circuit","Sakhir","Bahrain",26.0325,50.5106,"7"
3,1,9,20,863,21304,1,1,"1","1",1,25,57,"1:35:10.990","5710990","41","1","1:36.379","202.151",2012,4,"Bahrain Grand Prix",2012-04-22,"12:00:00","vettel","5","VET","Sebastian","Vettel",1987-07-03,"German","red_bull","Red Bull","Austrian","Finished","bahrain","Bahrain International Circuit","Sakhir","Bahrain",26.0325,50.5106,"7"
3,1,6,8,929,22597,7,4,"2","2",2,18,57,"+3.380","5709189","42","1","1:36.311","202.294",2015,4,"Bahrain Grand Prix",2015-04-19,"15:00:00","raikkonen","7","RAI","Kimi","Räikkönen",1979-10-17,"Finnish","ferrari","Ferrari","Italian","Finished","bahrain","Bahrain International Circuit","Sakhir","Bahrain",26.0325,50.5106,"7"
3,11,5,817,883,21793,19,13,"16","16",16,0,56,"\N","\N","51","21","1:39.579","195.655",2013,4,"Bahrain Grand Prix",2013-04-21,"12:00:00","ricciardo","3","RIC","Daniel","Ricciardo",1989-07-01,"Australian","toro_rosso","Toro Rosso","Italian","+1 Lap","bahrain","Bahrain International Circuit","Sakhir","Bahrain",26.0325,50.5106,"7"
3,10,210,825,971,23437,20,20,"\N","R",19,0,8,"\N","\N","6","19","1:38.718","197.362",2017,3,"Bahrain Grand Prix",2017-04-16,"15:00:00","kevin_magnussen","20","MAG","Kevin","Magnussen",1992-10-05,"Danish","haas","Haas F1 Team","American","Electrical","bahrain","Bahrain International Circuit","Sakhir","Bahrain",26.0325,50.5106,"7"
3,1,131,1,1052,24966,44,2,"1","1",1,25,56,"1:32:03.897","5523897","44","4","1:34.015","207.235",2021,1,"Bahrain Grand Prix",2021-03-28,"15:00:00","hamilton","44","HAM","Lewis","Hamilton",1985-01-07,"British","mercedes","Mercedes","German","Finished","bahrain","Bahrain International Circuit","Sakhir","Bahrain",26.0325,50.5106,"7"
3,1,213,842,1045,24911,10,8,"6","6",6,8,57,"+11.942","10799457","48","16","1:34.817","205.482",2020,15,"Bahrain Grand Prix",2020-11-29,"14:10:00","gasly","10","GAS","Pierre","Gasly",1996-02-07,"French","alphatauri","AlphaTauri","Italian","Finished","bahrain","Bahrain International Circuit","Sakhir","Bahrain",26.0325,50.5106,"7"
3,11,6,844,1045,24915,16,12,"10","10",10,1,56,"\N","\N","44","8","1:33.625","208.098",2020,15,"Bahrain Grand Prix",2020-11-29,"14:10:00","leclerc","16","LEC","Charles","Leclerc",1997-10-16,"Monegasque","ferrari","Ferrari","Italian","+1 Lap","bahrain","Bahrain International Circuit","Sakhir","Bahrain",26.0325,50.5106,"7"
3,1,131,3,929,22598,6,3,"3","3",3,15,57,"+6.033","5711842","36","3","1:37.326","200.184",2015,4,"Bahrain Grand Prix",2015-04-19,"15:00:00","rosberg","6","ROS","Nico","Rosberg",1985-06-27,"German","mercedes","Mercedes","German","Finished","bahrain","Bahrain International Circuit","Sakhir","Bahrain",26.0325,50.5106,"7"
3,11,15,828,949,22950,9,17,"12","12",12,0,56,"\N","\N","32","17","1:38.003","198.802",2016,2,"Bahrain Grand Prix",2016-04-03,"15:00:00","ericsson","9","ERI","Marcus","Ericsson",1990-09-02,"Swedish","sauber","Sauber","Swiss","+1 Lap","bahrain","Bahrain International Circuit","Sakhir","Bahrain",26.0325,50.5106,"7"
3,11,3,847,1052,24979,63,15,"14","14",14,0,55,"\N","\N","40","12","1:35.036","205.008",2021,1,"Bahrain Grand Prix",2021-03-28,"15:00:00","russell","63","RUS","George","Russell",1998-02-15,"British","williams","Williams","British","+1 Lap","bahrain","Bahrain International Circuit","Sakhir","Bahrain",26.0325,50.5106,"7"
3,9,4,835,949,22960,30,19,"\N","W",22,0,0,"\N","\N","\N","0","\N","\N",2016,2,"Bahrain Grand Prix",2016-04-03,"15:00:00","jolyon_palmer","30","PAL","Jolyon","Palmer",1991-01-20,"British","renault","Renault","French","Hydraulics","bahrain","Bahrain International Circuit","Sakhir","Bahrain",26.0325,50.5106,"7"
3,1,6,20,929,22600,5,2,"5","5",5,10,57,"+43.989","5749798","38","2","1:36.624","201.639",2015,4,"Bahrain Grand Prix",2015-04-19,"15:00:00","vettel","5","VET","Sebastian","Vettel",1987-07-03,"German","ferrari","Ferrari","Italian","Finished","bahrain","Bahrain International Circuit","Sakhir","Bahrain",26.0325,50.5106,"7"
3,11,210,854,1052,24981,47,18,"16","16",16,0,55,"\N","\N","38","18","1:36.134","202.667",2021,1,"Bahrain Grand Prix",2021-03-28,"15:00:00","mick_schumacher","47","MSC","Mick","Schumacher",1999-03-22,"German","haas","Haas F1 Team","American","+1 Lap","bahrain","Bahrain International Circuit","Sakhir","Bahrain",26.0325,50.5106,"7"
3,1,131,3,902,22175,6,1,"2","2",2,18,57,"+1.085","5983828","49","1","1:37.020","200.816",2014,3,"Bahrain Grand Prix",2014-04-06,"15:00:00","rosberg","6","ROS","Nico","Rosberg",1985-06-27,"German","mercedes","Mercedes","German","Finished","bahrain","Bahrain International Circuit","Sakhir","Bahrain",26.0325,50.5106,"7"
3,11,210,825,1011,24235,20,6,"13","13",13,0,56,"\N","\N","41","13","1:35.892","203.178",2019,2,"Bahrain Grand Prix",2019-03-31,"15:10:00","kevin_magnussen","20","MAG","Kevin","Magnussen",1992-10-05,"Danish","haas","Haas F1 Team","American","+1 Lap","bahrain","Bahrain International Circuit","Sakhir","Bahrain",26.0325,50.5106,"7"
3,1,131,3,863,21308,8,5,"5","5",5,10,57,"+55.460","5766450","41","10","1:38.080","198.646",2012,4,"Bahrain Grand Prix",2012-04-22,"12:00:00","rosberg","6","ROS","Nico","Rosberg",1985-06-27,"German","mercedes","Mercedes","German","Finished","bahrain","Bahrain International Circuit","Sakhir","Bahrain",26.0325,50.5106,"7"
3,1,15,815,863,21314,15,8,"11","11",11,0,57,"+1:12.702","5783692","39","14","1:38.146","198.512",2012,4,"Bahrain Grand Prix",2012-04-22,"12:00:00","perez","11","PER","Sergio","Pérez",1990-01-26,"Mexican","sauber","Sauber","Swiss","Finished","bahrain","Bahrain International Circuit","Sakhir","Bahrain",26.0325,50.5106,"7"
3,29,9,830,990,23820,33,15,"\N","R",19,0,3,"\N","\N","\N","0","\N","\N",2018,2,"Bahrain Grand Prix",2018-04-08,"15:10:00","max_verstappen","33","VER","Max","Verstappen",1997-09-30,"Dutch","red_bull","Red Bull","Austrian","Puncture","bahrain","Bahrain International Circuit","Sakhir","Bahrain",26.0325,50.5106,"7"
3,1,10,814,863,21309,11,10,"6","6",6,8,57,"+57.543","5768533","41","18","1:38.372","198.056",2012,4,"Bahrain Grand Prix",2012-04-22,"12:00:00","resta","\N","DIR","Paul","di Resta",1986-04-16,"British","force_india","Force India","Indian","Finished","bahrain","Bahrain International Circuit","Sakhir","Bahrain",26.0325,50.5106,"7"
3,11,6,20,1045,24918,5,11,"13","13",13,0,56,"\N","\N","41","11","1:33.861","207.575",2020,15,"Bahrain Grand Prix",2020-11-29,"14:10:00","vettel","5","VET","Sebastian","Vettel",1987-07-03,"German","ferrari","Ferrari","Italian","+1 Lap","bahrain","Bahrain International Circuit","Sakhir","Bahrain",26.0325,50.5106,"7"
3,1,6,4,883,21785,3,3,"8","8",8,4,57,"+37.574","5798072","41","3","1:37.204","200.436",2013,4,"Bahrain Grand Prix",2013-04-21,"12:00:00","alonso","14","ALO","Fernando","Alonso",1981-07-29,"Spanish","ferrari","Ferrari","Italian","Finished","bahrain","Bahrain International Circuit","Sakhir","Bahrain",26.0325,50.5106,"7"
3,1,208,154,883,21780,8,11,"3","3",3,15,57,"+19.507","5780005","52","5","1:37.627","199.567",2013,4,"Bahrain Grand Prix",2013-04-21,"12:00:00","grosjean","8","GRO","Romain","Grosjean",1986-04-17,"French","lotus_f1","Lotus F1","British","Finished","bahrain","Bahrain International Circuit","Sakhir","Bahrain",26.0325,50.5106,"7"
3,1,4,817,1045,24912,3,6,"7","7",7,6,57,"+19.368","10806883","38","2","1:32.827","209.887",2020,15,"Bahrain Grand Prix",2020-11-29,"14:10:00","ricciardo","3","RIC","Daniel","Ricciardo",1989-07-01,"Australian","renault","Renault","French","Finished","bahrain","Bahrain International Circuit","Sakhir","Bahrain",26.0325,50.5106,"7"
3,1,210,825,990,23806,20,6,"5","5",5,10,57,"+1:15.046","5596986","29","5","1:34.327","206.549",2018,2,"Bahrain Grand Prix",2018-04-08,"15:10:00","kevin_magnussen","20","MAG","Kevin","Magnussen",1992-10-05,"Danish","haas","Haas F1 Team","American","Finished","bahrain","Bahrain International Circuit","Sakhir","Bahrain",26.0325,50.5106,"7"
3,1,131,847,1046,24934,63,2,"9","9",9,3,87,"+18.556","5493670","80","1","0:55.404","230.214",2020,16,"Sakhir Grand Prix",2020-12-06,"17:10:00","russell","63","RUS","George","Russell",1998-02-15,"British","mercedes","Mercedes","German","Finished","bahrain","Bahrain International Circuit","Sakhir","Bahrain",26.0325,50.5106,"7"
3,11,51,8,1045,24920,7,17,"15","15",15,0,56,"\N","\N","43","6","1:33.573","208.213",2020,15,"Bahrain Grand Prix",2020-11-29,"14:10:00","raikkonen","7","RAI","Kimi","Räikkönen",1979-10-17,"Finnish","alfa","Alfa Romeo","Swiss","+1 Lap","bahrain","Bahrain International Circuit","Sakhir","Bahrain",26.0325,50.5106,"7"
3,1,6,844,1011,24225,16,1,"3","3",3,16,57,"+6.131","5667426","38","1","1:33.411","208.575",2019,2,"Bahrain Grand Prix",2019-03-31,"15:10:00","leclerc","16","LEC","Charles","Leclerc",1997-10-16,"Monegasque","ferrari","Ferrari","Italian","Finished","bahrain","Bahrain International Circuit","Sakhir","Bahrain",26.0325,50.5106,"7"
3,1,9,815,1052,24970,11,0,"5","5",5,10,56,"+52.047","5575944","44","3","1:33.970","207.334",2021,1,"Bahrain Grand Prix",2021-03-28,"15:00:00","perez","11","PER","Sergio","Pérez",1990-01-26,"Mexican","red_bull","Red Bull","Austrian","Finished","bahrain","Bahrain International Circuit","Sakhir","Bahrain",26.0325,50.5106,"7"
3,1,9,842,1011,24230,10,13,"8","8",8,4,57,"+58.094","5719389","42","8","1:35.291","204.460",2019,2,"Bahrain Grand Prix",2019-03-31,"15:10:00","gasly","10","GAS","Pierre","Gasly",1996-02-07,"French","red_bull","Red Bull","Austrian","Finished","bahrain","Bahrain International Circuit","Sakhir","Bahrain",26.0325,50.5106,"7"
3,1,10,807,902,22178,27,11,"5","5",5,10,57,"+28.654","6011397","37","3","1:38.785","197.228",2014,3,"Bahrain Grand Prix",2014-04-06,"15:00:00","hulkenberg","27","HUL","Nico","Hülkenberg",1987-08-19,"German","force_india","Force India","Indian","Finished","bahrain","Bahrain International Circuit","Sakhir","Bahrain",26.0325,50.5106,"7"
3,29,3,813,863,21326,18,21,"\N","R",23,0,25,"\N","\N","14","21","1:39.876","195.073",2012,4,"Bahrain Grand Prix",2012-04-22,"12:00:00","maldonado","13","MAL","Pastor","Maldonado",1985-03-09,"Venezuelan","williams","Williams","British","Puncture","bahrain","Bahrain International Circuit","Sakhir","Bahrain",26.0325,50.5106,"7"
3,1,9,17,863,21307,2,3,"4","4",4,12,57,"+38.788","5749778","45","6","1:37.437","199.956",2012,4,"Bahrain Grand Prix",2012-04-22,"12:00:00","webber","\N","WEB","Mark","Webber",1976-08-27,"Australian","red_bull","Red Bull","Austrian","Finished","bahrain","Bahrain International Circuit","Sakhir","Bahrain",26.0325,50.5106,"7"
3,1,9,848,1045,24908,23,4,"3","3",3,15,57,"+8.005","10795520","41","10","1:33.684","207.967",2020,15,"Bahrain Grand Prix",2020-11-29,"14:10:00","albon","23","ALB","Alexander","Albon",1996-03-23,"Thai","red_bull","Red Bull","Austrian","Finished","bahrain","Bahrain International Circuit","Sakhir","Bahrain",26.0325,50.5106,"7"
3,36,6,8,990,23819,7,2,"\N","R",18,0,35,"\N","\N","22","6","1:34.337","206.527",2018,2,"Bahrain Grand Prix",2018-04-08,"15:10:00","raikkonen","7","RAI","Kimi","Räikkönen",1979-10-17,"Finnish","ferrari","Ferrari","Italian","Wheel","bahrain","Bahrain International Circuit","Sakhir","Bahrain",26.0325,50.5106,"7"
3,1,3,822,883,21791,17,15,"14","14",14,0,57,"+1:21.511","5842009","57","9","1:38.192","198.419",2013,4,"Bahrain Grand Prix",2013-04-21,"12:00:00","bottas","77","BOT","Valtteri","Bottas",1989-08-28,"Finnish","williams","Williams","British","Finished","bahrain","Bahrain International Circuit","Sakhir","Bahrain",26.0325,50.5106,"7"
3,1,211,840,1046,24928,18,10,"3","3",3,15,87,"+11.869","5486983","85","14","0:57.388","222.255",2020,16,"Sakhir Grand Prix",2020-12-06,"17:10:00","stroll","18","STR","Lance","Stroll",1998-10-29,"Canadian","racing_point","Racing Point","British","Finished","bahrain","Bahrain International Circuit","Sakhir","Bahrain",26.0325,50.5106,"7"
3,23,214,4,1052,24984,14,9,"\N","R",19,0,32,"\N","\N","31","17","1:36.063","202.816",2021,1,"Bahrain Grand Prix",2021-03-28,"15:00:00","alonso","14","ALO","Fernando","Alonso",1981-07-29,"Spanish","alpine","Alpine F1 Team","French","Brakes","bahrain","Bahrain International Circuit","Sakhir","Bahrain",26.0325,50.5106,"7"
3,1,9,830,1011,24226,33,5,"4","4",4,12,57,"+6.408","5667703","47","9","1:35.311","204.417",2019,2,"Bahrain Grand Prix",2019-03-31,"15:10:00","max_verstappen","33","VER","Max","Verstappen",1997-09-30,"Dutch","red_bull","Red Bull","Austrian","Finished","bahrain","Bahrain International Circuit","Sakhir","Bahrain",26.0325,50.5106,"7"
3,131,1,838,971,23438,2,17,"\N","R",20,0,0,"\N","\N","\N","0","\N","\N",2017,3,"Bahrain Grand Prix",2017-04-16,"15:00:00","vandoorne","2","VAN","Stoffel","Vandoorne",1992-03-26,"Belgian","mclaren","McLaren","British","Power Unit","bahrain","Bahrain International Circuit","Sakhir","Bahrain",26.0325,50.5106,"7"
3,1,6,4,902,22182,14,9,"9","9",9,2,57,"+32.595","6015338","53","12","1:39.732","195.355",2014,3,"Bahrain Grand Prix",2014-04-06,"15:00:00","alonso","14","ALO","Fernando","Alonso",1981-07-29,"Spanish","ferrari","Ferrari","Italian","Finished","bahrain","Bahrain International Circuit","Sakhir","Bahrain",26.0325,50.5106,"7"
3,8,1,825,902,22191,20,8,"\N","R",18,0,40,"\N","\N","40","14","1:40.108","194.621",2014,3,"Bahrain Grand Prix",2014-04-06,"15:00:00","kevin_magnussen","20","MAG","Kevin","Magnussen",1992-10-05,"Danish","mclaren","McLaren","British","Clutch","bahrain","Bahrain International Circuit","Sakhir","Bahrain",26.0325,50.5106,"7"
3,1,51,8,1052,24976,7,14,"11","11",11,0,56,"+88.864","5612761","45","14","1:35.192","204.672",2021,1,"Bahrain Grand Prix",2021-03-28,"15:00:00","raikkonen","7","RAI","Kimi","Räikkönen",1979-10-17,"Finnish","alfa","Alfa Romeo","Swiss","Finished","bahrain","Bahrain International Circuit","Sakhir","Bahrain",26.0325,50.5106,"7"
3,11,3,845,990,23816,35,18,"15","15",15,0,56,"\N","\N","47","3","1:34.053","207.151",2018,2,"Bahrain Grand Prix",2018-04-08,"15:10:00","sirotkin","35","SIR","Sergey","Sirotkin",1995-08-27,"Russian","williams","Williams","British","+1 Lap","bahrain","Bahrain International Circuit","Sakhir","Bahrain",26.0325,50.5106,"7"
3,1,213,826,1046,24932,26,6,"7","7",7,6,87,"+14.534","5489648","80","7","0:57.001","223.764",2020,16,"Sakhir Grand Prix",2020-12-06,"17:10:00","kvyat","26","KVY","Daniil","Kvyat",1994-04-26,"Russian","alphatauri","AlphaTauri","Italian","Finished","bahrain","Bahrain International Circuit","Sakhir","Bahrain",26.0325,50.5106,"7"
3,12,3,9,1011,24238,88,20,"16","16",16,0,55,"\N","\N","13","20","1:37.903","199.005",2019,2,"Bahrain Grand Prix",2019-03-31,"15:10:00","kubica","88","KUB","Robert","Kubica",1984-12-07,"Polish","williams","Williams","British","+2 Laps","bahrain","Bahrain International Circuit","Sakhir","Bahrain",26.0325,50.5106,"7"
3,1,6,844,1052,24971,16,4,"6","6",6,8,56,"+59.090","5582987","39","11","1:34.988","205.112",2021,1,"Bahrain Grand Prix",2021-03-28,"15:00:00","leclerc","16","LEC","Charles","Leclerc",1997-10-16,"Monegasque","ferrari","Ferrari","Italian","Finished","bahrain","Bahrain International Circuit","Sakhir","Bahrain",26.0325,50.5106,"7"
3,11,3,13,929,22605,19,6,"10","10",10,1,56,"\N","\N","12","14","1:39.094","196.613",2015,4,"Bahrain Grand Prix",2015-04-19,"15:00:00","massa","19","MAS","Felipe","Massa",1981-04-25,"Brazilian","williams","Williams","British","+1 Lap","bahrain","Bahrain International Circuit","Sakhir","Bahrain",26.0325,50.5106,"7"
3,1,210,154,949,22943,8,9,"5","5",5,10,57,"+1:18.299","5692995","42","11","1:36.095","202.749",2016,2,"Bahrain Grand Prix",2016-04-03,"15:00:00","grosjean","8","GRO","Romain","Grosjean",1986-04-17,"French","haas","Haas F1 Team","American","Finished","bahrain","Bahrain International Circuit","Sakhir","Bahrain",26.0325,50.5106,"7"
3,1,3,813,883,21788,16,17,"11","11",11,0,57,"+1:06.450","5826948","57","17","1:38.962","196.875",2013,4,"Bahrain Grand Prix",2013-04-21,"12:00:00","maldonado","13","MAL","Pastor","Maldonado",1985-03-09,"Venezuelan","williams","Williams","British","Finished","bahrain","Bahrain International Circuit","Sakhir","Bahrain",26.0325,50.5106,"7"
3,11,214,839,1052,24978,31,16,"13","13",13,0,55,"\N","\N","33","15","1:35.250","204.548",2021,1,"Bahrain Grand Prix",2021-03-28,"15:00:00","ocon","31","OCO","Esteban","Ocon",1996-09-17,"French","alpine","Alpine F1 Team","French","+1 Lap","bahrain","Bahrain International Circuit","Sakhir","Bahrain",26.0325,50.5106,"7"
3,11,10,815,929,22603,11,11,"8","8",8,4,56,"\N","\N","39","8","1:38.338","198.124",2015,4,"Bahrain Grand Prix",2015-04-19,"15:00:00","perez","11","PER","Sergio","Pérez",1990-01-26,"Mexican","force_india","Force India","Indian","+1 Lap","bahrain","Bahrain International Circuit","Sakhir","Bahrain",26.0325,50.5106,"7"
3,10,9,817,990,23821,3,4,"\N","R",20,0,1,"\N","\N","\N","0","\N","\N",2018,2,"Bahrain Grand Prix",2018-04-08,"15:10:00","ricciardo","3","RIC","Daniel","Ricciardo",1989-07-01,"Australian","red_bull","Red Bull","Austrian","Electrical","bahrain","Bahrain International Circuit","Sakhir","Bahrain",26.0325,50.5106,"7"
3,11,5,817,863,21318,16,6,"15","15",15,0,56,"\N","\N","42","8","1:37.903","199.005",2012,4,"Bahrain Grand Prix",2012-04-22,"12:00:00","ricciardo","3","RIC","Daniel","Ricciardo",1989-07-01,"Australian","toro_rosso","Toro Rosso","Italian","+1 Lap","bahrain","Bahrain International Circuit","Sakhir","Bahrain",26.0325,50.5106,"7"
3,29,5,818,883,21799,18,16,"\N","R",22,0,16,"\N","\N","4","22","1:43.107","188.960",2013,4,"Bahrain Grand Prix",2013-04-21,"12:00:00","vergne","25","VER","Jean-Éric","Vergne",1990-04-25,"French","toro_rosso","Toro Rosso","Italian","Puncture","bahrain","Bahrain International Circuit","Sakhir","Bahrain",26.0325,50.5106,"7"
3,1,6,8,971,23422,7,5,"4","4",4,12,57,"+22.475","5655849","55","3","1:33.720","207.887",2017,3,"Bahrain Grand Prix",2017-04-16,"15:00:00","raikkonen","7","RAI","Kimi","Räikkönen",1979-10-17,"Finnish","ferrari","Ferrari","Italian","Finished","bahrain","Bahrain International Circuit","Sakhir","Bahrain",26.0325,50.5106,"7"
3,11,15,836,971,23429,94,13,"11","11",11,0,56,"\N","\N","43","17","1:36.786","201.301",2017,3,"Bahrain Grand Prix",2017-04-16,"15:00:00","wehrlein","94","WEH","Pascal","Wehrlein",1994-10-18,"German","sauber","Sauber","Swiss","+1 Lap","bahrain","Bahrain International Circuit","Sakhir","Bahrain",26.0325,50.5106,"7"
3,1,6,20,1011,24227,5,2,"5","5",5,10,57,"+36.068","5697363","43","4","1:34.895","205.313",2019,2,"Bahrain Grand Prix",2019-03-31,"15:10:00","vettel","5","VET","Sebastian","Vettel",1987-07-03,"German","ferrari","Ferrari","Italian","Finished","bahrain","Bahrain International Circuit","Sakhir","Bahrain",26.0325,50.5106,"7"
3,1,9,830,1052,24967,33,1,"2","2",2,18,56,"+0.745","5524642","41","2","1:33.228","208.984",2021,1,"Bahrain Grand Prix",2021-03-28,"15:00:00","max_verstappen","33","VER","Max","Verstappen",1997-09-30,"Dutch","red_bull","Red Bull","Austrian","Finished","bahrain","Bahrain International Circuit","Sakhir","Bahrain",26.0325,50.5106,"7"
3,1,9,20,902,22179,1,10,"6","6",6,8,57,"+29.879","6012622","18","6","1:39.312","196.181",2014,3,"Bahrain Grand Prix",2014-04-06,"15:00:00","vettel","5","VET","Sebastian","Vettel",1987-07-03,"German","red_bull","Red Bull","Austrian","Finished","bahrain","Bahrain International Circuit","Sakhir","Bahrain",26.0325,50.5106,"7"
3,1,131,822,1045,24913,77,2,"8","8",8,4,57,"+19.680","10807195","28","4","1:33.352","208.706",2020,15,"Bahrain Grand Prix",2020-11-29,"14:10:00","bottas","77","BOT","Valtteri","Bottas",1989-08-28,"Finnish","mercedes","Mercedes","German","Finished","bahrain","Bahrain International Circuit","Sakhir","Bahrain",26.0325,50.5106,"7"
3,1,131,1,1045,24906,44,1,"1","1",1,25,57,"2:59:47.515","10787515","38","3","1:32.864","209.803",2020,15,"Bahrain Grand Prix",2020-11-29,"14:10:00","hamilton","44","HAM","Lewis","Hamilton",1985-01-07,"British","mercedes","Mercedes","German","Finished","bahrain","Bahrain International Circuit","Sakhir","Bahrain",26.0325,50.5106,"7"
3,1,1,832,1046,24929,55,8,"4","4",4,12,87,"+12.580","5487694","80","9","0:57.165","223.122",2020,16,"Sakhir Grand Prix",2020-12-06,"17:10:00","sainz","55","SAI","Carlos","Sainz",1994-09-01,"Spanish","mclaren","McLaren","British","Finished","bahrain","Bahrain International Circuit","Sakhir","Bahrain",26.0325,50.5106,"7"
3,1,131,822,1011,24224,77,4,"2","2",2,18,57,"+2.980","5664275","42","3","1:34.209","206.808",2019,2,"Bahrain Grand Prix",2019-03-31,"15:10:00","bottas","77","BOT","Valtteri","Bottas",1989-08-28,"Finnish","mercedes","Mercedes","German","Finished","bahrain","Bahrain International Circuit","Sakhir","Bahrain",26.0325,50.5106,"7"
3,1,9,817,902,22177,3,13,"4","4",4,12,57,"+24.489","6007232","38","4","1:39.269","196.266",2014,3,"Bahrain Grand Prix",2014-04-06,"15:00:00","ricciardo","3","RIC","Daniel","Ricciardo",1989-07-01,"Australian","red_bull","Red Bull","Austrian","Finished","bahrain","Bahrain International Circuit","Sakhir","Bahrain",26.0325,50.5106,"7"
3,1,1,832,1045,24910,55,15,"5","5",5,10,57,"+11.787","10799302","46","5","1:33.411","208.575",2020,15,"Bahrain Grand Prix",2020-11-29,"14:10:00","sainz","55","SAI","Carlos","Sainz",1994-09-01,"Spanish","mclaren","McLaren","British","Finished","bahrain","Bahrain International Circuit","Sakhir","Bahrain",26.0325,50.5106,"7"
3,4,15,821,902,22192,21,15,"\N","R",19,0,39,"\N","\N","32","16","1:40.698","193.481",2014,3,"Bahrain Grand Prix",2014-04-06,"15:00:00","gutierrez","21","GUT","Esteban","Gutiérrez",1991-08-05,"Mexican","sauber","Sauber","Swiss","Collision","bahrain","Bahrain International Circuit","Sakhir","Bahrain",26.0325,50.5106,"7"
3,1,51,8,1046,24939,7,18,"14","14",14,0,87,"+26.153","5501267","56","13","0:57.375","222.305",2020,16,"Sakhir Grand Prix",2020-12-06,"17:10:00","raikkonen","7","RAI","Kimi","Räikkönen",1979-10-17,"Finnish","alfa","Alfa Romeo","Swiss","Finished","bahrain","Bahrain International Circuit","Sakhir","Bahrain",26.0325,50.5106,"7"
3,11,15,828,990,23810,9,17,"9","9",9,2,56,"\N","\N","26","15","1:35.093","204.885",2018,2,"Bahrain Grand Prix",2018-04-08,"15:10:00","ericsson","9","ERI","Marcus","Ericsson",1990-09-02,"Swedish","sauber","Sauber","Swiss","+1 Lap","bahrain","Bahrain International Circuit","Sakhir","Bahrain",26.0325,50.5106,"7"
3,1,208,154,863,21306,10,7,"3","3",3,15,57,"+10.194","5721184","42","3","1:36.928","201.006",2012,4,"Bahrain Grand Prix",2012-04-22,"12:00:00","grosjean","8","GRO","Romain","Grosjean",1986-04-17,"French","lotus_f1","Lotus F1","British","Finished","bahrain","Bahrain International Circuit","Sakhir","Bahrain",26.0325,50.5106,"7"
3,5,6,20,949,22959,5,3,"\N","W",21,0,0,"\N","\N","\N","0","\N","\N",2016,2,"Bahrain Grand Prix",2016-04-03,"15:00:00","vettel","5","VET","Sebastian","Vettel",1987-07-03,"German","ferrari","Ferrari","Italian","Engine","bahrain","Bahrain International Circuit","Sakhir","Bahrain",26.0325,50.5106,"7"
3,1,5,848,1011,24231,23,12,"9","9",9,2,57,"+1:02.697","5723992","39","16","1:36.752","201.372",2019,2,"Bahrain Grand Prix",2019-03-31,"15:10:00","albon","23","ALB","Alexander","Albon",1996-03-23,"Thai","toro_rosso","Toro Rosso","Italian","Finished","bahrain","Bahrain International Circuit","Sakhir","Bahrain",26.0325,50.5106,"7"
3,11,213,826,1045,24916,26,10,"11","11",11,0,56,"\N","\N","35","12","1:34.141","206.957",2020,15,"Bahrain Grand Prix",2020-11-29,"14:10:00","kvyat","26","KVY","Daniil","Kvyat",1994-04-26,"Russian","alphatauri","AlphaTauri","Italian","+1 Lap","bahrain","Bahrain International Circuit","Sakhir","Bahrain",26.0325,50.5106,"7"
3,1,6,20,990,23802,5,1,"1","1",1,25,57,"1:32:01.940","5521940","21","7","1:34.453","206.274",2018,2,"Bahrain Grand Prix",2018-04-08,"15:10:00","vettel","5","VET","Sebastian","Vettel",1987-07-03,"German","ferrari","Ferrari","Italian","Finished","bahrain","Bahrain International Circuit","Sakhir","Bahrain",26.0325,50.5106,"7"
3,5,3,849,1046,24943,6,16,"\N","R",18,0,52,"\N","\N","29","18","0:58.206","219.132",2020,16,"Sakhir Grand Prix",2020-12-06,"17:10:00","latifi","6","LAT","Nicholas","Latifi",1995-06-29,"Canadian","williams","Williams","British","Engine","bahrain","Bahrain International Circuit","Sakhir","Bahrain",26.0325,50.5106,"7"
3,11,3,847,1045,24917,63,14,"12","12",12,0,56,"\N","\N","47","17","1:35.042","204.995",2020,15,"Bahrain Grand Prix",2020-11-29,"14:10:00","russell","63","RUS","George","Russell",1998-02-15,"British","williams","Williams","British","+1 Lap","bahrain","Bahrain International Circuit","Sakhir","Bahrain",26.0325,50.5106,"7"
3,1,131,1,971,23420,44,2,"2","2",2,18,57,"+6.660","5640034","46","1","1:32.798","209.952",2017,3,"Bahrain Grand Prix",2017-04-16,"15:00:00","hamilton","44","HAM","Lewis","Hamilton",1985-01-07,"British","mercedes","Mercedes","German","Finished","bahrain","Bahrain International Circuit","Sakhir","Bahrain",26.0325,50.5106,"7"
3,4,6,844,1046,24945,16,4,"\N","R",20,0,0,"\N","\N","\N","0","\N","\N",2020,16,"Sakhir Grand Prix",2020-12-06,"17:10:00","leclerc","16","LEC","Charles","Leclerc",1997-10-16,"Monegasque","ferrari","Ferrari","Italian","Collision","bahrain","Bahrain International Circuit","Sakhir","Bahrain",26.0325,50.5106,"7"
3,11,117,20,1052,24980,5,20,"15","15",15,0,55,"\N","\N","26","16","1:35.566","203.871",2021,1,"Bahrain Grand Prix",2021-03-28,"15:00:00","vettel","5","VET","Sebastian","Vettel",1987-07-03,"German","aston_martin","Aston Martin","British","+1 Lap","bahrain","Bahrain International Circuit","Sakhir","Bahrain",26.0325,50.5106,"7"
3,1,10,16,883,21790,15,6,"13","13",13,0,57,"+1:16.719","5837217","44","2","1:37.070","200.712",2013,4,"Bahrain Grand Prix",2013-04-21,"12:00:00","sutil","99","SUT","Adrian","Sutil",1983-01-11,"German","force_india","Force India","Indian","Finished","bahrain","Bahrain International Circuit","Sakhir","Bahrain",26.0325,50.5106,"7"
3,11,9,826,929,22604,26,17,"9","9",9,2,56,"\N","\N","36","11","1:38.725","197.348",2015,4,"Bahrain Grand Prix",2015-04-19,"15:00:00","kvyat","26","KVY","Daniil","Kvyat",1994-04-26,"Russian","red_bull","Red Bull","Austrian","+1 Lap","bahrain","Bahrain International Circuit","Sakhir","Bahrain",26.0325,50.5106,"7"
3,1,211,815,1046,24926,11,5,"1","1",1,25,87,"1:31:15.114","5475114","69","3","0:56.789","224.599",2020,16,"Sakhir Grand Prix",2020-12-06,"17:10:00","perez","11","PER","Sergio","Pérez",1990-01-26,"Mexican","racing_point","Racing Point","British","Finished","bahrain","Bahrain International Circuit","Sakhir","Bahrain",26.0325,50.5106,"7"
3,1,4,817,1046,24930,3,7,"5","5",5,10,87,"+13.330","5488444","57","6","0:56.979","223.850",2020,16,"Sakhir Grand Prix",2020-12-06,"17:10:00","ricciardo","3","RIC","Daniel","Ricciardo",1989-07-01,"Australian","renault","Renault","French","Finished","bahrain","Bahrain International Circuit","Sakhir","Bahrain",26.0325,50.5106,"7"
3,3,210,853,1052,24985,9,19,"\N","R",20,0,0,"\N","\N","\N","0","\N","\N",2021,1,"Bahrain Grand Prix",2021-03-28,"15:00:00","mazepin","9","MAZ","Nikita","Mazepin",1999-03-02,"Russian","haas","Haas F1 Team","American","Accident","bahrain","Bahrain International Circuit","Sakhir","Bahrain",26.0325,50.5106,"7"
3,1,6,20,971,23419,5,3,"1","1",1,25,57,"1:33:53.374","5633374","36","4","1:33.826","207.652",2017,3,"Bahrain Grand Prix",2017-04-16,"15:00:00","vettel","5","VET","Sebastian","Vettel",1987-07-03,"German","ferrari","Ferrari","Italian","Finished","bahrain","Bahrain International Circuit","Sakhir","Bahrain",26.0325,50.5106,"7"
3,1,131,822,1052,24968,77,3,"3","3",3,16,56,"+37.383","5561280","56","1","1:32.090","211.566",2021,1,"Bahrain Grand Prix",2021-03-28,"15:00:00","bottas","77","BOT","Valtteri","Bottas",1989-08-28,"Finnish","mercedes","Mercedes","German","Finished","bahrain","Bahrain International Circuit","Sakhir","Bahrain",26.0325,50.5106,"7"
3,11,5,826,1011,24234,26,15,"12","12",12,0,56,"\N","\N","40","5","1:34.934","205.228",2019,2,"Bahrain Grand Prix",2019-03-31,"15:10:00","kvyat","26","KVY","Daniil","Kvyat",1994-04-26,"Russian","toro_rosso","Toro Rosso","Italian","+1 Lap","bahrain","Bahrain International Circuit","Sakhir","Bahrain",26.0325,50.5106,"7"
3,1,9,830,1045,24907,33,3,"2","2",2,19,57,"+1.254","10788769","48","1","1:32.014","211.741",2020,15,"Bahrain Grand Prix",2020-11-29,"14:10:00","max_verstappen","33","VER","Max","Verstappen",1997-09-30,"Dutch","red_bull","Red Bull","Austrian","Finished","bahrain","Bahrain International Circuit","Sakhir","Bahrain",26.0325,50.5106,"7"
3,1,15,155,863,21316,14,12,"13","13",13,0,57,"+1:30.334","5801324","54","2","1:36.700","201.480",2012,4,"Bahrain Grand Prix",2012-04-22,"12:00:00","kobayashi","10","KOB","Kamui","Kobayashi",1986-09-13,"Japanese","sauber","Sauber","Swiss","Finished","bahrain","Bahrain International Circuit","Sakhir","Bahrain",26.0325,50.5106,"7"
3,11,3,13,949,22946,19,7,"8","8",8,4,56,"\N","\N","31","16","1:37.560","199.704",2016,2,"Bahrain Grand Prix",2016-04-03,"15:00:00","massa","19","MAS","Felipe","Massa",1981-04-25,"Brazilian","williams","Williams","British","+1 Lap","bahrain","Bahrain International Circuit","Sakhir","Bahrain",26.0325,50.5106,"7"
3,4,211,840,1045,24924,18,13,"\N","R",19,0,2,"\N","\N","\N","0","\N","\N",2020,15,"Bahrain Grand Prix",2020-11-29,"14:10:00","stroll","18","STR","Lance","Stroll",1998-10-29,"Canadian","racing_point","Racing Point","British","Collision","bahrain","Bahrain International Circuit","Sakhir","Bahrain",26.0325,50.5106,"7"
3,1,3,13,902,22180,19,7,"7","7",7,6,57,"+31.265","6014008","40","5","1:39.272","196.260",2014,3,"Bahrain Grand Prix",2014-04-06,"15:00:00","massa","19","MAS","Felipe","Massa",1981-04-25,"Brazilian","williams","Williams","British","Finished","bahrain","Bahrain International Circuit","Sakhir","Bahrain",26.0325,50.5106,"7"
3,1,213,842,1046,24936,10,9,"11","11",11,0,87,"+20.527","5495641","53","10","0:57.220","222.908",2020,16,"Sakhir Grand Prix",2020-12-06,"17:10:00","gasly","10","GAS","Pierre","Gasly",1996-02-07,"French","alphatauri","AlphaTauri","Italian","Finished","bahrain","Bahrain International Circuit","Sakhir","Bahrain",26.0325,50.5106,"7"
3,3,9,830,1046,24944,33,3,"\N","R",19,0,0,"\N","\N","\N","0","\N","\N",2020,16,"Sakhir Grand Prix",2020-12-06,"17:10:00","max_verstappen","33","VER","Max","Verstappen",1997-09-30,"Dutch","red_bull","Red Bull","Austrian","Accident","bahrain","Bahrain International Circuit","Sakhir","Bahrain",26.0325,50.5106,"7"
3,1,10,839,971,23428,31,14,"10","10",10,1,57,"+1:35.711","5729085","39","11","1:35.179","204.700",2017,3,"Bahrain Grand Prix",2017-04-16,"15:00:00","ocon","31","OCO","Esteban","Ocon",1996-09-17,"French","force_india","Force India","Indian","Finished","bahrain","Bahrain International Circuit","Sakhir","Bahrain",26.0325,50.5106,"7"
3,1,206,820,902,22186,4,21,"13","13",13,0,57,"+59.909","6042652","48","21","1:41.825","191.340",2014,3,"Bahrain Grand Prix",2014-04-06,"15:00:00","chilton","4","CHI","Max","Chilton",1991-04-21,"British","marussia","Marussia","Russian","Finished","bahrain","Bahrain International Circuit","Sakhir","Bahrain",26.0325,50.5106,"7"
3,1,1,846,1045,24909,4,9,"4","4",4,12,57,"+11.337","10798852","53","7","1:33.588","208.180",2020,15,"Bahrain Grand Prix",2020-11-29,"14:10:00","norris","4","NOR","Lando","Norris",1999-11-13,"British","mclaren","McLaren","British","Finished","bahrain","Bahrain International Circuit","Sakhir","Bahrain",26.0325,50.5106,"7"
3,1,6,20,1046,24937,5,13,"12","12",12,0,87,"+22.611","5497725","56","5","0:56.905","224.141",2020,16,"Sakhir Grand Prix",2020-12-06,"17:10:00","vettel","5","VET","Sebastian","Vettel",1987-07-03,"German","ferrari","Ferrari","Italian","Finished","bahrain","Bahrain International Circuit","Sakhir","Bahrain",26.0325,50.5106,"7"
4,11,3,822,884,21815,17,16,"16","16",16,0,65,"\N","\N","27","20","1:29.747","186.724",2013,5,"Spanish Grand Prix",2013-05-12,"12:00:00","bottas","77","BOT","Valtteri","Bottas",1989-08-28,"Finnish","williams","Williams","British","+1 Lap","catalunya","Circuit de Barcelona-Catalunya","Montmeló","Spain",41.57,2.26111,"109"
4,43,5,818,904,22239,25,21,"\N","R",22,0,24,"\N","\N","18","19","1:31.781","182.586",2014,5,"Spanish Grand Prix",2014-05-11,"12:00:00","vergne","25","VER","Jean-Éric","Vergne",1990-04-25,"French","toro_rosso","Toro Rosso","Italian","Exhaust","catalunya","Circuit de Barcelona-Catalunya","Montmeló","Spain",41.57,2.26111,"109"
4,1,131,3,904,22219,6,2,"2","2",2,18,66,"+0.636","6065791","51","2","1:29.236","187.794",2014,5,"Spanish Grand Prix",2014-05-11,"12:00:00","rosberg","6","ROS","Nico","Rosberg",1985-06-27,"German","mercedes","Mercedes","German","Finished","catalunya","Circuit de Barcelona-Catalunya","Montmeló","Spain",41.57,2.26111,"109"
4,12,3,840,973,23474,18,18,"16","16",16,0,64,"\N","\N","50","16","1:26.838","192.980",2017,5,"Spanish Grand Prix",2017-05-14,"12:00:00","stroll","18","STR","Lance","Stroll",1998-10-29,"Canadian","williams","Williams","British","+2 Laps","catalunya","Circuit de Barcelona-Catalunya","Montmeló","Spain",41.57,2.26111,"109"
4,11,9,826,930,22625,26,8,"10","10",10,1,65,"\N","\N","40","11","1:31.887","182.376",2015,5,"Spanish Grand Prix",2015-05-10,"12:00:00","kvyat","26","KVY","Daniil","Kvyat",1994-04-26,"Russian","red_bull","Red Bull","Austrian","+1 Lap","catalunya","Circuit de Barcelona-Catalunya","Montmeló","Spain",41.57,2.26111,"109"
4,1,51,841,1014,24298,99,18,"16","16",16,0,66,"+47.691","5798134","64","15","1:21.833","204.782",2019,5,"Spanish Grand Prix",2019-05-12,"13:10:00","giovinazzi","99","GIO","Antonio","Giovinazzi",1993-12-14,"Italian","alfa","Alfa Romeo","Swiss","Finished","catalunya","Circuit de Barcelona-Catalunya","Montmeló","Spain",41.57,2.26111,"109"
4,1,4,817,1014,24294,3,13,"12","12",12,0,66,"+36.758","5787201","56","7","1:20.615","207.876",2019,5,"Spanish Grand Prix",2019-05-12,"13:10:00","ricciardo","3","RIC","Daniel","Ricciardo",1989-07-01,"Australian","renault","Renault","French","Finished","catalunya","Circuit de Barcelona-Catalunya","Montmeló","Spain",41.57,2.26111,"109"
4,12,210,154,1036,24744,8,17,"19","19",19,0,64,"\N","\N","64","3","1:20.409","208.409",2020,6,"Spanish Grand Prix",2020-08-16,"13:10:00","grosjean","8","GRO","Romain","Grosjean",1986-04-17,"French","haas","Haas F1 Team","American","+2 Laps","catalunya","Circuit de Barcelona-Catalunya","Montmeló","Spain",41.57,2.26111,"109"
4,1,9,815,1055,25030,11,8,"5","5",5,10,66,"+1:03.671","5651351","60","3","1:19.483","211.743",2021,4,"Spanish Grand Prix",2021-05-09,"13:00:00","perez","11","PER","Sergio","Pérez",1990-01-26,"Mexican","red_bull","Red Bull","Austrian","Finished","catalunya","Circuit de Barcelona-Catalunya","Montmeló","Spain",41.57,2.26111,"109"
4,1,9,830,1036,24727,33,3,"2","2",2,18,66,"+24.177","5529456","53","4","1:21.477","205.677",2020,6,"Spanish Grand Prix",2020-08-16,"13:10:00","max_verstappen","33","VER","Max","Verstappen",1997-09-30,"Dutch","red_bull","Red Bull","Austrian","Finished","catalunya","Circuit de Barcelona-Catalunya","Montmeló","Spain",41.57,2.26111,"109"
4,11,15,821,904,22233,21,13,"16","16",16,0,65,"\N","\N","55","12","1:30.666","184.832",2014,5,"Spanish Grand Prix",2014-05-11,"12:00:00","gutierrez","21","GUT","Esteban","Gutiérrez",1991-08-05,"Mexican","sauber","Sauber","Swiss","+1 Lap","catalunya","Circuit de Barcelona-Catalunya","Montmeló","Spain",41.57,2.26111,"109"
4,12,206,824,904,22235,17,18,"18","18",18,0,64,"\N","\N","46","20","1:31.784","182.580",2014,5,"Spanish Grand Prix",2014-05-11,"12:00:00","jules_bianchi","17","BIA","Jules","Bianchi",1989-08-03,"French","marussia","Marussia","Russian","+2 Laps","catalunya","Circuit de Barcelona-Catalunya","Montmeló","Spain",41.57,2.26111,"109"
4,11,10,814,845,20884,15,16,"12","12",12,0,65,"\N","\N","42","16","1:29.469","187.305",2011,5,"Spanish Grand Prix",2011-05-22,"12:00:00","resta","\N","DIR","Paul","di Resta",1986-04-16,"British","force_india","Force India","Indian","+1 Lap","catalunya","Circuit de Barcelona-Catalunya","Montmeló","Spain",41.57,2.26111,"109"
4,11,5,818,864,21339,17,14,"12","12",12,0,65,"\N","\N","54","9","1:28.308","189.767",2012,5,"Spanish Grand Prix",2012-05-13,"12:00:00","vergne","25","VER","Jean-Éric","Vergne",1990-04-25,"French","toro_rosso","Toro Rosso","Italian","+1 Lap","catalunya","Circuit de Barcelona-Catalunya","Montmeló","Spain",41.57,2.26111,"109"
4,130,6,8,973,23478,7,4,"\N","R",20,0,0,"\N","\N","\N","0","\N","\N",2017,5,"Spanish Grand Prix",2017-05-14,"12:00:00","raikkonen","7","RAI","Kimi","Räikkönen",1979-10-17,"Finnish","ferrari","Ferrari","Italian","Collision damage","catalunya","Circuit de Barcelona-Catalunya","Montmeló","Spain",41.57,2.26111,"109"
4,1,211,815,1014,24297,11,15,"15","15",15,0,66,"+46.877","5797320","65","16","1:21.859","204.717",2019,5,"Spanish Grand Prix",2019-05-12,"13:10:00","perez","11","PER","Sergio","Pérez",1990-01-26,"Mexican","racing_point","Racing Point","British","Finished","catalunya","Circuit de Barcelona-Catalunya","Montmeló","Spain",41.57,2.26111,"109"
4,11,4,825,952,23018,20,15,"14","14",14,0,65,"\N","\N","57","5","1:28.716","188.894",2016,5,"Spanish Grand Prix",2016-05-15,"12:00:00","kevin_magnussen","20","MAG","Kevin","Magnussen",1992-10-05,"Danish","renault","Renault","French","+1 Lap","catalunya","Circuit de Barcelona-Catalunya","Montmeló","Spain",41.57,2.26111,"109"
4,11,207,5,864,21343,20,19,"16","16",16,0,65,"\N","\N","50","15","1:28.715","188.897",2012,5,"Spanish Grand Prix",2012-05-13,"12:00:00","kovalainen","\N","KOV","Heikki","Kovalainen",1981-10-19,"Finnish","caterham","Caterham","Malaysian","+1 Lap","catalunya","Circuit de Barcelona-Catalunya","Montmeló","Spain",41.57,2.26111,"109"
4,12,207,828,904,22237,9,19,"20","20",20,0,64,"\N","\N","54","22","1:33.350","179.517",2014,5,"Spanish Grand Prix",2014-05-11,"12:00:00","ericsson","9","ERI","Marcus","Ericsson",1990-09-02,"Swedish","caterham","Caterham","Malaysian","+2 Laps","catalunya","Circuit de Barcelona-Catalunya","Montmeló","Spain",41.57,2.26111,"109"
4,1,6,832,1055,25032,55,6,"7","7",7,6,66,"+1:14.670","5662350","53","9","1:21.568","206.330",2021,4,"Spanish Grand Prix",2021-05-09,"13:00:00","sainz","55","SAI","Carlos","Sainz",1994-09-01,"Spanish","ferrari","Ferrari","Italian","Finished","catalunya","Circuit de Barcelona-Catalunya","Montmeló","Spain",41.57,2.26111,"109"
4,4,210,154,993,23879,8,10,"\N","R",18,0,0,"\N","\N","\N","0","\N","\N",2018,5,"Spanish Grand Prix",2018-05-13,"13:10:00","grosjean","8","GRO","Romain","Grosjean",1986-04-17,"French","haas","Haas F1 Team","American","Collision","catalunya","Circuit de Barcelona-Catalunya","Montmeló","Spain",41.57,2.26111,"109"
4,130,9,830,973,23477,33,5,"\N","R",19,0,1,"\N","\N","\N","0","\N","\N",2017,5,"Spanish Grand Prix",2017-05-14,"12:00:00","max_verstappen","33","VER","Max","Verstappen",1997-09-30,"Dutch","red_bull","Red Bull","Austrian","Collision damage","catalunya","Circuit de Barcelona-Catalunya","Montmeló","Spain",41.57,2.26111,"109"
4,12,210,854,1055,25043,47,18,"18","18",18,0,64,"\N","\N","54","12","1:22.637","203.661",2021,4,"Spanish Grand Prix",2021-05-09,"13:00:00","mick_schumacher","47","MSC","Mick","Schumacher",1999-03-22,"German","haas","Haas F1 Team","American","+2 Laps","catalunya","Circuit de Barcelona-Catalunya","Montmeló","Spain",41.57,2.26111,"109"
4,1,6,20,973,23460,5,2,"2","2",2,18,66,"+3.490","5759987","43","2","1:23.674","200.277",2017,5,"Spanish Grand Prix",2017-05-14,"12:00:00","vettel","5","VET","Sebastian","Vettel",1987-07-03,"German","ferrari","Ferrari","Italian","Finished","catalunya","Circuit de Barcelona-Catalunya","Montmeló","Spain",41.57,2.26111,"109"
4,1,131,1,1055,25026,44,1,"1","1",1,25,66,"1:33:07.680","5587680","54","5","1:20.665","208.640",2021,4,"Spanish Grand Prix",2021-05-09,"13:00:00","hamilton","44","HAM","Lewis","Hamilton",1985-01-07,"British","mercedes","Mercedes","German","Finished","catalunya","Circuit de Barcelona-Catalunya","Montmeló","Spain",41.57,2.26111,"109"
4,11,5,67,845,20886,18,11,"14","14",14,0,65,"\N","\N","27","18","1:30.049","186.098",2011,5,"Spanish Grand Prix",2011-05-22,"12:00:00","buemi","\N","BUE","Sébastien","Buemi",1988-10-31,"Swiss","toro_rosso","Toro Rosso","Italian","+1 Lap","catalunya","Circuit de Barcelona-Catalunya","Montmeló","Spain",41.57,2.26111,"109"
4,1,1,1,845,20874,3,3,"2","2",2,18,66,"+0.630","5943931","52","1","1:26.727","193.227",2011,5,"Spanish Grand Prix",2011-05-22,"12:00:00","hamilton","44","HAM","Lewis","Hamilton",1985-01-07,"British","mclaren","McLaren","British","Finished","catalunya","Circuit de Barcelona-Catalunya","Montmeló","Spain",41.57,2.26111,"109"
4,11,208,813,904,22232,13,22,"15","15",15,0,65,"\N","\N","39","15","1:31.235","183.679",2014,5,"Spanish Grand Prix",2014-05-11,"12:00:00","maldonado","13","MAL","Pastor","Maldonado",1985-03-09,"Venezuelan","lotus_f1","Lotus F1","British","+1 Lap","catalunya","Circuit de Barcelona-Catalunya","Montmeló","Spain",41.57,2.26111,"109"
4,11,15,155,845,20882,16,14,"10","10",10,1,65,"\N","\N","52","8","1:27.615","191.268",2011,5,"Spanish Grand Prix",2011-05-22,"12:00:00","kobayashi","10","KOB","Kamui","Kobayashi",1986-09-13,"Japanese","sauber","Sauber","Swiss","+1 Lap","catalunya","Circuit de Barcelona-Catalunya","Montmeló","Spain",41.57,2.26111,"109"
4,11,209,837,952,23021,88,22,"17","17",17,0,65,"\N","\N","52","10","1:29.402","187.445",2016,5,"Spanish Grand Prix",2016-05-15,"12:00:00","haryanto","88","HAR","Rio","Haryanto",1993-01-22,"Indonesian","manor","Manor Marussia","British","+1 Lap","catalunya","Circuit de Barcelona-Catalunya","Montmeló","Spain",41.57,2.26111,"109"
4,11,9,817,930,22622,3,10,"7","7",7,6,65,"\N","\N","56","8","1:31.124","183.903",2015,5,"Spanish Grand Prix",2015-05-10,"12:00:00","ricciardo","3","RIC","Daniel","Ricciardo",1989-07-01,"Australian","red_bull","Red Bull","Austrian","+1 Lap","catalunya","Circuit de Barcelona-Catalunya","Montmeló","Spain",41.57,2.26111,"109"
4,1,10,814,884,21806,14,10,"7","7",7,6,66,"+1:08.988","6025584","55","7","1:26.776","193.117",2013,5,"Spanish Grand Prix",2013-05-12,"12:00:00","resta","\N","DIR","Paul","di Resta",1986-04-16,"British","force_india","Force India","Indian","Finished","catalunya","Circuit de Barcelona-Catalunya","Montmeló","Spain",41.57,2.26111,"109"
4,11,15,836,973,23466,94,15,"8","8",8,4,65,"\N","\N","58","14","1:26.476","193.787",2017,5,"Spanish Grand Prix",2017-05-14,"12:00:00","wehrlein","94","WEH","Pascal","Wehrlein",1994-10-18,"German","sauber","Sauber","Swiss","+1 Lap","catalunya","Circuit de Barcelona-Catalunya","Montmeló","Spain",41.57,2.26111,"109"
4,5,210,154,952,23022,8,14,"\N","R",18,0,56,"\N","\N","41","7","1:28.974","188.347",2016,5,"Spanish Grand Prix",2016-05-15,"12:00:00","grosjean","8","GRO","Romain","Grosjean",1986-04-17,"French","haas","Haas F1 Team","American","Engine","catalunya","Circuit de Barcelona-Catalunya","Montmeló","Spain",41.57,2.26111,"109"
4,12,15,844,993,23871,16,14,"10","10",10,1,64,"\N","\N","51","14","1:22.122","204.062",2018,5,"Spanish Grand Prix",2018-05-13,"13:10:00","leclerc","16","LEC","Charles","Leclerc",1997-10-16,"Monegasque","sauber","Sauber","Swiss","+2 Laps","catalunya","Circuit de Barcelona-Catalunya","Montmeló","Spain",41.57,2.26111,"109"
4,12,3,13,973,23471,19,9,"13","13",13,0,64,"\N","\N","64","13","1:26.472","193.796",2017,5,"Spanish Grand Prix",2017-05-14,"12:00:00","massa","19","MAS","Felipe","Massa",1981-04-25,"Brazilian","williams","Williams","British","+2 Laps","catalunya","Circuit de Barcelona-Catalunya","Montmeló","Spain",41.57,2.26111,"109"
4,1,6,844,1055,25029,16,4,"4","4",4,12,66,"+54.616","5642296","64","4","1:20.459","209.174",2021,4,"Spanish Grand Prix",2021-05-09,"13:00:00","leclerc","16","LEC","Charles","Leclerc",1997-10-16,"Monegasque","ferrari","Ferrari","Italian","Finished","catalunya","Circuit de Barcelona-Catalunya","Montmeló","Spain",41.57,2.26111,"109"
4,11,211,840,1036,24729,18,5,"4","4",4,12,65,"\N","\N","56","8","1:22.024","204.306",2020,6,"Spanish Grand Prix",2020-08-16,"13:10:00","stroll","18","STR","Lance","Stroll",1998-10-29,"Canadian","racing_point","Racing Point","British","+1 Lap","catalunya","Circuit de Barcelona-Catalunya","Montmeló","Spain",41.57,2.26111,"109"
4,11,6,4,845,20877,5,4,"5","5",5,10,65,"\N","\N","22","9","1:28.737","188.850",2011,5,"Spanish Grand Prix",2011-05-22,"12:00:00","alonso","14","ALO","Fernando","Alonso",1981-07-29,"Spanish","ferrari","Ferrari","Italian","+1 Lap","catalunya","Circuit de Barcelona-Catalunya","Montmeló","Spain",41.57,2.26111,"109"
4,1,1,18,864,21336,3,10,"9","9",9,2,66,"+1:25.246","6034391","41","14","1:28.624","189.090",2012,5,"Spanish Grand Prix",2012-05-13,"12:00:00","button","22","BUT","Jenson","Button",1980-01-19,"British","mclaren","McLaren","British","Finished","catalunya","Circuit de Barcelona-Catalunya","Montmeló","Spain",41.57,2.26111,"109"
4,10,213,852,1055,25045,22,16,"\N","R",20,0,6,"\N","\N","5","20","1:24.825","198.408",2021,4,"Spanish Grand Prix",2021-05-09,"13:00:00","tsunoda","22","TSU","Yuki","Tsunoda",2000-05-11,"Japanese","alphatauri","AlphaTauri","Italian","Electrical","catalunya","Circuit de Barcelona-Catalunya","Montmeló","Spain",41.57,2.26111,"109"
4,3,208,813,930,22634,13,12,"\N","R",19,0,45,"\N","\N","17","17","1:32.912","180.364",2015,5,"Spanish Grand Prix",2015-05-10,"12:00:00","maldonado","13","MAL","Pastor","Maldonado",1985-03-09,"Venezuelan","lotus_f1","Lotus F1","British","Accident","catalunya","Circuit de Barcelona-Catalunya","Montmeló","Spain",41.57,2.26111,"109"
4,11,131,1,884,21811,10,2,"12","12",12,0,65,"\N","\N","53","13","1:27.895","190.659",2013,5,"Spanish Grand Prix",2013-05-12,"12:00:00","hamilton","44","HAM","Lewis","Hamilton",1985-01-07,"British","mercedes","Mercedes","German","+1 Lap","catalunya","Circuit de Barcelona-Catalunya","Montmeló","Spain",41.57,2.26111,"109"
4,12,3,840,993,23872,18,18,"11","11",11,0,64,"\N","\N","60","12","1:22.095","204.129",2018,5,"Spanish Grand Prix",2018-05-13,"13:10:00","stroll","18","STR","Lance","Stroll",1998-10-29,"Canadian","williams","Williams","British","+2 Laps","catalunya","Circuit de Barcelona-Catalunya","Montmeló","Spain",41.57,2.26111,"109"
4,1,9,20,904,22221,1,15,"4","4",4,12,66,"+1:16.702","6141857","55","1","1:28.918","188.465",2014,5,"Spanish Grand Prix",2014-05-11,"12:00:00","vettel","5","VET","Sebastian","Vettel",1987-07-03,"German","red_bull","Red Bull","Austrian","Finished","catalunya","Circuit de Barcelona-Catalunya","Montmeló","Spain",41.57,2.26111,"109"
4,11,210,825,1036,24740,20,16,"15","15",15,0,65,"\N","\N","64","19","1:23.474","200.757",2020,6,"Spanish Grand Prix",2020-08-16,"13:10:00","kevin_magnussen","20","MAG","Kevin","Magnussen",1992-10-05,"Danish","haas","Haas F1 Team","American","+1 Lap","catalunya","Circuit de Barcelona-Catalunya","Montmeló","Spain",41.57,2.26111,"109"
4,14,166,816,845,20892,25,23,"20","20",20,0,62,"\N","\N","36","22","1:32.549","181.071",2011,5,"Spanish Grand Prix",2011-05-22,"12:00:00","ambrosio","\N","DAM","Jérôme","d'Ambrosio",1985-12-27,"Belgian","virgin","Virgin","British","+4 Laps","catalunya","Circuit de Barcelona-Catalunya","Montmeló","Spain",41.57,2.26111,"109"
4,1,131,3,930,22616,6,1,"1","1",1,25,66,"1:41:12.555","6072555","53","2","1:29.109","188.061",2015,5,"Spanish Grand Prix",2015-05-10,"12:00:00","rosberg","6","ROS","Nico","Rosberg",1985-06-27,"German","mercedes","Mercedes","German","Finished","catalunya","Circuit de Barcelona-Catalunya","Montmeló","Spain",41.57,2.26111,"109"
4,5,10,807,952,23024,27,11,"\N","R",20,0,20,"\N","\N","8","20","1:31.810","182.529",2016,5,"Spanish Grand Prix",2016-05-15,"12:00:00","hulkenberg","27","HUL","Nico","Hülkenberg",1987-08-19,"German","force_india","Force India","Indian","Engine","catalunya","Circuit de Barcelona-Catalunya","Montmeló","Spain",41.57,2.26111,"109"
4,11,207,819,884,21816,20,22,"17","17",17,0,65,"\N","\N","43","19","1:29.362","187.529",2013,5,"Spanish Grand Prix",2013-05-12,"12:00:00","pic","\N","PIC","Charles","Pic",1990-02-15,"French","caterham","Caterham","Malaysian","+1 Lap","catalunya","Circuit de Barcelona-Catalunya","Montmeló","Spain",41.57,2.26111,"109"
4,11,10,16,845,20885,14,17,"13","13",13,0,65,"\N","\N","52","10","1:28.791","188.735",2011,5,"Spanish Grand Prix",2011-05-22,"12:00:00","sutil","99","SUT","Adrian","Sutil",1983-01-11,"German","force_india","Force India","Indian","+1 Lap","catalunya","Circuit de Barcelona-Catalunya","Montmeló","Spain",41.57,2.26111,"109"
4,1,6,8,930,22620,7,7,"5","5",5,10,66,"+1:00.002","6132557","47","3","1:29.931","186.342",2015,5,"Spanish Grand Prix",2015-05-10,"12:00:00","raikkonen","7","RAI","Kimi","Räikkönen",1979-10-17,"Finnish","ferrari","Ferrari","Italian","Finished","catalunya","Circuit de Barcelona-Catalunya","Montmeló","Spain",41.57,2.26111,"109"
4,11,10,807,904,22227,27,10,"10","10",10,1,65,"\N","\N","42","16","1:31.411","183.325",2014,5,"Spanish Grand Prix",2014-05-11,"12:00:00","hulkenberg","27","HUL","Nico","Hülkenberg",1987-08-19,"German","force_india","Force India","Indian","+1 Lap","catalunya","Circuit de Barcelona-Catalunya","Montmeló","Spain",41.57,2.26111,"109"
4,44,10,839,993,23877,31,13,"\N","R",16,0,38,"\N","\N","36","13","1:22.117","204.074",2018,5,"Spanish Grand Prix",2018-05-13,"13:10:00","ocon","31","OCO","Esteban","Ocon",1996-09-17,"French","force_india","Force India","Indian","Oil leak","catalunya","Circuit de Barcelona-Catalunya","Montmeló","Spain",41.57,2.26111,"109"
4,11,4,807,973,23464,27,13,"6","6",6,8,65,"\N","\N","56","15","1:26.703","193.280",2017,5,"Spanish Grand Prix",2017-05-14,"12:00:00","hulkenberg","27","HUL","Nico","Hülkenberg",1987-08-19,"German","renault","Renault","French","+1 Lap","catalunya","Circuit de Barcelona-Catalunya","Montmeló","Spain",41.57,2.26111,"109"
4,11,3,9,1014,24300,88,17,"18","18",18,0,65,"\N","\N","65","19","1:23.202","201.413",2019,5,"Spanish Grand Prix",2019-05-12,"13:10:00","kubica","88","KUB","Robert","Kubica",1984-12-07,"Polish","williams","Williams","British","+1 Lap","catalunya","Circuit de Barcelona-Catalunya","Montmeló","Spain",41.57,2.26111,"109"
4,11,15,828,930,22629,9,16,"14","14",14,0,65,"\N","\N","52","16","1:32.222","181.713",2015,5,"Spanish Grand Prix",2015-05-10,"12:00:00","ericsson","9","ERI","Marcus","Ericsson",1990-09-02,"Swedish","sauber","Sauber","Swiss","+1 Lap","catalunya","Circuit de Barcelona-Catalunya","Montmeló","Spain",41.57,2.26111,"109"
4,14,209,833,930,22633,98,20,"18","18",18,0,62,"\N","\N","51","20","1:34.211","177.877",2015,5,"Spanish Grand Prix",2015-05-10,"12:00:00","merhi","98","MER","Roberto","Merhi",1991-03-22,"Spanish","manor","Manor Marussia","British","+4 Laps","catalunya","Circuit de Barcelona-Catalunya","Montmeló","Spain",41.57,2.26111,"109"
4,40,6,844,1036,24745,16,9,"\N","R",20,0,38,"\N","\N","35","20","1:23.968","199.576",2020,6,"Spanish Grand Prix",2020-08-16,"13:10:00","leclerc","16","LEC","Charles","Leclerc",1997-10-16,"Monegasque","ferrari","Ferrari","Italian","Electronics","catalunya","Circuit de Barcelona-Catalunya","Montmeló","Spain",41.57,2.26111,"109"
4,12,205,15,845,20890,21,18,"18","18",18,0,64,"\N","\N","34","20","1:30.783","184.594",2011,5,"Spanish Grand Prix",2011-05-22,"12:00:00","trulli","\N","TRU","Jarno","Trulli",1974-07-13,"Italian","lotus_racing","Lotus","Malaysian","+2 Laps","catalunya","Circuit de Barcelona-Catalunya","Montmeló","Spain",41.57,2.26111,"109"
4,1,6,4,864,21329,5,2,"2","2",2,18,66,"+3.195","5952340","46","3","1:27.390","191.761",2012,5,"Spanish Grand Prix",2012-05-13,"12:00:00","alonso","14","ALO","Fernando","Alonso",1981-07-29,"Spanish","ferrari","Ferrari","Italian","Finished","catalunya","Circuit de Barcelona-Catalunya","Montmeló","Spain",41.57,2.26111,"109"
4,11,214,839,1055,25034,31,5,"9","9",9,2,65,"\N","\N","46","18","1:23.311","202.014",2021,4,"Spanish Grand Prix",2021-05-09,"13:00:00","ocon","31","OCO","Esteban","Ocon",1996-09-17,"French","alpine","Alpine F1 Team","French","+1 Lap","catalunya","Circuit de Barcelona-Catalunya","Montmeló","Spain",41.57,2.26111,"109"
4,11,5,832,973,23465,55,12,"7","7",7,6,65,"\N","\N","61","9","1:26.186","194.439",2017,5,"Spanish Grand Prix",2017-05-14,"12:00:00","sainz","55","SAI","Carlos","Sainz",1994-09-01,"Spanish","toro_rosso","Toro Rosso","Italian","+1 Lap","catalunya","Circuit de Barcelona-Catalunya","Montmeló","Spain",41.57,2.26111,"109"
4,11,15,815,845,20881,17,12,"9","9",9,2,65,"\N","\N","55","6","1:27.247","192.075",2011,5,"Spanish Grand Prix",2011-05-22,"12:00:00","perez","11","PER","Sergio","Pérez",1990-01-26,"Mexican","sauber","Sauber","Swiss","+1 Lap","catalunya","Circuit de Barcelona-Catalunya","Montmeló","Spain",41.57,2.26111,"109"
4,11,6,8,904,22224,7,6,"7","7",7,6,65,"\N","\N","53","11","1:30.580","185.007",2014,5,"Spanish Grand Prix",2014-05-11,"12:00:00","raikkonen","7","RAI","Kimi","Räikkönen",1979-10-17,"Finnish","ferrari","Ferrari","Italian","+1 Lap","catalunya","Circuit de Barcelona-Catalunya","Montmeló","Spain",41.57,2.26111,"109"
4,11,9,17,864,21338,2,11,"11","11",11,0,65,"\N","\N","44","5","1:27.857","190.741",2012,5,"Spanish Grand Prix",2012-05-13,"12:00:00","webber","\N","WEB","Mark","Webber",1976-08-27,"Australian","red_bull","Red Bull","Austrian","+1 Lap","catalunya","Circuit de Barcelona-Catalunya","Montmeló","Spain",41.57,2.26111,"109"
4,11,10,815,904,22226,11,11,"9","9",9,2,65,"\N","\N","39","13","1:30.756","184.648",2014,5,"Spanish Grand Prix",2014-05-11,"12:00:00","perez","11","PER","Sergio","Pérez",1990-01-26,"Mexican","force_india","Force India","Indian","+1 Lap","catalunya","Circuit de Barcelona-Catalunya","Montmeló","Spain",41.57,2.26111,"109"
4,1,9,830,952,23005,33,4,"1","1",1,25,66,"1:41:40.017","6100017","36","6","1:28.816","188.682",2016,5,"Spanish Grand Prix",2016-05-15,"12:00:00","max_verstappen","33","VER","Max","Verstappen",1997-09-30,"Dutch","red_bull","Red Bull","Austrian","Finished","catalunya","Circuit de Barcelona-Catalunya","Montmeló","Spain",41.57,2.26111,"109"
4,11,4,808,845,20883,10,6,"11","11",11,0,65,"\N","\N","35","17","1:29.592","187.047",2011,5,"Spanish Grand Prix",2011-05-22,"12:00:00","petrov","\N","PET","Vitaly","Petrov",1984-09-08,"Russian","renault","Renault","French","+1 Lap","catalunya","Circuit de Barcelona-Catalunya","Montmeló","Spain",41.57,2.26111,"109"
4,23,1,4,930,22635,14,13,"\N","R",20,0,26,"\N","\N","23","18","1:33.387","179.446",2015,5,"Spanish Grand Prix",2015-05-10,"12:00:00","alonso","14","ALO","Fernando","Alonso",1981-07-29,"Spanish","mclaren","McLaren","British","Brakes","catalunya","Circuit de Barcelona-Catalunya","Montmeló","Spain",41.57,2.26111,"109"
4,1,1,815,884,21808,6,8,"9","9",9,2,66,"+1:21.738","6038334","55","10","1:27.251","192.066",2013,5,"Spanish Grand Prix",2013-05-12,"12:00:00","perez","11","PER","Sergio","Pérez",1990-01-26,"Mexican","mclaren","McLaren","British","Finished","catalunya","Circuit de Barcelona-Catalunya","Montmeló","Spain",41.57,2.26111,"109"
4,11,15,828,952,23016,9,19,"12","12",12,0,65,"\N","\N","42","12","1:29.715","186.791",2016,5,"Spanish Grand Prix",2016-05-15,"12:00:00","ericsson","9","ERI","Marcus","Ericsson",1990-09-02,"Swedish","sauber","Sauber","Swiss","+1 Lap","catalunya","Circuit de Barcelona-Catalunya","Montmeló","Spain",41.57,2.26111,"109"
4,1,131,1,993,23862,44,1,"1","1",1,25,66,"1:35:29.972","5729972","64","3","1:19.133","211.770",2018,5,"Spanish Grand Prix",2018-05-13,"13:10:00","hamilton","44","HAM","Lewis","Hamilton",1985-01-07,"British","mercedes","Mercedes","German","Finished","catalunya","Circuit de Barcelona-Catalunya","Montmeló","Spain",41.57,2.26111,"109"
4,1,9,817,904,22220,3,3,"3","3",3,15,66,"+49.014","6114169","65","5","1:30.012","186.175",2014,5,"Spanish Grand Prix",2014-05-11,"12:00:00","ricciardo","3","RIC","Daniel","Ricciardo",1989-07-01,"Australian","red_bull","Red Bull","Austrian","Finished","catalunya","Circuit de Barcelona-Catalunya","Montmeló","Spain",41.57,2.26111,"109"
4,11,3,849,1055,25041,6,19,"16","16",16,0,65,"\N","\N","57","16","1:22.905","203.003",2021,4,"Spanish Grand Prix",2021-05-09,"13:00:00","latifi","6","LAT","Nicholas","Latifi",1995-06-29,"Canadian","williams","Williams","British","+1 Lap","catalunya","Circuit de Barcelona-Catalunya","Montmeló","Spain",41.57,2.26111,"109"
4,1,3,813,864,21328,18,1,"1","1",1,25,66,"1:39:09.145","5949145","26","6","1:27.906","190.635",2012,5,"Spanish Grand Prix",2012-05-13,"12:00:00","maldonado","13","MAL","Pastor","Maldonado",1985-03-09,"Venezuelan","williams","Williams","British","Finished","catalunya","Circuit de Barcelona-Catalunya","Montmeló","Spain",41.57,2.26111,"109"
4,1,15,155,864,21332,14,9,"5","5",5,10,66,"+1:04.641","6013786","45","8","1:28.266","189.857",2012,5,"Spanish Grand Prix",2012-05-13,"12:00:00","kobayashi","10","KOB","Kamui","Kobayashi",1986-09-13,"Japanese","sauber","Sauber","Swiss","Finished","catalunya","Circuit de Barcelona-Catalunya","Montmeló","Spain",41.57,2.26111,"109"
4,11,213,826,1036,24737,26,12,"12","12",12,0,65,"\N","\N","47","12","1:22.336","203.531",2020,6,"Spanish Grand Prix",2020-08-16,"13:10:00","kvyat","26","KVY","Daniil","Kvyat",1994-04-26,"Russian","alphatauri","AlphaTauri","Italian","+1 Lap","catalunya","Circuit de Barcelona-Catalunya","Montmeló","Spain",41.57,2.26111,"109"
4,1,9,830,1055,25027,33,2,"2","2",2,19,66,"+15.841","5603521","62","1","1:18.149","215.357",2021,4,"Spanish Grand Prix",2021-05-09,"13:00:00","max_verstappen","33","VER","Max","Verstappen",1997-09-30,"Dutch","red_bull","Red Bull","Austrian","Finished","catalunya","Circuit de Barcelona-Catalunya","Montmeló","Spain",41.57,2.26111,"109"
4,1,131,1,904,22218,44,1,"1","1",1,25,66,"1:41:05.155","6065155","54","3","1:29.483","187.275",2014,5,"Spanish Grand Prix",2014-05-11,"12:00:00","hamilton","44","HAM","Lewis","Hamilton",1985-01-07,"British","mercedes","Mercedes","German","Finished","catalunya","Circuit de Barcelona-Catalunya","Montmeló","Spain",41.57,2.26111,"109"
4,11,1,18,930,22631,22,14,"16","16",16,0,65,"\N","\N","46","10","1:31.162","183.826",2015,5,"Spanish Grand Prix",2015-05-10,"12:00:00","button","22","BUT","Jenson","Button",1980-01-19,"British","mclaren","McLaren","British","+1 Lap","catalunya","Circuit de Barcelona-Catalunya","Montmeló","Spain",41.57,2.26111,"109"
4,11,15,16,904,22234,99,16,"17","17",17,0,65,"\N","\N","38","17","1:31.473","183.201",2014,5,"Spanish Grand Prix",2014-05-11,"12:00:00","sutil","99","SUT","Adrian","Sutil",1983-01-11,"German","sauber","Sauber","Swiss","+1 Lap","catalunya","Circuit de Barcelona-Catalunya","Montmeló","Spain",41.57,2.26111,"109"
4,15,164,39,845,20893,22,22,"21","21",21,0,61,"\N","\N","33","23","1:32.848","180.488",2011,5,"Spanish Grand Prix",2011-05-22,"12:00:00","karthikeyan","\N","KAR","Narain","Karthikeyan",1977-01-14,"Indian","hrt","HRT","Spanish","+5 Laps","catalunya","Circuit de Barcelona-Catalunya","Montmeló","Spain",41.57,2.26111,"109"
4,11,6,13,864,21342,6,16,"15","15",15,0,65,"\N","\N","47","11","1:28.448","189.467",2012,5,"Spanish Grand Prix",2012-05-13,"12:00:00","massa","19","MAS","Felipe","Massa",1981-04-25,"Brazilian","ferrari","Ferrari","Italian","+1 Lap","catalunya","Circuit de Barcelona-Catalunya","Montmeló","Spain",41.57,2.26111,"109"
4,11,15,831,930,22627,12,15,"12","12",12,0,65,"\N","\N","41","13","1:31.928","182.294",2015,5,"Spanish Grand Prix",2015-05-10,"12:00:00","nasr","12","NAS","Felipe","Nasr",1992-08-21,"Brazilian","sauber","Sauber","Swiss","+1 Lap","catalunya","Circuit de Barcelona-Catalunya","Montmeló","Spain",41.57,2.26111,"109"
4,12,3,849,1036,24743,6,19,"18","18",18,0,64,"\N","\N","60","9","1:22.030","204.291",2020,6,"Spanish Grand Prix",2020-08-16,"13:10:00","latifi","6","LAT","Nicholas","Latifi",1995-06-29,"Canadian","williams","Williams","British","+2 Laps","catalunya","Circuit de Barcelona-Catalunya","Montmeló","Spain",41.57,2.26111,"109"
4,1,9,817,952,23008,3,3,"4","4",4,12,66,"+43.950","6143967","46","3","1:28.209","189.980",2016,5,"Spanish Grand Prix",2016-05-15,"12:00:00","ricciardo","3","RIC","Daniel","Ricciardo",1989-07-01,"Australian","red_bull","Red Bull","Austrian","Finished","catalunya","Circuit de Barcelona-Catalunya","Montmeló","Spain",41.57,2.26111,"109"
4,11,1,4,993,23869,14,8,"8","8",8,4,65,"\N","\N","64","7","1:20.727","207.588",2018,5,"Spanish Grand Prix",2018-05-13,"13:10:00","alonso","14","ALO","Fernando","Alonso",1981-07-29,"Spanish","mclaren","McLaren","British","+1 Lap","catalunya","Circuit de Barcelona-Catalunya","Montmeló","Spain",41.57,2.26111,"109"
4,1,3,822,952,23009,77,7,"5","5",5,10,66,"+45.271","6145288","60","8","1:29.081","188.120",2016,5,"Spanish Grand Prix",2016-05-15,"12:00:00","bottas","77","BOT","Valtteri","Bottas",1989-08-28,"Finnish","williams","Williams","British","Finished","catalunya","Circuit de Barcelona-Catalunya","Montmeló","Spain",41.57,2.26111,"109"
4,4,5,842,993,23880,10,12,"\N","R",19,0,0,"\N","\N","\N","0","\N","\N",2018,5,"Spanish Grand Prix",2018-05-13,"13:10:00","gasly","10","GAS","Pierre","Gasly",1996-02-07,"French","toro_rosso","Toro Rosso","Italian","Collision","catalunya","Circuit de Barcelona-Catalunya","Montmeló","Spain",41.57,2.26111,"109"
4,3,5,818,884,21819,18,12,"20","20",20,0,52,"\N","\N","41","17","1:28.231","189.933",2013,5,"Spanish Grand Prix",2013-05-12,"12:00:00","vergne","25","VER","Jean-Éric","Vergne",1990-04-25,"French","toro_rosso","Toro Rosso","Italian","Accident","catalunya","Circuit de Barcelona-Catalunya","Montmeló","Spain",41.57,2.26111,"109"
4,11,3,847,1055,25039,63,15,"14","14",14,0,65,"\N","\N","30","17","1:23.208","202.264",2021,4,"Spanish Grand Prix",2021-05-09,"13:00:00","russell","63","RUS","George","Russell",1998-02-15,"British","williams","Williams","British","+1 Lap","catalunya","Circuit de Barcelona-Catalunya","Montmeló","Spain",41.57,2.26111,"109"
4,11,1,846,1055,25033,4,9,"8","8",8,4,65,"\N","\N","56","7","1:21.279","207.064",2021,4,"Spanish Grand Prix",2021-05-09,"13:00:00","norris","4","NOR","Lando","Norris",1999-11-13,"British","mclaren","McLaren","British","+1 Lap","catalunya","Circuit de Barcelona-Catalunya","Montmeló","Spain",41.57,2.26111,"109"
4,1,208,8,884,21801,7,4,"2","2",2,18,66,"+9.338","5965934","47","6","1:26.757","193.160",2013,5,"Spanish Grand Prix",2013-05-12,"12:00:00","raikkonen","7","RAI","Kimi","Räikkönen",1979-10-17,"Finnish","lotus_f1","Lotus F1","British","Finished","catalunya","Circuit de Barcelona-Catalunya","Montmeló","Spain",41.57,2.26111,"109"
4,11,51,841,1036,24741,99,20,"16","16",16,0,65,"\N","\N","47","6","1:21.801","204.863",2020,6,"Spanish Grand Prix",2020-08-16,"13:10:00","giovinazzi","99","GIO","Antonio","Giovinazzi",1993-12-14,"Italian","alfa","Alfa Romeo","Swiss","+1 Lap","catalunya","Circuit de Barcelona-Catalunya","Montmeló","Spain",41.57,2.26111,"109"
4,11,1,18,904,22228,22,8,"11","11",11,0,65,"\N","\N","43","10","1:30.563","185.042",2014,5,"Spanish Grand Prix",2014-05-11,"12:00:00","button","22","BUT","Jenson","Button",1980-01-19,"British","mclaren","McLaren","British","+1 Lap","catalunya","Circuit de Barcelona-Catalunya","Montmeló","Spain",41.57,2.26111,"109"
4,11,1,832,1036,24731,55,7,"6","6",6,8,65,"\N","\N","59","5","1:21.771","204.938",2020,6,"Spanish Grand Prix",2020-08-16,"13:10:00","sainz","55","SAI","Carlos","Sainz",1994-09-01,"Spanish","mclaren","McLaren","British","+1 Lap","catalunya","Circuit de Barcelona-Catalunya","Montmeló","Spain",41.57,2.26111,"109"
4,11,213,842,1055,25035,10,12,"10","10",10,1,65,"\N","\N","64","8","1:21.375","206.820",2021,4,"Spanish Grand Prix",2021-05-09,"13:00:00","gasly","10","GAS","Pierre","Gasly",1996-02-07,"French","alphatauri","AlphaTauri","Italian","+1 Lap","catalunya","Circuit de Barcelona-Catalunya","Montmeló","Spain",41.57,2.26111,"109"
4,1,9,830,1014,24285,33,4,"3","3",3,15,66,"+7.679","5758122","57","3","1:19.769","210.081",2019,5,"Spanish Grand Prix",2019-05-12,"13:10:00","max_verstappen","33","VER","Max","Verstappen",1997-09-30,"Dutch","red_bull","Red Bull","Austrian","Finished","catalunya","Circuit de Barcelona-Catalunya","Montmeló","Spain",41.57,2.26111,"109"
4,12,206,820,904,22236,4,17,"19","19",19,0,64,"\N","\N","44","18","1:31.767","182.614",2014,5,"Spanish Grand Prix",2014-05-11,"12:00:00","chilton","4","CHI","Max","Chilton",1991-04-21,"British","marussia","Marussia","Russian","+2 Laps","catalunya","Circuit de Barcelona-Catalunya","Montmeló","Spain",41.57,2.26111,"109"
4,12,1,4,973,23470,14,7,"12","12",12,0,64,"\N","\N","64","4","1:23.894","199.752",2017,5,"Spanish Grand Prix",2017-05-14,"12:00:00","alonso","14","ALO","Fernando","Alonso",1981-07-29,"Spanish","mclaren","McLaren","British","+2 Laps","catalunya","Circuit de Barcelona-Catalunya","Montmeló","Spain",41.57,2.26111,"109"
4,36,207,823,884,21820,21,18,"21","21",21,0,21,"\N","\N","11","21","1:30.597","184.973",2013,5,"Spanish Grand Prix",2013-05-12,"12:00:00","garde","\N","VDG","Giedo","van der Garde",1985-04-25,"Dutch","caterham","Caterham","Malaysian","Wheel","catalunya","Circuit de Barcelona-Catalunya","Montmeló","Spain",41.57,2.26111,"109"
4,11,210,154,973,23468,8,14,"10","10",10,1,65,"\N","\N","50","17","1:26.871","192.906",2017,5,"Spanish Grand Prix",2017-05-14,"12:00:00","grosjean","8","GRO","Romain","Grosjean",1986-04-17,"French","haas","Haas F1 Team","American","+1 Lap","catalunya","Circuit de Barcelona-Catalunya","Montmeló","Spain",41.57,2.26111,"109"
4,11,207,808,864,21344,21,18,"17","17",17,0,65,"\N","\N","48","16","1:28.773","188.773",2012,5,"Spanish Grand Prix",2012-05-13,"12:00:00","petrov","\N","PET","Vitaly","Petrov",1984-09-08,"Russian","caterham","Caterham","Malaysian","+1 Lap","catalunya","Circuit de Barcelona-Catalunya","Montmeló","Spain",41.57,2.26111,"109"
4,1,6,4,904,22223,14,7,"6","6",6,8,66,"+1:27.743","6152898","55","4","1:29.898","186.411",2014,5,"Spanish Grand Prix",2014-05-11,"12:00:00","alonso","14","ALO","Fernando","Alonso",1981-07-29,"Spanish","ferrari","Ferrari","Italian","Finished","catalunya","Circuit de Barcelona-Catalunya","Montmeló","Spain",41.57,2.26111,"109"
4,1,4,807,1014,24295,27,0,"13","13",13,0,66,"+39.241","5789684","65","13","1:21.282","206.171",2019,5,"Spanish Grand Prix",2019-05-12,"13:10:00","hulkenberg","27","HUL","Nico","Hülkenberg",1987-08-19,"German","renault","Renault","French","Finished","catalunya","Circuit de Barcelona-Catalunya","Montmeló","Spain",41.57,2.26111,"109"
4,11,4,839,1036,24738,31,15,"13","13",13,0,65,"\N","\N","65","10","1:22.174","203.933",2020,6,"Spanish Grand Prix",2020-08-16,"13:10:00","ocon","31","OCO","Esteban","Ocon",1996-09-17,"French","renault","Renault","French","+1 Lap","catalunya","Circuit de Barcelona-Catalunya","Montmeló","Spain",41.57,2.26111,"109"
4,1,6,20,993,23865,5,3,"4","4",4,12,66,"+27.584","5757556","61","2","1:19.128","211.783",2018,5,"Spanish Grand Prix",2018-05-13,"13:10:00","vettel","5","VET","Sebastian","Vettel",1987-07-03,"German","ferrari","Ferrari","Italian","Finished","catalunya","Circuit de Barcelona-Catalunya","Montmeló","Spain",41.57,2.26111,"109"
4,1,210,154,1014,24292,8,7,"10","10",10,1,66,"+34.641","5785084","64","12","1:21.057","206.743",2019,5,"Spanish Grand Prix",2019-05-12,"13:10:00","grosjean","8","GRO","Romain","Grosjean",1986-04-17,"French","haas","Haas F1 Team","American","Finished","catalunya","Circuit de Barcelona-Catalunya","Montmeló","Spain",41.57,2.26111,"109"
4,1,9,842,1014,24288,10,6,"6","6",6,8,66,"+19.576","5770019","57","6","1:20.536","208.080",2019,5,"Spanish Grand Prix",2019-05-12,"13:10:00","gasly","10","GAS","Pierre","Gasly",1996-02-07,"French","red_bull","Red Bull","Austrian","Finished","catalunya","Circuit de Barcelona-Catalunya","Montmeló","Spain",41.57,2.26111,"109"
4,3,205,5,845,20895,20,15,"\N","R",23,0,48,"\N","\N","34","19","1:30.618","184.930",2011,5,"Spanish Grand Prix",2011-05-22,"12:00:00","kovalainen","\N","KOV","Heikki","Kovalainen",1981-10-19,"Finnish","lotus_racing","Lotus","Malaysian","Accident","catalunya","Circuit de Barcelona-Catalunya","Montmeló","Spain",41.57,2.26111,"109"
4,1,131,822,1055,25028,77,3,"3","3",3,15,66,"+26.610","5614290","65","2","1:19.430","211.884",2021,4,"Spanish Grand Prix",2021-05-09,"13:00:00","bottas","77","BOT","Valtteri","Bottas",1989-08-28,"Finnish","mercedes","Mercedes","German","Finished","catalunya","Circuit de Barcelona-Catalunya","Montmeló","Spain",41.57,2.26111,"109"
4,23,207,155,904,22238,10,20,"\N","R",21,0,34,"\N","\N","25","21","1:33.064","180.069",2014,5,"Spanish Grand Prix",2014-05-11,"12:00:00","kobayashi","10","KOB","Kamui","Kobayashi",1986-09-13,"Japanese","caterham","Caterham","Malaysian","Brakes","catalunya","Circuit de Barcelona-Catalunya","Montmeló","Spain",41.57,2.26111,"109"
4,11,5,832,930,22624,55,5,"9","9",9,2,65,"\N","\N","62","9","1:31.156","183.838",2015,5,"Spanish Grand Prix",2015-05-10,"12:00:00","sainz","55","SAI","Carlos","Sainz",1994-09-01,"Spanish","toro_rosso","Toro Rosso","Italian","+1 Lap","catalunya","Circuit de Barcelona-Catalunya","Montmeló","Spain",41.57,2.26111,"109"
4,11,10,839,973,23463,31,10,"5","5",5,10,65,"\N","\N","40","11","1:26.276","194.237",2017,5,"Spanish Grand Prix",2017-05-14,"12:00:00","ocon","31","OCO","Esteban","Ocon",1996-09-17,"French","force_india","Force India","Indian","+1 Lap","catalunya","Circuit de Barcelona-Catalunya","Montmeló","Spain",41.57,2.26111,"109"
4,4,3,811,864,21350,19,17,"\N","R",23,0,12,"\N","\N","10","23","1:31.822","182.505",2012,5,"Spanish Grand Prix",2012-05-13,"12:00:00","bruno_senna","\N","SEN","Bruno","Senna",1983-10-15,"Brazilian","williams","Williams","British","Collision","catalunya","Circuit de Barcelona-Catalunya","Montmeló","Spain",41.57,2.26111,"109"
4,1,1,832,1014,24290,55,12,"8","8",8,4,66,"+32.342","5782785","59","10","1:20.859","207.249",2019,5,"Spanish Grand Prix",2019-05-12,"13:10:00","sainz","55","SAI","Carlos","Sainz",1994-09-01,"Spanish","mclaren","McLaren","British","Finished","catalunya","Circuit de Barcelona-Catalunya","Montmeló","Spain",41.57,2.26111,"109"
4,13,3,845,993,23875,35,19,"14","14",14,0,63,"\N","\N","57","17","1:22.680","202.685",2018,5,"Spanish Grand Prix",2018-05-13,"13:10:00","sirotkin","35","SIR","Sergey","Sirotkin",1995-08-27,"Russian","williams","Williams","British","+3 Laps","catalunya","Circuit de Barcelona-Catalunya","Montmeló","Spain",41.57,2.26111,"109"
4,1,9,817,993,23866,3,6,"5","5",5,10,66,"+50.058","5780030","61","1","1:18.441","213.638",2018,5,"Spanish Grand Prix",2018-05-13,"13:10:00","ricciardo","3","RIC","Daniel","Ricciardo",1989-07-01,"Australian","red_bull","Red Bull","Austrian","Finished","catalunya","Circuit de Barcelona-Catalunya","Montmeló","Spain",41.57,2.26111,"109"
4,1,3,13,930,22621,19,9,"6","6",6,8,66,"+1:21.314","6153869","51","4","1:30.374","185.429",2015,5,"Spanish Grand Prix",2015-05-10,"12:00:00","massa","19","MAS","Felipe","Massa",1981-04-25,"Brazilian","williams","Williams","British","Finished","catalunya","Circuit de Barcelona-Catalunya","Montmeló","Spain",41.57,2.26111,"109"
4,11,208,154,930,22623,8,11,"8","8",8,4,65,"\N","\N","46","15","1:31.945","182.261",2015,5,"Spanish Grand Prix",2015-05-10,"12:00:00","grosjean","8","GRO","Romain","Grosjean",1986-04-17,"French","lotus_f1","Lotus F1","British","+1 Lap","catalunya","Circuit de Barcelona-Catalunya","Montmeló","Spain",41.57,2.26111,"109"
4,1,131,1,973,23459,44,1,"1","1",1,25,66,"1:35:56.497","5756497","64","1","1:23.593","200.471",2017,5,"Spanish Grand Prix",2017-05-14,"12:00:00","hamilton","44","HAM","Lewis","Hamilton",1985-01-07,"British","mercedes","Mercedes","German","Finished","catalunya","Circuit de Barcelona-Catalunya","Montmeló","Spain",41.57,2.26111,"109"
4,11,10,807,930,22630,27,17,"15","15",15,0,65,"\N","\N","51","7","1:30.888","184.380",2015,5,"Spanish Grand Prix",2015-05-10,"12:00:00","hulkenberg","27","HUL","Nico","Hülkenberg",1987-08-19,"German","force_india","Force India","Indian","+1 Lap","catalunya","Circuit de Barcelona-Catalunya","Montmeló","Spain",41.57,2.26111,"109"
4,1,1,18,845,20875,4,5,"3","3",3,15,66,"+35.697","5978998","63","7","1:27.518","191.480",2011,5,"Spanish Grand Prix",2011-05-22,"12:00:00","button","22","BUT","Jenson","Button",1980-01-19,"British","mclaren","McLaren","British","Finished","catalunya","Circuit de Barcelona-Catalunya","Montmeló","Spain",41.57,2.26111,"109"
4,26,206,819,864,21348,25,20,"\N","R",21,0,35,"\N","\N","29","22","1:31.136","183.879",2012,5,"Spanish Grand Prix",2012-05-13,"12:00:00","pic","\N","PIC","Charles","Pic",1990-02-15,"French","marussia","Marussia","Russian","Mechanical","catalunya","Circuit de Barcelona-Catalunya","Montmeló","Spain",41.57,2.26111,"109"
4,1,3,822,930,22619,77,4,"4","4",4,12,66,"+59.217","6131772","44","5","1:30.711","184.740",2015,5,"Spanish Grand Prix",2015-05-10,"12:00:00","bottas","77","BOT","Valtteri","Bottas",1989-08-28,"Finnish","williams","Williams","British","Finished","catalunya","Circuit de Barcelona-Catalunya","Montmeló","Spain",41.57,2.26111,"109"
4,11,1,18,952,23013,22,12,"9","9",9,2,65,"\N","\N","39","18","1:30.260","185.663",2016,5,"Spanish Grand Prix",2016-05-15,"12:00:00","button","22","BUT","Jenson","Button",1980-01-19,"British","mclaren","McLaren","British","+1 Lap","catalunya","Circuit de Barcelona-Catalunya","Montmeló","Spain",41.57,2.26111,"109"
4,1,131,1,1014,24283,44,2,"1","1",1,26,66,"1:35:50.443","5750443","54","1","1:18.492","213.499",2019,5,"Spanish Grand Prix",2019-05-12,"13:10:00","hamilton","44","HAM","Lewis","Hamilton",1985-01-07,"British","mercedes","Mercedes","German","Finished","catalunya","Circuit de Barcelona-Catalunya","Montmeló","Spain",41.57,2.26111,"109"
4,6,164,24,845,20896,23,21,"\N","R",24,0,28,"\N","\N","22","24","1:33.884","178.496",2011,5,"Spanish Grand Prix",2011-05-22,"12:00:00","liuzzi","\N","LIU","Vitantonio","Liuzzi",1980-08-06,"Italian","hrt","HRT","Spanish","Gearbox","catalunya","Circuit de Barcelona-Catalunya","Montmeló","Spain",41.57,2.26111,"109"
4,11,51,8,1055,25037,7,17,"12","12",12,0,65,"\N","\N","54","15","1:22.868","203.094",2021,4,"Spanish Grand Prix",2021-05-09,"13:00:00","raikkonen","7","RAI","Kimi","Räikkönen",1979-10-17,"Finnish","alfa","Alfa Romeo","Swiss","+1 Lap","catalunya","Circuit de Barcelona-Catalunya","Montmeló","Spain",41.57,2.26111,"109"
4,11,211,815,1036,24730,11,4,"5","5",5,10,65,"\N","\N","58","16","1:22.515","203.090",2020,6,"Spanish Grand Prix",2020-08-16,"13:10:00","perez","11","PER","Sergio","Pérez",1990-01-26,"Mexican","racing_point","Racing Point","British","+1 Lap","catalunya","Circuit de Barcelona-Catalunya","Montmeló","Spain",41.57,2.26111,"109"
4,1,3,13,952,23012,19,18,"8","8",8,4,66,"+1:20.707","6180724","43","9","1:29.238","187.789",2016,5,"Spanish Grand Prix",2016-05-15,"12:00:00","massa","19","MAS","Felipe","Massa",1981-04-25,"Brazilian","williams","Williams","British","Finished","catalunya","Circuit de Barcelona-Catalunya","Montmeló","Spain",41.57,2.26111,"109"
4,11,4,817,1036,24736,3,13,"11","11",11,0,65,"\N","\N","51","14","1:22.464","203.215",2020,6,"Spanish Grand Prix",2020-08-16,"13:10:00","ricciardo","3","RIC","Daniel","Ricciardo",1989-07-01,"Australian","renault","Renault","French","+1 Lap","catalunya","Circuit de Barcelona-Catalunya","Montmeló","Spain",41.57,2.26111,"109"
4,26,164,39,864,21349,23,23,"\N","R",22,0,22,"\N","\N","15","24","1:32.903","180.381",2012,5,"Spanish Grand Prix",2012-05-13,"12:00:00","karthikeyan","\N","KAR","Narain","Karthikeyan",1977-01-14,"Indian","hrt","HRT","Spanish","Mechanical","catalunya","Circuit de Barcelona-Catalunya","Montmeló","Spain",41.57,2.26111,"109"
4,11,10,815,973,23462,11,8,"4","4",4,12,65,"\N","\N","51","7","1:25.755","195.417",2017,5,"Spanish Grand Prix",2017-05-14,"12:00:00","perez","11","PER","Sergio","Pérez",1990-01-26,"Mexican","force_india","Force India","Indian","+1 Lap","catalunya","Circuit de Barcelona-Catalunya","Montmeló","Spain",41.57,2.26111,"109"
4,1,131,822,1014,24284,77,1,"2","2",2,18,66,"+4.074","5754517","55","2","1:18.737","212.835",2019,5,"Spanish Grand Prix",2019-05-12,"13:10:00","bottas","77","BOT","Valtteri","Bottas",1989-08-28,"Finnish","mercedes","Mercedes","German","Finished","catalunya","Circuit de Barcelona-Catalunya","Montmeló","Spain",41.57,2.26111,"109"
4,11,3,847,1036,24742,63,18,"17","17",17,0,65,"\N","\N","37","15","1:22.503","203.119",2020,6,"Spanish Grand Prix",2020-08-16,"13:10:00","russell","63","RUS","George","Russell",1998-02-15,"British","williams","Williams","British","+1 Lap","catalunya","Circuit de Barcelona-Catalunya","Montmeló","Spain",41.57,2.26111,"109"
4,1,3,822,904,22222,77,4,"5","5",5,10,66,"+1:19.293","6144448","47","8","1:30.424","185.326",2014,5,"Spanish Grand Prix",2014-05-11,"12:00:00","bottas","77","BOT","Valtteri","Bottas",1989-08-28,"Finnish","williams","Williams","British","Finished","catalunya","Circuit de Barcelona-Catalunya","Montmeló","Spain",41.57,2.26111,"109"
4,6,6,13,845,20894,6,8,"\N","R",22,0,58,"\N","\N","24","11","1:29.081","188.120",2011,5,"Spanish Grand Prix",2011-05-22,"12:00:00","massa","19","MAS","Felipe","Massa",1981-04-25,"Brazilian","ferrari","Ferrari","Italian","Gearbox","catalunya","Circuit de Barcelona-Catalunya","Montmeló","Spain",41.57,2.26111,"109"
4,11,5,826,973,23467,26,19,"9","9",9,2,65,"\N","\N","37","8","1:25.976","194.914",2017,5,"Spanish Grand Prix",2017-05-14,"12:00:00","kvyat","26","KVY","Daniil","Kvyat",1994-04-26,"Russian","toro_rosso","Toro Rosso","Italian","+1 Lap","catalunya","Circuit de Barcelona-Catalunya","Montmeló","Spain",41.57,2.26111,"109"
4,1,51,8,1014,24296,7,14,"14","14",14,0,66,"+41.803","5792246","66","14","1:21.382","205.917",2019,5,"Spanish Grand Prix",2019-05-12,"13:10:00","raikkonen","7","RAI","Kimi","Räikkönen",1979-10-17,"Finnish","alfa","Alfa Romeo","Swiss","Finished","catalunya","Circuit de Barcelona-Catalunya","Montmeló","Spain",41.57,2.26111,"109"
4,1,1,817,1055,25031,3,7,"6","6",6,8,66,"+1:13.768","5661448","60","10","1:21.853","205.612",2021,4,"Spanish Grand Prix",2021-05-09,"13:00:00","ricciardo","3","RIC","Daniel","Ricciardo",1989-07-01,"Australian","mclaren","McLaren","British","Finished","catalunya","Circuit de Barcelona-Catalunya","Montmeló","Spain",41.57,2.26111,"109"
4,1,6,20,930,22618,5,3,"3","3",3,15,66,"+45.342","6117897","61","6","1:30.737","184.687",2015,5,"Spanish Grand Prix",2015-05-10,"12:00:00","vettel","5","VET","Sebastian","Vettel",1987-07-03,"German","ferrari","Ferrari","Italian","Finished","catalunya","Circuit de Barcelona-Catalunya","Montmeló","Spain",41.57,2.26111,"109"
4,1,9,17,845,20876,2,1,"4","4",4,12,66,"+47.966","5991267","50","5","1:27.187","192.207",2011,5,"Spanish Grand Prix",2011-05-22,"12:00:00","webber","\N","WEB","Mark","Webber",1976-08-27,"Australian","red_bull","Red Bull","Austrian","Finished","catalunya","Circuit de Barcelona-Catalunya","Montmeló","Spain",41.57,2.26111,"109"
4,12,206,824,884,21817,22,20,"18","18",18,0,64,"\N","\N","55","18","1:28.884","188.537",2013,5,"Spanish Grand Prix",2013-05-12,"12:00:00","jules_bianchi","17","BIA","Jules","Bianchi",1989-08-03,"French","marussia","Marussia","Russian","+2 Laps","catalunya","Circuit de Barcelona-Catalunya","Montmeló","Spain",41.57,2.26111,"109"
4,11,51,841,1055,25040,99,14,"15","15",15,0,65,"\N","\N","42","13","1:22.802","203.255",2021,4,"Spanish Grand Prix",2021-05-09,"13:00:00","giovinazzi","99","GIO","Antonio","Giovinazzi",1993-12-14,"Italian","alfa","Alfa Romeo","Swiss","+1 Lap","catalunya","Circuit de Barcelona-Catalunya","Montmeló","Spain",41.57,2.26111,"109"
4,13,164,37,864,21346,22,22,"19","19",19,0,63,"\N","\N","54","20","1:30.722","184.718",2012,5,"Spanish Grand Prix",2012-05-13,"12:00:00","rosa","\N","DLR","Pedro","de la Rosa",1971-02-24,"Spanish","hrt","HRT","Spanish","+3 Laps","catalunya","Circuit de Barcelona-Catalunya","Montmeló","Spain",41.57,2.26111,"109"
4,12,206,10,864,21345,24,21,"18","18",18,0,64,"\N","\N","49","19","1:29.599","187.033",2012,5,"Spanish Grand Prix",2012-05-13,"12:00:00","glock","\N","GLO","Timo","Glock",1982-03-18,"German","marussia","Marussia","Russian","+2 Laps","catalunya","Circuit de Barcelona-Catalunya","Montmeló","Spain",41.57,2.26111,"109"
4,11,15,831,952,23019,12,20,"15","15",15,0,65,"\N","\N","38","16","1:29.905","186.396",2016,5,"Spanish Grand Prix",2016-05-15,"12:00:00","nasr","12","NAS","Felipe","Nasr",1992-08-21,"Brazilian","sauber","Sauber","Swiss","+1 Lap","catalunya","Circuit de Barcelona-Catalunya","Montmeló","Spain",41.57,2.26111,"109"
4,1,131,1,930,22617,44,2,"2","2",2,18,66,"+17.551","6090106","54","1","1:28.270","189.849",2015,5,"Spanish Grand Prix",2015-05-10,"12:00:00","hamilton","44","HAM","Lewis","Hamilton",1985-01-07,"British","mercedes","Mercedes","German","Finished","catalunya","Circuit de Barcelona-Catalunya","Montmeló","Spain",41.57,2.26111,"109"
4,11,3,813,884,21813,16,17,"14","14",14,0,65,"\N","\N","56","12","1:27.849","190.759",2013,5,"Spanish Grand Prix",2013-05-12,"12:00:00","maldonado","13","MAL","Pastor","Maldonado",1985-03-09,"Venezuelan","williams","Williams","British","+1 Lap","catalunya","Circuit de Barcelona-Catalunya","Montmeló","Spain",41.57,2.26111,"109"
4,11,10,814,864,21341,11,12,"14","14",14,0,65,"\N","\N","44","10","1:28.313","189.756",2012,5,"Spanish Grand Prix",2012-05-13,"12:00:00","resta","\N","DIR","Paul","di Resta",1986-04-16,"British","force_india","Force India","Indian","+1 Lap","catalunya","Circuit de Barcelona-Catalunya","Montmeló","Spain",41.57,2.26111,"109"
4,1,131,822,993,23863,77,2,"2","2",2,18,66,"+20.593","5750565","56","5","1:19.478","210.850",2018,5,"Spanish Grand Prix",2018-05-13,"13:10:00","bottas","77","BOT","Valtteri","Bottas",1989-08-28,"Finnish","mercedes","Mercedes","German","Finished","catalunya","Circuit de Barcelona-Catalunya","Montmeló","Spain",41.57,2.26111,"109"
4,1,10,815,952,23011,11,9,"7","7",7,6,66,"+1:19.538","6179555","37","15","1:29.801","186.612",2016,5,"Spanish Grand Prix",2016-05-15,"12:00:00","perez","11","PER","Sergio","Pérez",1990-01-26,"Mexican","force_india","Force India","Indian","Finished","catalunya","Circuit de Barcelona-Catalunya","Montmeló","Spain",41.57,2.26111,"109"
4,11,5,826,904,22231,26,12,"14","14",14,0,65,"\N","\N","59","6","1:30.269","185.645",2014,5,"Spanish Grand Prix",2014-05-11,"12:00:00","kvyat","26","KVY","Daniil","Kvyat",1994-04-26,"Russian","toro_rosso","Toro Rosso","Italian","+1 Lap","catalunya","Circuit de Barcelona-Catalunya","Montmeló","Spain",41.57,2.26111,"109"
4,11,214,4,1055,25042,14,10,"17","17",17,0,65,"\N","\N","63","6","1:21.182","207.311",2021,4,"Spanish Grand Prix",2021-05-09,"13:00:00","alonso","14","ALO","Fernando","Alonso",1981-07-29,"Spanish","alpine","Alpine F1 Team","French","+1 Lap","catalunya","Circuit de Barcelona-Catalunya","Montmeló","Spain",41.57,2.26111,"109"
4,12,10,815,993,23870,11,15,"9","9",9,2,64,"\N","\N","43","8","1:21.128","206.562",2018,5,"Spanish Grand Prix",2018-05-13,"13:10:00","perez","11","PER","Sergio","Pérez",1990-01-26,"Mexican","force_india","Force India","Indian","+2 Laps","catalunya","Circuit de Barcelona-Catalunya","Montmeló","Spain",41.57,2.26111,"109"
4,1,6,20,952,23007,5,6,"3","3",3,15,66,"+5.581","6105598","39","2","1:27.974","190.488",2016,5,"Spanish Grand Prix",2016-05-15,"12:00:00","vettel","5","VET","Sebastian","Vettel",1987-07-03,"German","ferrari","Ferrari","Italian","Finished","catalunya","Circuit de Barcelona-Catalunya","Montmeló","Spain",41.57,2.26111,"109"
4,11,3,813,845,20887,12,9,"15","15",15,0,65,"\N","\N","64","14","1:29.391","187.468",2011,5,"Spanish Grand Prix",2011-05-22,"12:00:00","maldonado","13","MAL","Pastor","Maldonado",1985-03-09,"Venezuelan","williams","Williams","British","+1 Lap","catalunya","Circuit de Barcelona-Catalunya","Montmeló","Spain",41.57,2.26111,"109"
4,1,1,1,864,21335,4,24,"8","8",8,4,66,"+1:18.140","6027285","50","18","1:28.918","188.465",2012,5,"Spanish Grand Prix",2012-05-13,"12:00:00","hamilton","44","HAM","Lewis","Hamilton",1985-01-07,"British","mclaren","McLaren","British","Finished","catalunya","Circuit de Barcelona-Catalunya","Montmeló","Spain",41.57,2.26111,"109"
4,4,131,1,952,23025,44,1,"\N","R",21,0,0,"\N","\N","\N","0","\N","\N",2016,5,"Spanish Grand Prix",2016-05-15,"12:00:00","hamilton","44","HAM","Lewis","Hamilton",1985-01-07,"British","mercedes","Mercedes","German","Collision","catalunya","Circuit de Barcelona-Catalunya","Montmeló","Spain",41.57,2.26111,"109"
4,11,209,836,952,23020,94,21,"16","16",16,0,65,"\N","\N","37","19","1:31.182","183.786",2016,5,"Spanish Grand Prix",2016-05-15,"12:00:00","wehrlein","94","WEH","Pascal","Wehrlein",1994-10-18,"German","manor","Manor Marussia","British","+1 Lap","catalunya","Circuit de Barcelona-Catalunya","Montmeló","Spain",41.57,2.26111,"109"
4,12,15,828,993,23874,9,17,"13","13",13,0,64,"\N","\N","50","15","1:22.487","203.159",2018,5,"Spanish Grand Prix",2018-05-13,"13:10:00","ericsson","9","ERI","Marcus","Ericsson",1990-09-02,"Swedish","sauber","Sauber","Swiss","+2 Laps","catalunya","Circuit de Barcelona-Catalunya","Montmeló","Spain",41.57,2.26111,"109"
4,12,15,828,973,23469,9,16,"11","11",11,0,64,"\N","\N","60","10","1:26.213","194.379",2017,5,"Spanish Grand Prix",2017-05-14,"12:00:00","ericsson","9","ERI","Marcus","Ericsson",1990-09-02,"Swedish","sauber","Sauber","Swiss","+2 Laps","catalunya","Circuit de Barcelona-Catalunya","Montmeló","Spain",41.57,2.26111,"109"
4,4,4,807,993,23881,27,16,"\N","R",20,0,0,"\N","\N","\N","0","\N","\N",2018,5,"Spanish Grand Prix",2018-05-13,"13:10:00","hulkenberg","27","HUL","Nico","Hülkenberg",1987-08-19,"German","renault","Renault","French","Collision","catalunya","Circuit de Barcelona-Catalunya","Montmeló","Spain",41.57,2.26111,"109"
4,12,5,153,845,20888,19,13,"16","16",16,0,64,"\N","\N","52","12","1:29.132","188.013",2011,5,"Spanish Grand Prix",2011-05-22,"12:00:00","alguersuari","\N","ALG","Jaime","Alguersuari",1990-03-23,"Spanish","toro_rosso","Toro Rosso","Italian","+2 Laps","catalunya","Circuit de Barcelona-Catalunya","Montmeló","Spain",41.57,2.26111,"109"
4,1,9,830,993,23864,33,5,"3","3",3,15,66,"+26.873","5756845","62","4","1:19.422","210.999",2018,5,"Spanish Grand Prix",2018-05-13,"13:10:00","max_verstappen","33","VER","Max","Verstappen",1997-09-30,"Dutch","red_bull","Red Bull","Austrian","Finished","catalunya","Circuit de Barcelona-Catalunya","Montmeló","Spain",41.57,2.26111,"109"
4,1,5,832,952,23010,55,8,"6","6",6,8,66,"+1:01.395","6161412","42","11","1:29.663","186.899",2016,5,"Spanish Grand Prix",2016-05-15,"12:00:00","sainz","55","SAI","Carlos","Sainz",1994-09-01,"Spanish","toro_rosso","Toro Rosso","Italian","Finished","catalunya","Circuit de Barcelona-Catalunya","Montmeló","Spain",41.57,2.26111,"109"
4,11,117,20,1055,25038,5,13,"13","13",13,0,65,"\N","\N","56","14","1:22.820","203.211",2021,4,"Spanish Grand Prix",2021-05-09,"13:00:00","vettel","5","VET","Sebastian","Vettel",1987-07-03,"German","aston_martin","Aston Martin","British","+1 Lap","catalunya","Circuit de Barcelona-Catalunya","Montmeló","Spain",41.57,2.26111,"109"
4,11,213,842,1036,24734,10,10,"9","9",9,2,65,"\N","\N","44","17","1:22.543","203.021",2020,6,"Spanish Grand Prix",2020-08-16,"13:10:00","gasly","10","GAS","Pierre","Gasly",1996-02-07,"French","alphatauri","AlphaTauri","Italian","+1 Lap","catalunya","Circuit de Barcelona-Catalunya","Montmeló","Spain",41.57,2.26111,"109"
4,1,210,825,1014,24289,20,8,"7","7",7,6,66,"+28.159","5778602","66","9","1:20.770","207.478",2019,5,"Spanish Grand Prix",2019-05-12,"13:10:00","kevin_magnussen","20","MAG","Kevin","Magnussen",1992-10-05,"Danish","haas","Haas F1 Team","American","Finished","catalunya","Circuit de Barcelona-Catalunya","Montmeló","Spain",41.57,2.26111,"109"
4,1,9,20,864,21333,1,7,"6","6",6,8,66,"+1:07.576","6016721","65","4","1:27.768","190.935",2012,5,"Spanish Grand Prix",2012-05-13,"12:00:00","vettel","5","VET","Sebastian","Vettel",1987-07-03,"German","red_bull","Red Bull","Austrian","Finished","catalunya","Circuit de Barcelona-Catalunya","Montmeló","Spain",41.57,2.26111,"109"
4,11,117,840,1055,25036,18,11,"11","11",11,0,65,"\N","\N","47","11","1:22.607","203.735",2021,4,"Spanish Grand Prix",2021-05-09,"13:00:00","stroll","18","STR","Lance","Stroll",1998-10-29,"Canadian","aston_martin","Aston Martin","British","+1 Lap","catalunya","Circuit de Barcelona-Catalunya","Montmeló","Spain",41.57,2.26111,"109"
4,13,166,10,845,20891,24,20,"19","19",19,0,63,"\N","\N","40","21","1:31.635","182.877",2011,5,"Spanish Grand Prix",2011-05-22,"12:00:00","glock","\N","GLO","Timo","Glock",1982-03-18,"German","virgin","Virgin","British","+3 Laps","catalunya","Circuit de Barcelona-Catalunya","Montmeló","Spain",41.57,2.26111,"109"
4,4,211,840,1014,24301,18,16,"\N","R",19,0,44,"\N","\N","28","20","1:23.226","201.355",2019,5,"Spanish Grand Prix",2019-05-12,"13:10:00","stroll","18","STR","Lance","Stroll",1998-10-29,"Canadian","racing_point","Racing Point","British","Collision","catalunya","Circuit de Barcelona-Catalunya","Montmeló","Spain",41.57,2.26111,"109"
4,11,3,847,1014,24299,63,19,"17","17",17,0,65,"\N","\N","64","17","1:22.382","203.418",2019,5,"Spanish Grand Prix",2019-05-12,"13:10:00","russell","63","RUS","George","Russell",1998-02-15,"British","williams","Williams","British","+1 Lap","catalunya","Circuit de Barcelona-Catalunya","Montmeló","Spain",41.57,2.26111,"109"
4,11,10,807,864,21337,12,13,"10","10",10,1,65,"\N","\N","48","17","1:28.912","188.478",2012,5,"Spanish Grand Prix",2012-05-13,"12:00:00","hulkenberg","27","HUL","Nico","Hülkenberg",1987-08-19,"German","force_india","Force India","Indian","+1 Lap","catalunya","Circuit de Barcelona-Catalunya","Montmeló","Spain",41.57,2.26111,"109"
4,1,208,154,864,21331,10,3,"4","4",4,12,66,"+14.799","5963944","53","1","1:26.250","194.295",2012,5,"Spanish Grand Prix",2012-05-13,"12:00:00","grosjean","8","GRO","Romain","Grosjean",1986-04-17,"French","lotus_f1","Lotus F1","British","Finished","catalunya","Circuit de Barcelona-Catalunya","Montmeló","Spain",41.57,2.26111,"109"
4,12,210,853,1055,25044,9,20,"19","19",19,0,64,"\N","\N","45","19","1:24.040","200.261",2021,4,"Spanish Grand Prix",2021-05-09,"13:00:00","mazepin","9","MAZ","Nikita","Mazepin",1999-03-02,"Russian","haas","Haas F1 Team","American","+2 Laps","catalunya","Circuit de Barcelona-Catalunya","Montmeló","Spain",41.57,2.26111,"109"
4,11,210,821,952,23015,21,16,"11","11",11,0,65,"\N","\N","34","17","1:30.139","185.912",2016,5,"Spanish Grand Prix",2016-05-15,"12:00:00","gutierrez","21","GUT","Esteban","Gutiérrez",1991-08-05,"Mexican","haas","Haas F1 Team","American","+1 Lap","catalunya","Circuit de Barcelona-Catalunya","Montmeló","Spain",41.57,2.26111,"109"
4,4,131,3,952,23026,6,2,"\N","R",22,0,0,"\N","\N","\N","0","\N","\N",2016,5,"Spanish Grand Prix",2016-05-15,"12:00:00","rosberg","6","ROS","Nico","Rosberg",1985-06-27,"German","mercedes","Mercedes","German","Collision","catalunya","Circuit de Barcelona-Catalunya","Montmeló","Spain",41.57,2.26111,"109"
4,1,131,3,884,21805,9,1,"6","6",6,8,66,"+1:08.020","6024616","56","11","1:27.591","191.321",2013,5,"Spanish Grand Prix",2013-05-12,"12:00:00","rosberg","6","ROS","Nico","Rosberg",1985-06-27,"German","mercedes","Mercedes","German","Finished","catalunya","Circuit de Barcelona-Catalunya","Montmeló","Spain",41.57,2.26111,"109"
4,1,5,826,1014,24291,26,9,"9","9",9,2,66,"+33.056","5783499","64","8","1:20.726","207.591",2019,5,"Spanish Grand Prix",2019-05-12,"13:10:00","kvyat","26","KVY","Daniil","Kvyat",1994-04-26,"Russian","toro_rosso","Toro Rosso","Italian","Finished","catalunya","Circuit de Barcelona-Catalunya","Montmeló","Spain",41.57,2.26111,"109"
4,1,6,4,884,21800,3,5,"1","1",1,25,66,"1:39:16.596","5956596","53","5","1:26.681","193.329",2013,5,"Spanish Grand Prix",2013-05-12,"12:00:00","alonso","14","ALO","Fernando","Alonso",1981-07-29,"Spanish","ferrari","Ferrari","Italian","Finished","catalunya","Circuit de Barcelona-Catalunya","Montmeló","Spain",41.57,2.26111,"109"
4,11,131,3,845,20879,8,7,"7","7",7,6,65,"\N","\N","34","13","1:29.155","187.964",2011,5,"Spanish Grand Prix",2011-05-22,"12:00:00","rosberg","6","ROS","Nico","Rosberg",1985-06-27,"German","mercedes","Mercedes","German","+1 Lap","catalunya","Circuit de Barcelona-Catalunya","Montmeló","Spain",41.57,2.26111,"109"
4,1,208,8,864,21330,9,4,"3","3",3,15,66,"+3.884","5953029","50","2","1:26.938","192.758",2012,5,"Spanish Grand Prix",2012-05-13,"12:00:00","raikkonen","7","RAI","Kimi","Räikkönen",1979-10-17,"Finnish","lotus_f1","Lotus F1","British","Finished","catalunya","Circuit de Barcelona-Catalunya","Montmeló","Spain",41.57,2.26111,"109"
4,11,51,8,1036,24739,7,14,"14","14",14,0,65,"\N","\N","47","7","1:21.888","204.645",2020,6,"Spanish Grand Prix",2020-08-16,"13:10:00","raikkonen","7","RAI","Kimi","Räikkönen",1979-10-17,"Finnish","alfa","Alfa Romeo","Swiss","+1 Lap","catalunya","Circuit de Barcelona-Catalunya","Montmeló","Spain",41.57,2.26111,"109"
4,11,4,2,845,20880,9,24,"8","8",8,4,65,"\N","\N","61","3","1:26.958","192.713",2011,5,"Spanish Grand Prix",2011-05-22,"12:00:00","heidfeld","\N","HEI","Nick","Heidfeld",1977-05-10,"German","renault","Renault","French","+1 Lap","catalunya","Circuit de Barcelona-Catalunya","Montmeló","Spain",41.57,2.26111,"109"
4,12,210,825,973,23472,20,11,"14","14",14,0,64,"\N","\N","15","12","1:26.371","194.023",2017,5,"Spanish Grand Prix",2017-05-14,"12:00:00","kevin_magnussen","20","MAG","Kevin","Magnussen",1992-10-05,"Danish","haas","Haas F1 Team","American","+2 Laps","catalunya","Circuit de Barcelona-Catalunya","Montmeló","Spain",41.57,2.26111,"109"
4,61,15,815,864,21347,15,5,"\N","R",20,0,37,"\N","\N","20","13","1:28.605","189.131",2012,5,"Spanish Grand Prix",2012-05-13,"12:00:00","perez","11","PER","Sergio","Pérez",1990-01-26,"Mexican","sauber","Sauber","Swiss","Wheel nut","catalunya","Circuit de Barcelona-Catalunya","Montmeló","Spain",41.57,2.26111,"109"
4,11,10,16,884,21812,15,13,"13","13",13,0,65,"\N","\N","38","3","1:26.564","193.590",2013,5,"Spanish Grand Prix",2013-05-12,"12:00:00","sutil","99","SUT","Adrian","Sutil",1983-01-11,"German","force_india","Force India","Indian","+1 Lap","catalunya","Circuit de Barcelona-Catalunya","Montmeló","Spain",41.57,2.26111,"109"
4,11,5,817,884,21809,19,11,"10","10",10,1,65,"\N","\N","55","16","1:28.083","190.252",2013,5,"Spanish Grand Prix",2013-05-12,"12:00:00","ricciardo","3","RIC","Daniel","Ricciardo",1989-07-01,"Australian","toro_rosso","Toro Rosso","Italian","+1 Lap","catalunya","Circuit de Barcelona-Catalunya","Montmeló","Spain",41.57,2.26111,"109"
4,12,3,22,845,20889,11,19,"17","17",17,0,64,"\N","\N","60","2","1:26.891","192.862",2011,5,"Spanish Grand Prix",2011-05-22,"12:00:00","barrichello","\N","BAR","Rubens","Barrichello",1972-05-23,"Brazilian","williams","Williams","British","+2 Laps","catalunya","Circuit de Barcelona-Catalunya","Montmeló","Spain",41.57,2.26111,"109"
4,1,131,1,1036,24726,44,1,"1","1",1,25,66,"1:31:45.279","5505279","63","2","1:19.822","209.942",2020,6,"Spanish Grand Prix",2020-08-16,"13:10:00","hamilton","44","HAM","Lewis","Hamilton",1985-01-07,"British","mercedes","Mercedes","German","Finished","catalunya","Circuit de Barcelona-Catalunya","Montmeló","Spain",41.57,2.26111,"109"
4,4,1,846,1014,24302,4,10,"\N","R",20,0,44,"\N","\N","28","18","1:22.561","202.977",2019,5,"Spanish Grand Prix",2019-05-12,"13:10:00","norris","4","NOR","Lando","Norris",1999-11-13,"British","mclaren","McLaren","British","Collision","catalunya","Circuit de Barcelona-Catalunya","Montmeló","Spain",41.57,2.26111,"109"
4,11,3,13,904,22230,19,9,"13","13",13,0,65,"\N","\N","55","9","1:30.468","185.236",2014,5,"Spanish Grand Prix",2014-05-11,"12:00:00","massa","19","MAS","Felipe","Massa",1981-04-25,"Brazilian","williams","Williams","British","+1 Lap","catalunya","Circuit de Barcelona-Catalunya","Montmeló","Spain",41.57,2.26111,"109"
4,11,9,848,1036,24733,23,6,"8","8",8,4,65,"\N","\N","41","11","1:22.194","203.883",2020,6,"Spanish Grand Prix",2020-08-16,"13:10:00","albon","23","ALB","Alexander","Albon",1996-03-23,"Thai","red_bull","Red Bull","Austrian","+1 Lap","catalunya","Circuit de Barcelona-Catalunya","Montmeló","Spain",41.57,2.26111,"109"
4,5,1,4,952,23023,14,10,"\N","R",19,0,45,"\N","\N","41","13","1:29.750","186.718",2016,5,"Spanish Grand Prix",2016-05-15,"12:00:00","alonso","14","ALO","Fernando","Alonso",1981-07-29,"Spanish","mclaren","McLaren","British","Engine","catalunya","Circuit de Barcelona-Catalunya","Montmeló","Spain",41.57,2.26111,"109"
4,12,5,843,993,23873,28,20,"12","12",12,0,64,"\N","\N","63","10","1:21.439","205.773",2018,5,"Spanish Grand Prix",2018-05-13,"13:10:00","brendon_hartley","28","HAR","Brendon","Hartley",1989-11-10,"New Zealander","toro_rosso","Toro Rosso","Italian","+2 Laps","catalunya","Circuit de Barcelona-Catalunya","Montmeló","Spain",41.57,2.26111,"109"
4,1,9,17,884,21804,2,7,"5","5",5,10,66,"+47.963","6004559","55","8","1:27.017","192.583",2013,5,"Spanish Grand Prix",2013-05-12,"12:00:00","webber","\N","WEB","Mark","Webber",1976-08-27,"Australian","red_bull","Red Bull","Austrian","Finished","catalunya","Circuit de Barcelona-Catalunya","Montmeló","Spain",41.57,2.26111,"109"
4,11,208,154,904,22225,8,5,"8","8",8,4,65,"\N","\N","47","14","1:31.068","184.016",2014,5,"Spanish Grand Prix",2014-05-11,"12:00:00","grosjean","8","GRO","Romain","Grosjean",1986-04-17,"French","lotus_f1","Lotus F1","British","+1 Lap","catalunya","Circuit de Barcelona-Catalunya","Montmeló","Spain",41.57,2.26111,"109"
4,1,6,20,1014,24286,5,3,"4","4",4,12,66,"+9.167","5759610","64","4","1:19.820","209.947",2019,5,"Spanish Grand Prix",2019-05-12,"13:10:00","vettel","5","VET","Sebastian","Vettel",1987-07-03,"German","ferrari","Ferrari","Italian","Finished","catalunya","Circuit de Barcelona-Catalunya","Montmeló","Spain",41.57,2.26111,"109"
4,13,209,829,930,22632,28,19,"17","17",17,0,63,"\N","\N","49","19","1:33.655","178.933",2015,5,"Spanish Grand Prix",2015-05-10,"12:00:00","stevens","28","STE","Will","Stevens",1991-06-28,"British","manor","Manor Marussia","British","+3 Laps","catalunya","Circuit de Barcelona-Catalunya","Montmeló","Spain",41.57,2.26111,"109"
4,131,131,822,973,23475,77,3,"\N","R",17,0,38,"\N","\N","28","5","1:24.696","197.860",2017,5,"Spanish Grand Prix",2017-05-14,"12:00:00","bottas","77","BOT","Valtteri","Bottas",1989-08-28,"Finnish","mercedes","Mercedes","German","Power Unit","catalunya","Circuit de Barcelona-Catalunya","Montmeló","Spain",41.57,2.26111,"109"
4,11,15,807,884,21814,11,15,"15","15",15,0,65,"\N","\N","58","4","1:26.586","193.541",2013,5,"Spanish Grand Prix",2013-05-12,"12:00:00","hulkenberg","27","HUL","Nico","Hülkenberg",1987-08-19,"German","sauber","Sauber","Swiss","+1 Lap","catalunya","Circuit de Barcelona-Catalunya","Montmeló","Spain",41.57,2.26111,"109"
4,1,9,20,884,21803,1,3,"4","4",4,12,66,"+38.273","5994869","55","9","1:27.036","192.541",2013,5,"Spanish Grand Prix",2013-05-12,"12:00:00","vettel","5","VET","Sebastian","Vettel",1987-07-03,"German","red_bull","Red Bull","Austrian","Finished","catalunya","Circuit de Barcelona-Catalunya","Montmeló","Spain",41.57,2.26111,"109"
4,1,9,817,973,23461,3,6,"3","3",3,15,66,"+1:15.820","5832317","40","3","1:23.686","200.248",2017,5,"Spanish Grand Prix",2017-05-14,"12:00:00","ricciardo","3","RIC","Daniel","Ricciardo",1989-07-01,"Australian","red_bull","Red Bull","Austrian","Finished","catalunya","Circuit de Barcelona-Catalunya","Montmeló","Spain",41.57,2.26111,"109"
4,11,4,835,952,23017,30,17,"13","13",13,0,65,"\N","\N","35","14","1:29.779","186.658",2016,5,"Spanish Grand Prix",2016-05-15,"12:00:00","jolyon_palmer","30","PAL","Jolyon","Palmer",1991-01-20,"British","renault","Renault","French","+1 Lap","catalunya","Circuit de Barcelona-Catalunya","Montmeló","Spain",41.57,2.26111,"109"
4,1,5,848,1014,24293,23,11,"11","11",11,0,66,"+35.445","5785888","65","11","1:21.028","206.817",2019,5,"Spanish Grand Prix",2019-05-12,"13:10:00","albon","23","ALB","Alexander","Albon",1996-03-23,"Thai","toro_rosso","Toro Rosso","Italian","Finished","catalunya","Circuit de Barcelona-Catalunya","Montmeló","Spain",41.57,2.26111,"109"
4,11,131,30,845,20878,7,10,"6","6",6,8,65,"\N","\N","34","15","1:29.463","187.317",2011,5,"Spanish Grand Prix",2011-05-22,"12:00:00","michael_schumacher","\N","MSC","Michael","Schumacher",1969-01-03,"German","mercedes","Mercedes","German","+1 Lap","catalunya","Circuit de Barcelona-Catalunya","Montmeló","Spain",41.57,2.26111,"109"
4,1,131,822,1036,24728,77,2,"3","3",3,16,66,"+44.752","5550031","66","1","1:18.183","214.343",2020,6,"Spanish Grand Prix",2020-08-16,"13:10:00","bottas","77","BOT","Valtteri","Bottas",1989-08-28,"Finnish","mercedes","Mercedes","German","Finished","catalunya","Circuit de Barcelona-Catalunya","Montmeló","Spain",41.57,2.26111,"109"
4,101,6,8,993,23878,7,4,"\N","R",17,0,25,"\N","\N","23","11","1:21.531","205.541",2018,5,"Spanish Grand Prix",2018-05-13,"13:10:00","raikkonen","7","RAI","Kimi","Räikkönen",1979-10-17,"Finnish","ferrari","Ferrari","Italian","Turbo","catalunya","Circuit de Barcelona-Catalunya","Montmeló","Spain",41.57,2.26111,"109"
4,4,131,30,864,21351,7,8,"\N","R",24,0,12,"\N","\N","4","21","1:31.089","183.973",2012,5,"Spanish Grand Prix",2012-05-13,"12:00:00","michael_schumacher","\N","MSC","Michael","Schumacher",1969-01-03,"German","mercedes","Mercedes","German","Collision","catalunya","Circuit de Barcelona-Catalunya","Montmeló","Spain",41.57,2.26111,"109"
4,1,1,18,884,21807,5,14,"8","8",8,4,66,"+1:19.506","6036102","55","14","1:27.957","190.524",2013,5,"Spanish Grand Prix",2013-05-12,"12:00:00","button","22","BUT","Jenson","Button",1980-01-19,"British","mclaren","McLaren","British","Finished","catalunya","Circuit de Barcelona-Catalunya","Montmeló","Spain",41.57,2.26111,"109"
4,11,5,830,930,22626,33,6,"11","11",11,0,65,"\N","\N","46","12","1:31.896","182.358",2015,5,"Spanish Grand Prix",2015-05-10,"12:00:00","max_verstappen","33","VER","Max","Verstappen",1997-09-30,"Dutch","toro_rosso","Toro Rosso","Italian","+1 Lap","catalunya","Circuit de Barcelona-Catalunya","Montmeló","Spain",41.57,2.26111,"109"
4,12,4,835,973,23473,30,17,"15","15",15,0,64,"\N","\N","44","6","1:24.843","197.517",2017,5,"Spanish Grand Prix",2017-05-14,"12:00:00","jolyon_palmer","30","PAL","Jolyon","Palmer",1991-01-20,"British","renault","Renault","French","+2 Laps","catalunya","Circuit de Barcelona-Catalunya","Montmeló","Spain",41.57,2.26111,"109"
4,1,131,3,864,21334,8,6,"7","7",7,6,66,"+1:17.919","6027064","45","7","1:28.150","190.107",2012,5,"Spanish Grand Prix",2012-05-13,"12:00:00","rosberg","6","ROS","Nico","Rosberg",1985-06-27,"German","mercedes","Mercedes","German","Finished","catalunya","Circuit de Barcelona-Catalunya","Montmeló","Spain",41.57,2.26111,"109"
4,1,9,20,845,20873,1,2,"1","1",1,25,66,"1:39:03.301","5943301","60","4","1:27.162","192.262",2011,5,"Spanish Grand Prix",2011-05-22,"12:00:00","vettel","5","VET","Sebastian","Vettel",1987-07-03,"German","red_bull","Red Bull","Austrian","Finished","catalunya","Circuit de Barcelona-Catalunya","Montmeló","Spain",41.57,2.26111,"109"
4,22,208,154,884,21821,8,6,"22","22",22,0,8,"\N","\N","5","22","1:31.136","183.879",2013,5,"Spanish Grand Prix",2013-05-12,"12:00:00","grosjean","8","GRO","Romain","Grosjean",1986-04-17,"French","lotus_f1","Lotus F1","British","Suspension","catalunya","Circuit de Barcelona-Catalunya","Montmeló","Spain",41.57,2.26111,"109"
4,11,15,821,884,21810,12,19,"11","11",11,0,65,"\N","\N","56","1","1:26.217","194.370",2013,5,"Spanish Grand Prix",2013-05-12,"12:00:00","gutierrez","21","GUT","Esteban","Gutiérrez",1991-08-05,"Mexican","sauber","Sauber","Swiss","+1 Lap","catalunya","Circuit de Barcelona-Catalunya","Montmeló","Spain",41.57,2.26111,"109"
4,1,6,844,1014,24287,16,5,"5","5",5,10,66,"+13.361","5763804","57","5","1:20.002","209.469",2019,5,"Spanish Grand Prix",2019-05-12,"13:10:00","leclerc","16","LEC","Charles","Leclerc",1997-10-16,"Monegasque","ferrari","Ferrari","Italian","Finished","catalunya","Circuit de Barcelona-Catalunya","Montmeló","Spain",41.57,2.26111,"109"
4,11,10,815,930,22628,11,18,"13","13",13,0,65,"\N","\N","38","14","1:31.932","182.286",2015,5,"Spanish Grand Prix",2015-05-10,"12:00:00","perez","11","PER","Sergio","Pérez",1990-01-26,"Mexican","force_india","Force India","Indian","+1 Lap","catalunya","Circuit de Barcelona-Catalunya","Montmeló","Spain",41.57,2.26111,"109"
4,11,6,20,1036,24732,5,11,"7","7",7,6,65,"\N","\N","48","18","1:22.707","202.618",2020,6,"Spanish Grand Prix",2020-08-16,"13:10:00","vettel","5","VET","Sebastian","Vettel",1987-07-03,"German","ferrari","Ferrari","Italian","+1 Lap","catalunya","Circuit de Barcelona-Catalunya","Montmeló","Spain",41.57,2.26111,"109"
4,11,4,832,993,23868,55,9,"7","7",7,6,65,"\N","\N","61","9","1:21.324","206.064",2018,5,"Spanish Grand Prix",2018-05-13,"13:10:00","sainz","55","SAI","Carlos","Sainz",1994-09-01,"Spanish","renault","Renault","French","+1 Lap","catalunya","Circuit de Barcelona-Catalunya","Montmeló","Spain",41.57,2.26111,"109"
4,6,1,838,993,23876,2,11,"\N","R",15,0,45,"\N","\N","38","16","1:22.594","202.896",2018,5,"Spanish Grand Prix",2018-05-13,"13:10:00","vandoorne","2","VAN","Stoffel","Vandoorne",1992-03-26,"Belgian","mclaren","McLaren","British","Gearbox","catalunya","Circuit de Barcelona-Catalunya","Montmeló","Spain",41.57,2.26111,"109"
4,1,6,13,884,21802,4,9,"3","3",3,15,66,"+26.049","5982645","56","2","1:26.394","193.971",2013,5,"Spanish Grand Prix",2013-05-12,"12:00:00","massa","19","MAS","Felipe","Massa",1981-04-25,"Brazilian","ferrari","Ferrari","Italian","Finished","catalunya","Circuit de Barcelona-Catalunya","Montmeló","Spain",41.57,2.26111,"109"
4,11,1,825,904,22229,20,14,"12","12",12,0,65,"\N","\N","43","7","1:30.318","185.544",2014,5,"Spanish Grand Prix",2014-05-11,"12:00:00","kevin_magnussen","20","MAG","Kevin","Magnussen",1992-10-05,"Danish","mclaren","McLaren","British","+1 Lap","catalunya","Circuit de Barcelona-Catalunya","Montmeló","Spain",41.57,2.26111,"109"
4,1,6,8,952,23006,7,5,"2","2",2,18,66,"+0.616","6100633","38","4","1:28.538","189.274",2016,5,"Spanish Grand Prix",2016-05-15,"12:00:00","raikkonen","7","RAI","Kimi","Räikkönen",1979-10-17,"Finnish","ferrari","Ferrari","Italian","Finished","catalunya","Circuit de Barcelona-Catalunya","Montmeló","Spain",41.57,2.26111,"109"
4,11,5,817,864,21340,16,15,"13","13",13,0,65,"\N","\N","44","12","1:28.587","189.169",2012,5,"Spanish Grand Prix",2012-05-13,"12:00:00","ricciardo","3","RIC","Daniel","Ricciardo",1989-07-01,"Australian","toro_rosso","Toro Rosso","Italian","+1 Lap","catalunya","Circuit de Barcelona-Catalunya","Montmeló","Spain",41.57,2.26111,"109"
4,11,210,825,993,23867,20,7,"6","6",6,8,65,"\N","\N","64","6","1:20.246","208.832",2018,5,"Spanish Grand Prix",2018-05-13,"13:10:00","kevin_magnussen","20","MAG","Kevin","Magnussen",1992-10-05,"Danish","haas","Haas F1 Team","American","+1 Lap","catalunya","Circuit de Barcelona-Catalunya","Montmeló","Spain",41.57,2.26111,"109"
4,11,5,826,952,23014,26,13,"10","10",10,1,65,"\N","\N","53","1","1:26.948","192.735",2016,5,"Spanish Grand Prix",2016-05-15,"12:00:00","kvyat","26","KVY","Daniil","Kvyat",1994-04-26,"Russian","toro_rosso","Toro Rosso","Italian","+1 Lap","catalunya","Circuit de Barcelona-Catalunya","Montmeló","Spain",41.57,2.26111,"109"
4,12,206,820,884,21818,23,21,"19","19",19,0,64,"\N","\N","49","15","1:28.011","190.408",2013,5,"Spanish Grand Prix",2013-05-12,"12:00:00","chilton","4","CHI","Max","Chilton",1991-04-21,"British","marussia","Marussia","Russian","+2 Laps","catalunya","Circuit de Barcelona-Catalunya","Montmeló","Spain",41.57,2.26111,"109"
4,11,1,846,1036,24735,4,8,"10","10",10,1,65,"\N","\N","56","13","1:22.392","203.393",2020,6,"Spanish Grand Prix",2020-08-16,"13:10:00","norris","4","NOR","Lando","Norris",1999-11-13,"British","mclaren","McLaren","British","+1 Lap","catalunya","Circuit de Barcelona-Catalunya","Montmeló","Spain",41.57,2.26111,"109"
4,4,1,838,973,23476,2,20,"\N","R",18,0,32,"\N","\N","14","18","1:27.554","191.401",2017,5,"Spanish Grand Prix",2017-05-14,"12:00:00","vandoorne","2","VAN","Stoffel","Vandoorne",1992-03-26,"Belgian","mclaren","McLaren","British","Collision","catalunya","Circuit de Barcelona-Catalunya","Montmeló","Spain",41.57,2.26111,"109"
5,130,210,154,1044,24903,8,17,"\N","R",18,0,49,"\N","\N","38","18","1:43.281","186.063",2020,14,"Turkish Grand Prix",2020-11-15,"10:10:00","grosjean","8","GRO","Romain","Grosjean",1986-04-17,"French","haas","Haas F1 Team","American","Collision damage","istanbul","Istanbul Park","Istanbul","Turkey",40.9517,29.405,"130"
5,31,10,814,844,20871,15,13,"\N","R",23,0,44,"\N","\N","40","18","1:32.519","207.706",2011,4,"Turkish Grand Prix",2011-05-08,"12:00:00","resta","\N","DIR","Paul","di Resta",1986-04-16,"British","force_india","Force India","Indian","Retired","istanbul","Istanbul Park","Istanbul","Turkey",40.9517,29.405,"130"
5,1,4,2,844,20855,9,9,"7","7",7,6,58,"+1:00.857","5478415","52","5","1:30.158","213.145",2011,4,"Turkish Grand Prix",2011-05-08,"12:00:00","heidfeld","\N","HEI","Nick","Heidfeld",1977-05-10,"German","renault","Renault","French","Finished","istanbul","Istanbul Park","Istanbul","Turkey",40.9517,29.405,"130"
5,130,3,849,1044,24904,6,0,"\N","R",19,0,39,"\N","\N","32","19","1:43.495","185.678",2020,14,"Turkish Grand Prix",2020-11-15,"10:10:00","latifi","6","LAT","Nicholas","Latifi",1995-06-29,"Canadian","williams","Williams","British","Collision damage","istanbul","Istanbul Park","Istanbul","Turkey",40.9517,29.405,"130"
5,6,51,841,1044,24905,99,10,"\N","R",20,0,11,"\N","\N","11","20","1:51.122","172.934",2020,14,"Turkish Grand Prix",2020-11-15,"10:10:00","giovinazzi","99","GIO","Antonio","Giovinazzi",1993-12-14,"Italian","alfa","Alfa Romeo","Swiss","Gearbox","istanbul","Istanbul Park","Istanbul","Turkey",40.9517,29.405,"130"
5,11,3,22,844,20863,11,11,"15","15",15,0,57,"\N","\N","46","17","1:32.079","208.699",2011,4,"Turkish Grand Prix",2011-05-08,"12:00:00","barrichello","\N","BAR","Rubens","Barrichello",1972-05-23,"Brazilian","williams","Williams","British","+1 Lap","istanbul","Istanbul Park","Istanbul","Turkey",40.9517,29.405,"130"
5,11,15,815,844,20862,17,15,"14","14",14,0,57,"\N","\N","46","9","1:30.797","211.645",2011,4,"Turkish Grand Prix",2011-05-08,"12:00:00","perez","11","PER","Sergio","Pérez",1990-01-26,"Mexican","sauber","Sauber","Swiss","+1 Lap","istanbul","Istanbul Park","Istanbul","Turkey",40.9517,29.405,"130"
5,1,131,1,1044,24886,44,6,"1","1",1,25,58,"1:42:19.313","6139313","56","6","1:39.413","193.302",2020,14,"Turkish Grand Prix",2020-11-15,"10:10:00","hamilton","44","HAM","Lewis","Hamilton",1985-01-07,"British","mercedes","Mercedes","German","Finished","istanbul","Istanbul Park","Istanbul","Turkey",40.9517,29.405,"130"
5,11,1,817,1067,25278,3,20,"13","13",13,0,57,"\N","\N","34","15","1:33.255","206.067",2021,16,"Turkish Grand Prix",2021-10-10,"12:00:00","ricciardo","3","RIC","Daniel","Ricciardo",1989-07-01,"Australian","mclaren","McLaren","British","+1 Lap","istanbul","Istanbul Park","Istanbul","Turkey",40.9517,29.405,"130"
5,1,1,18,844,20854,4,6,"6","6",6,8,58,"+59.431","5476989","47","13","1:31.167","210.786",2011,4,"Turkish Grand Prix",2011-05-08,"12:00:00","button","22","BUT","Jenson","Button",1980-01-19,"British","mclaren","McLaren","British","Finished","istanbul","Istanbul Park","Istanbul","Turkey",40.9517,29.405,"130"
5,1,1,846,1044,24893,4,14,"8","8",8,5,58,"+1:01.259","6200572","58","1","1:36.806","198.508",2020,14,"Turkish Grand Prix",2020-11-15,"10:10:00","norris","4","NOR","Lando","Norris",1999-11-13,"British","mclaren","McLaren","British","Finished","istanbul","Istanbul Park","Istanbul","Turkey",40.9517,29.405,"130"
5,11,214,4,1067,25281,14,5,"16","16",16,0,57,"\N","\N","55","14","1:33.252","206.073",2021,16,"Turkish Grand Prix",2021-10-10,"12:00:00","alonso","14","ALO","Fernando","Alonso",1981-07-29,"Spanish","alpine","Alpine F1 Team","French","+1 Lap","istanbul","Istanbul Park","Istanbul","Turkey",40.9517,29.405,"130"
5,11,131,822,1044,24899,77,9,"14","14",14,0,57,"\N","\N","57","2","1:38.193","195.704",2020,14,"Turkish Grand Prix",2020-11-15,"10:10:00","bottas","77","BOT","Valtteri","Bottas",1989-08-28,"Finnish","mercedes","Mercedes","German","+1 Lap","istanbul","Istanbul Park","Istanbul","Turkey",40.9517,29.405,"130"
5,1,9,20,844,20849,1,1,"1","1",1,25,58,"1:30:17.558","5417558","50","3","1:29.937","213.669",2011,4,"Turkish Grand Prix",2011-05-08,"12:00:00","vettel","5","VET","Sebastian","Vettel",1987-07-03,"German","red_bull","Red Bull","Austrian","Finished","istanbul","Istanbul Park","Istanbul","Turkey",40.9517,29.405,"130"
5,11,214,839,1067,25275,31,12,"10","10",10,1,57,"\N","\N","24","19","1:34.584","203.171",2021,16,"Turkish Grand Prix",2021-10-10,"12:00:00","ocon","31","OCO","Esteban","Ocon",1996-09-17,"French","alpine","Alpine F1 Team","French","+1 Lap","istanbul","Istanbul Park","Istanbul","Turkey",40.9517,29.405,"130"
5,12,205,5,844,20867,20,18,"19","19",19,0,56,"\N","\N","55","19","1:32.695","207.312",2011,4,"Turkish Grand Prix",2011-05-08,"12:00:00","kovalainen","\N","KOV","Heikki","Kovalainen",1981-10-19,"Finnish","lotus_racing","Lotus","Malaysian","+2 Laps","istanbul","Istanbul Park","Istanbul","Turkey",40.9517,29.405,"130"
5,12,210,853,1067,25285,9,18,"20","20",20,0,56,"\N","\N","52","20","1:35.438","201.353",2021,16,"Turkish Grand Prix",2021-10-10,"12:00:00","mazepin","9","MAZ","Nikita","Mazepin",1999-03-02,"Russian","haas","Haas F1 Team","American","+2 Laps","istanbul","Istanbul Park","Istanbul","Turkey",40.9517,29.405,"130"
5,1,6,844,1044,24889,16,12,"4","4",4,12,58,"+33.858","6173171","47","11","1:39.961","192.242",2020,14,"Turkish Grand Prix",2020-11-15,"10:10:00","leclerc","16","LEC","Charles","Leclerc",1997-10-16,"Monegasque","ferrari","Ferrari","Italian","Finished","istanbul","Istanbul Park","Istanbul","Turkey",40.9517,29.405,"130"
5,11,205,15,844,20866,21,19,"18","18",18,0,57,"\N","\N","49","20","1:32.862","206.939",2011,4,"Turkish Grand Prix",2011-05-08,"12:00:00","trulli","\N","TRU","Jarno","Trulli",1974-07-13,"Italian","lotus_racing","Lotus","Malaysian","+1 Lap","istanbul","Istanbul Park","Istanbul","Turkey",40.9517,29.405,"130"
5,1,5,67,844,20857,18,16,"9","9",9,2,58,"+1:09.394","5486952","44","14","1:31.360","210.341",2011,4,"Turkish Grand Prix",2011-05-08,"12:00:00","buemi","\N","BUE","Sébastien","Buemi",1988-10-31,"Swiss","toro_rosso","Toro Rosso","Italian","Finished","istanbul","Istanbul Park","Istanbul","Turkey",40.9517,29.405,"130"
5,1,4,808,844,20856,10,7,"8","8",8,4,58,"+1:08.168","5485726","48","8","1:30.618","212.063",2011,4,"Turkish Grand Prix",2011-05-08,"12:00:00","petrov","\N","PET","Vitaly","Petrov",1984-09-08,"Russian","renault","Renault","French","Finished","istanbul","Istanbul Park","Istanbul","Turkey",40.9517,29.405,"130"
5,1,131,1,1067,25270,44,11,"5","5",5,10,58,"+41.812","5505915","52","10","1:32.763","207.160",2021,16,"Turkish Grand Prix",2021-10-10,"12:00:00","hamilton","44","HAM","Lewis","Hamilton",1985-01-07,"British","mercedes","Mercedes","German","Finished","istanbul","Istanbul Park","Istanbul","Turkey",40.9517,29.405,"130"
5,11,10,16,844,20861,14,12,"13","13",13,0,57,"\N","\N","43","16","1:32.070","208.719",2011,4,"Turkish Grand Prix",2011-05-08,"12:00:00","sutil","99","SUT","Adrian","Sutil",1983-01-11,"German","force_india","Force India","Indian","+1 Lap","istanbul","Istanbul Park","Istanbul","Turkey",40.9517,29.405,"130"
5,1,9,830,1044,24891,33,2,"6","6",6,8,58,"+44.873","6184186","53","3","1:38.431","195.231",2020,14,"Turkish Grand Prix",2020-11-15,"10:10:00","max_verstappen","33","VER","Max","Verstappen",1997-09-30,"Dutch","red_bull","Red Bull","Austrian","Finished","istanbul","Istanbul Park","Istanbul","Turkey",40.9517,29.405,"130"
5,11,213,842,1044,24898,10,19,"13","13",13,0,57,"\N","\N","53","7","1:39.586","192.966",2020,14,"Turkish Grand Prix",2020-11-15,"10:10:00","gasly","10","GAS","Pierre","Gasly",1996-02-07,"French","alphatauri","AlphaTauri","Italian","+1 Lap","istanbul","Istanbul Park","Istanbul","Turkey",40.9517,29.405,"130"
5,11,213,852,1067,25279,22,9,"14","14",14,0,57,"\N","\N","54","12","1:32.844","206.979",2021,16,"Turkish Grand Prix",2021-10-10,"12:00:00","tsunoda","22","TSU","Yuki","Tsunoda",2000-05-11,"Japanese","alphatauri","AlphaTauri","Italian","+1 Lap","istanbul","Istanbul Park","Istanbul","Turkey",40.9517,29.405,"130"
5,11,51,8,1044,24900,7,8,"15","15",15,0,57,"\N","\N","57","9","1:39.743","192.663",2020,14,"Turkish Grand Prix",2020-11-15,"10:10:00","raikkonen","7","RAI","Kimi","Räikkönen",1979-10-17,"Finnish","alfa","Alfa Romeo","Swiss","+1 Lap","istanbul","Istanbul Park","Istanbul","Turkey",40.9517,29.405,"130"
5,1,131,30,844,20860,7,8,"12","12",12,0,58,"+1:25.444","5503002","47","12","1:31.153","210.819",2011,4,"Turkish Grand Prix",2011-05-08,"12:00:00","michael_schumacher","\N","MSC","Michael","Schumacher",1969-01-03,"German","mercedes","Mercedes","German","Finished","istanbul","Istanbul Park","Istanbul","Turkey",40.9517,29.405,"130"
5,1,211,815,1044,24887,11,3,"2","2",2,18,58,"+31.633","6170946","50","12","1:40.392","191.417",2020,14,"Turkish Grand Prix",2020-11-15,"10:10:00","perez","11","PER","Sergio","Pérez",1990-01-26,"Mexican","racing_point","Racing Point","British","Finished","istanbul","Istanbul Park","Istanbul","Turkey",40.9517,29.405,"130"
5,1,6,844,1067,25269,16,3,"4","4",4,12,58,"+37.814","5501917","57","8","1:32.737","207.218",2021,16,"Turkish Grand Prix",2021-10-10,"12:00:00","leclerc","16","LEC","Charles","Leclerc",1997-10-16,"Monegasque","ferrari","Ferrari","Italian","Finished","istanbul","Istanbul Park","Istanbul","Turkey",40.9517,29.405,"130"
5,11,213,826,1044,24897,26,16,"12","12",12,0,57,"\N","\N","53","17","1:41.019","190.229",2020,14,"Turkish Grand Prix",2020-11-15,"10:10:00","kvyat","26","KVY","Daniil","Kvyat",1994-04-26,"Russian","alphatauri","AlphaTauri","Italian","+1 Lap","istanbul","Istanbul Park","Istanbul","Turkey",40.9517,29.405,"130"
5,1,211,840,1044,24894,18,1,"9","9",9,2,58,"+1:12.353","6211666","55","10","1:39.921","192.319",2020,14,"Turkish Grand Prix",2020-11-15,"10:10:00","stroll","18","STR","Lance","Stroll",1998-10-29,"Canadian","racing_point","Racing Point","British","Finished","istanbul","Istanbul Park","Istanbul","Turkey",40.9517,29.405,"130"
5,11,3,849,1067,25282,6,15,"17","17",17,0,57,"\N","\N","48","17","1:33.672","205.149",2021,16,"Turkish Grand Prix",2021-10-10,"12:00:00","latifi","6","LAT","Nicholas","Latifi",1995-06-29,"Canadian","williams","Williams","British","+1 Lap","istanbul","Istanbul Park","Istanbul","Turkey",40.9517,29.405,"130"
5,1,9,830,1067,25267,33,2,"2","2",2,18,58,"+14.584","5478687","53","9","1:32.759","207.169",2021,16,"Turkish Grand Prix",2021-10-10,"12:00:00","max_verstappen","33","VER","Max","Verstappen",1997-09-30,"Dutch","red_bull","Red Bull","Austrian","Finished","istanbul","Istanbul Park","Istanbul","Turkey",40.9517,29.405,"130"
5,1,6,4,844,20851,5,5,"3","3",3,15,58,"+10.075","5427633","48","6","1:30.279","212.860",2011,4,"Turkish Grand Prix",2011-05-08,"12:00:00","alonso","14","ALO","Fernando","Alonso",1981-07-29,"Spanish","ferrari","Ferrari","Italian","Finished","istanbul","Istanbul Park","Istanbul","Turkey",40.9517,29.405,"130"
5,11,5,153,844,20864,19,17,"16","16",16,0,57,"\N","\N","57","2","1:29.894","213.771",2011,4,"Turkish Grand Prix",2011-05-08,"12:00:00","alguersuari","\N","ALG","Jaime","Alguersuari",1990-03-23,"Spanish","toro_rosso","Toro Rosso","Italian","+1 Lap","istanbul","Istanbul Park","Istanbul","Turkey",40.9517,29.405,"130"
5,11,117,20,1067,25283,5,10,"18","18",18,0,57,"\N","\N","54","7","1:32.730","207.233",2021,16,"Turkish Grand Prix",2021-10-10,"12:00:00","vettel","5","VET","Sebastian","Vettel",1987-07-03,"German","aston_martin","Aston Martin","British","+1 Lap","istanbul","Istanbul Park","Istanbul","Turkey",40.9517,29.405,"130"
5,1,6,832,1067,25273,55,19,"8","8",8,4,58,"+51.526","5515629","49","2","1:31.921","209.057",2021,16,"Turkish Grand Prix",2021-10-10,"12:00:00","sainz","55","SAI","Carlos","Sainz",1994-09-01,"Spanish","ferrari","Ferrari","Italian","Finished","istanbul","Istanbul Park","Istanbul","Turkey",40.9517,29.405,"130"
5,1,1,1,844,20852,3,4,"4","4",4,12,58,"+40.232","5457790","48","4","1:30.108","213.264",2011,4,"Turkish Grand Prix",2011-05-08,"12:00:00","hamilton","44","HAM","Lewis","Hamilton",1985-01-07,"British","mclaren","McLaren","British","Finished","istanbul","Istanbul Park","Istanbul","Turkey",40.9517,29.405,"130"
5,54,210,825,1044,24902,20,13,"17","17",17,0,55,"\N","\N","45","15","1:40.948","190.363",2020,14,"Turkish Grand Prix",2020-11-15,"10:10:00","kevin_magnussen","20","MAG","Kevin","Magnussen",1992-10-05,"Danish","haas","Haas F1 Team","American","Withdrew","istanbul","Istanbul Park","Istanbul","Turkey",40.9517,29.405,"130"
5,1,9,848,1044,24892,23,4,"7","7",7,6,58,"+46.484","6185797","54","5","1:39.099","193.915",2020,14,"Turkish Grand Prix",2020-11-15,"10:10:00","albon","23","ALB","Alexander","Albon",1996-03-23,"Thai","red_bull","Red Bull","Austrian","Finished","istanbul","Istanbul Park","Istanbul","Turkey",40.9517,29.405,"130"
5,11,3,847,1044,24901,63,0,"16","16",16,0,57,"\N","\N","51","14","1:40.814","190.616",2020,14,"Turkish Grand Prix",2020-11-15,"10:10:00","russell","63","RUS","George","Russell",1998-02-15,"British","williams","Williams","British","+1 Lap","istanbul","Istanbul Park","Istanbul","Turkey",40.9517,29.405,"130"
5,1,9,815,1067,25268,11,6,"3","3",3,15,58,"+33.471","5497574","53","4","1:32.459","207.841",2021,16,"Turkish Grand Prix",2021-10-10,"12:00:00","perez","11","PER","Sergio","Pérez",1990-01-26,"Mexican","red_bull","Red Bull","Austrian","Finished","istanbul","Istanbul Park","Istanbul","Turkey",40.9517,29.405,"130"
5,1,117,840,1067,25274,18,8,"9","9",9,2,58,"+1:22.018","5546121","58","6","1:32.608","207.506",2021,16,"Turkish Grand Prix",2021-10-10,"12:00:00","stroll","18","STR","Lance","Stroll",1998-10-29,"Canadian","aston_martin","Aston Martin","British","Finished","istanbul","Istanbul Park","Istanbul","Turkey",40.9517,29.405,"130"
5,1,9,17,844,20850,2,2,"2","2",2,18,58,"+8.807","5426365","48","1","1:29.703","214.226",2011,4,"Turkish Grand Prix",2011-05-08,"12:00:00","webber","\N","WEB","Mark","Webber",1976-08-27,"Australian","red_bull","Red Bull","Austrian","Finished","istanbul","Istanbul Park","Istanbul","Turkey",40.9517,29.405,"130"
5,13,164,39,844,20869,22,22,"21","21",21,0,55,"\N","\N","51","21","1:33.948","204.547",2011,4,"Turkish Grand Prix",2011-05-08,"12:00:00","karthikeyan","\N","KAR","Narain","Karthikeyan",1977-01-14,"Indian","hrt","HRT","Spanish","+3 Laps","istanbul","Istanbul Park","Istanbul","Turkey",40.9517,29.405,"130"
5,1,131,3,844,20853,8,3,"5","5",5,10,58,"+47.539","5465097","47","7","1:30.573","212.169",2011,4,"Turkish Grand Prix",2011-05-08,"12:00:00","rosberg","6","ROS","Nico","Rosberg",1985-06-27,"German","mercedes","Mercedes","German","Finished","istanbul","Istanbul Park","Istanbul","Turkey",40.9517,29.405,"130"
5,1,1,832,1044,24890,55,15,"5","5",5,10,58,"+34.363","6173676","56","4","1:38.754","194.592",2020,14,"Turkish Grand Prix",2020-11-15,"10:10:00","sainz","55","SAI","Carlos","Sainz",1994-09-01,"Spanish","mclaren","McLaren","British","Finished","istanbul","Istanbul Park","Istanbul","Turkey",40.9517,29.405,"130"
5,15,164,24,844,20870,23,20,"22","22",22,0,53,"\N","\N","41","22","1:34.699","202.925",2011,4,"Turkish Grand Prix",2011-05-08,"12:00:00","liuzzi","\N","LIU","Vitantonio","Liuzzi",1980-08-06,"Italian","hrt","HRT","Spanish","+5 Laps","istanbul","Istanbul Park","Istanbul","Turkey",40.9517,29.405,"130"
5,1,6,20,1044,24888,5,11,"3","3",3,15,58,"+31.960","6171273","53","8","1:39.662","192.819",2020,14,"Turkish Grand Prix",2020-11-15,"10:10:00","vettel","5","VET","Sebastian","Vettel",1987-07-03,"German","ferrari","Ferrari","Italian","Finished","istanbul","Istanbul Park","Istanbul","Turkey",40.9517,29.405,"130"
5,11,51,841,1067,25276,99,16,"11","11",11,0,57,"\N","\N","57","13","1:32.904","206.845",2021,16,"Turkish Grand Prix",2021-10-10,"12:00:00","giovinazzi","99","GIO","Antonio","Giovinazzi",1993-12-14,"Italian","alfa","Alfa Romeo","Swiss","+1 Lap","istanbul","Istanbul Park","Istanbul","Turkey",40.9517,29.405,"130"
5,1,131,822,1067,25266,77,1,"1","1",1,26,58,"1:31:04.103","5464103","58","1","1:30.432","212.500",2021,16,"Turkish Grand Prix",2021-10-10,"12:00:00","bottas","77","BOT","Valtteri","Bottas",1989-08-28,"Finnish","mercedes","Mercedes","German","Finished","istanbul","Istanbul Park","Istanbul","Turkey",40.9517,29.405,"130"
5,12,210,854,1067,25284,47,14,"19","19",19,0,56,"\N","\N","52","18","1:34.209","203.980",2021,16,"Turkish Grand Prix",2021-10-10,"12:00:00","mick_schumacher","47","MSC","Mick","Schumacher",1999-03-22,"German","haas","Haas F1 Team","American","+2 Laps","istanbul","Istanbul Park","Istanbul","Turkey",40.9517,29.405,"130"
5,1,6,13,844,20859,6,10,"11","11",11,0,58,"+1:19.823","5497381","57","11","1:31.118","210.900",2011,4,"Turkish Grand Prix",2011-05-08,"12:00:00","massa","19","MAS","Felipe","Massa",1981-04-25,"Brazilian","ferrari","Ferrari","Italian","Finished","istanbul","Istanbul Park","Istanbul","Turkey",40.9517,29.405,"130"
5,12,166,816,844,20868,25,23,"20","20",20,0,56,"\N","\N","55","23","1:34.971","202.343",2011,4,"Turkish Grand Prix",2011-05-08,"12:00:00","ambrosio","\N","DAM","Jérôme","d'Ambrosio",1985-12-27,"Belgian","virgin","Virgin","British","+2 Laps","istanbul","Istanbul Park","Istanbul","Turkey",40.9517,29.405,"130"
5,1,4,817,1044,24895,3,5,"10","10",10,1,58,"+1:35.460","6234773","54","13","1:40.677","190.875",2020,14,"Turkish Grand Prix",2020-11-15,"10:10:00","ricciardo","3","RIC","Daniel","Ricciardo",1989-07-01,"Australian","renault","Renault","French","Finished","istanbul","Istanbul Park","Istanbul","Turkey",40.9517,29.405,"130"
5,11,4,839,1044,24896,31,7,"11","11",11,0,57,"\N","\N","55","16","1:41.006","190.254",2020,14,"Turkish Grand Prix",2020-11-15,"10:10:00","ocon","31","OCO","Esteban","Ocon",1996-09-17,"French","renault","Renault","French","+1 Lap","istanbul","Istanbul Park","Istanbul","Turkey",40.9517,29.405,"130"
5,1,213,842,1067,25271,10,4,"6","6",6,8,58,"+44.292","5508395","50","11","1:32.814","207.046",2021,16,"Turkish Grand Prix",2021-10-10,"12:00:00","gasly","10","GAS","Pierre","Gasly",1996-02-07,"French","alphatauri","AlphaTauri","Italian","Finished","istanbul","Istanbul Park","Istanbul","Turkey",40.9517,29.405,"130"
5,1,15,155,844,20858,16,24,"10","10",10,1,58,"+1:18.021","5495579","45","10","1:31.038","211.085",2011,4,"Turkish Grand Prix",2011-05-08,"12:00:00","kobayashi","10","KOB","Kamui","Kobayashi",1986-09-13,"Japanese","sauber","Sauber","Swiss","Finished","istanbul","Istanbul Park","Istanbul","Turkey",40.9517,29.405,"130"
5,11,3,847,1067,25280,63,13,"15","15",15,0,57,"\N","\N","53","16","1:33.399","205.749",2021,16,"Turkish Grand Prix",2021-10-10,"12:00:00","russell","63","RUS","George","Russell",1998-02-15,"British","williams","Williams","British","+1 Lap","istanbul","Istanbul Park","Istanbul","Turkey",40.9517,29.405,"130"
5,11,3,813,844,20865,12,14,"17","17",17,0,57,"\N","\N","44","15","1:32.044","208.778",2011,4,"Turkish Grand Prix",2011-05-08,"12:00:00","maldonado","13","MAL","Pastor","Maldonado",1985-03-09,"Venezuelan","williams","Williams","British","+1 Lap","istanbul","Istanbul Park","Istanbul","Turkey",40.9517,29.405,"130"
5,1,1,846,1067,25272,4,7,"7","7",7,6,58,"+47.213","5511316","50","3","1:32.446","207.870",2021,16,"Turkish Grand Prix",2021-10-10,"12:00:00","norris","4","NOR","Lando","Norris",1999-11-13,"British","mclaren","McLaren","British","Finished","istanbul","Istanbul Park","Istanbul","Turkey",40.9517,29.405,"130"
5,11,51,8,1067,25277,7,17,"12","12",12,0,57,"\N","\N","50","5","1:32.586","207.556",2021,16,"Turkish Grand Prix",2021-10-10,"12:00:00","raikkonen","7","RAI","Kimi","Räikkönen",1979-10-17,"Finnish","alfa","Alfa Romeo","Swiss","+1 Lap","istanbul","Istanbul Park","Istanbul","Turkey",40.9517,29.405,"130"
5,6,166,10,844,20872,24,21,"\N","W",24,0,0,"\N","\N","\N","0","\N","\N",2011,4,"Turkish Grand Prix",2011-05-08,"12:00:00","glock","\N","GLO","Timo","Glock",1982-03-18,"German","virgin","Virgin","British","Gearbox","istanbul","Istanbul Park","Istanbul","Turkey",40.9517,29.405,"130"
6,1,6,4,846,20898,5,4,"2","2",2,18,78,"+1.138","7779511","77","4","1:16.471","157.236",2011,6,"Monaco Grand Prix",2011-05-29,"12:00:00","alonso","14","ALO","Fernando","Alonso",1981-07-29,"Spanish","ferrari","Ferrari","Italian","Finished","monaco","Circuit de Monaco","Monte-Carlo","Monaco",43.7347,7.42056,"7"
6,1,131,1,1015,24306,44,1,"1","1",1,25,78,"1:43:28.437","6208437","9","6","1:16.167","157.721",2019,6,"Monaco Grand Prix",2019-05-26,"13:10:00","hamilton","44","HAM","Lewis","Hamilton",1985-01-07,"British","mercedes","Mercedes","German","Finished","monaco","Circuit de Monaco","Monte-Carlo","Monaco",43.7347,7.42056,"7"
6,1,4,835,974,23489,30,16,"11","11",11,0,78,"+22.737","6307077","55","13","1:16.614","156.801",2017,6,"Monaco Grand Prix",2017-05-28,"12:00:00","jolyon_palmer","30","PAL","Jolyon","Palmer",1991-01-20,"British","renault","Renault","French","Finished","monaco","Circuit de Monaco","Monte-Carlo","Monaco",43.7347,7.42056,"7"
6,11,3,13,905,22246,19,16,"7","7",7,6,77,"\N","\N","48","6","1:20.314","149.712",2014,6,"Monaco Grand Prix",2014-05-25,"12:00:00","massa","19","MAS","Felipe","Massa",1981-04-25,"Brazilian","williams","Williams","British","+1 Lap","monaco","Circuit de Monaco","Monte-Carlo","Monaco",43.7347,7.42056,"7"
6,5,5,818,905,22256,25,7,"\N","R",17,0,50,"\N","\N","35","13","1:21.083","148.292",2014,6,"Monaco Grand Prix",2014-05-25,"12:00:00","vergne","25","VER","Jean-Éric","Vergne",1990-04-25,"French","toro_rosso","Toro Rosso","Italian","Engine","monaco","Circuit de Monaco","Monte-Carlo","Monaco",43.7347,7.42056,"7"
6,4,4,808,846,20915,10,10,"\N","R",19,0,67,"\N","\N","57","16","1:20.058","150.191",2011,6,"Monaco Grand Prix",2011-05-29,"12:00:00","petrov","\N","PET","Vitaly","Petrov",1984-09-08,"Russian","renault","Renault","French","Collision","monaco","Circuit de Monaco","Monte-Carlo","Monaco",43.7347,7.42056,"7"
6,1,9,842,1015,24310,10,8,"5","5",5,11,78,"+9.946","6218383","72","1","1:14.279","161.730",2019,6,"Monaco Grand Prix",2019-05-26,"13:10:00","gasly","10","GAS","Pierre","Gasly",1996-02-07,"French","red_bull","Red Bull","Austrian","Finished","monaco","Circuit de Monaco","Monte-Carlo","Monaco",43.7347,7.42056,"7"
6,1,4,832,994,23891,55,8,"10","10",10,1,78,"+1:09.013","6243820","19","18","1:17.491","155.027",2018,6,"Monaco Grand Prix",2018-05-27,"13:10:00","sainz","55","SAI","Carlos","Sainz",1994-09-01,"Spanish","renault","Renault","French","Finished","monaco","Circuit de Monaco","Monte-Carlo","Monaco",43.7347,7.42056,"7"
6,11,10,807,905,22244,27,11,"5","5",5,10,77,"\N","\N","38","9","1:20.767","148.872",2014,6,"Monaco Grand Prix",2014-05-25,"12:00:00","hulkenberg","27","HUL","Nico","Hülkenberg",1987-08-19,"German","force_india","Force India","Indian","+1 Lap","monaco","Circuit de Monaco","Monte-Carlo","Monaco",43.7347,7.42056,"7"
6,1,131,1,885,21825,10,2,"4","4",4,12,78,"+13.894","8285950","76","3","1:18.133","153.891",2013,6,"Monaco Grand Prix",2013-05-26,"12:00:00","hamilton","44","HAM","Lewis","Hamilton",1985-01-07,"British","mercedes","Mercedes","German","Finished","monaco","Circuit de Monaco","Monte-Carlo","Monaco",43.7347,7.42056,"7"
6,11,4,2,846,20904,9,15,"8","8",8,4,77,"\N","\N","77","6","1:17.857","154.436",2011,6,"Monaco Grand Prix",2011-05-29,"12:00:00","heidfeld","\N","HEI","Nick","Heidfeld",1977-05-10,"German","renault","Renault","French","+1 Lap","monaco","Circuit de Monaco","Monte-Carlo","Monaco",43.7347,7.42056,"7"
6,1,9,817,994,23882,3,1,"1","1",1,25,78,"1:42:54.807","6174807","13","5","1:15.562","158.984",2018,6,"Monaco Grand Prix",2018-05-27,"13:10:00","ricciardo","3","RIC","Daniel","Ricciardo",1989-07-01,"Australian","red_bull","Red Bull","Austrian","Finished","monaco","Circuit de Monaco","Monte-Carlo","Monaco",43.7347,7.42056,"7"
6,11,207,5,865,21364,20,17,"13","13",13,0,77,"\N","\N","76","13","1:19.305","151.617",2012,6,"Monaco Grand Prix",2012-05-27,"12:00:00","kovalainen","\N","KOV","Heikki","Kovalainen",1981-10-19,"Finnish","caterham","Caterham","Malaysian","+1 Lap","monaco","Circuit de Monaco","Monte-Carlo","Monaco",43.7347,7.42056,"7"
6,1,10,807,931,22646,27,11,"11","11",11,0,78,"+26.232","6584652","46","14","1:19.921","150.313",2015,6,"Monaco Grand Prix",2015-05-24,"12:00:00","hulkenberg","27","HUL","Nico","Hülkenberg",1987-08-19,"German","force_india","Force India","Indian","Finished","monaco","Circuit de Monaco","Monte-Carlo","Monaco",43.7347,7.42056,"7"
6,1,131,1,931,22638,44,1,"3","3",3,15,78,"+6.053","6564473","42","3","1:18.676","152.692",2015,6,"Monaco Grand Prix",2015-05-24,"12:00:00","hamilton","44","HAM","Lewis","Hamilton",1985-01-07,"British","mercedes","Mercedes","German","Finished","monaco","Circuit de Monaco","Monte-Carlo","Monaco",43.7347,7.42056,"7"
6,11,10,16,846,20903,14,14,"7","7",7,6,77,"\N","\N","77","13","1:18.872","152.449",2011,6,"Monaco Grand Prix",2011-05-29,"12:00:00","sutil","99","SUT","Adrian","Sutil",1983-01-11,"German","force_india","Force India","Indian","+1 Lap","monaco","Circuit de Monaco","Monte-Carlo","Monaco",43.7347,7.42056,"7"
6,3,6,13,885,21842,4,21,"\N","R",21,0,28,"\N","\N","28","16","1:20.064","150.179",2013,6,"Monaco Grand Prix",2013-05-26,"12:00:00","massa","19","MAS","Felipe","Massa",1981-04-25,"Brazilian","ferrari","Ferrari","Italian","Accident","monaco","Circuit de Monaco","Monte-Carlo","Monaco",43.7347,7.42056,"7"
6,3,6,13,846,20917,6,6,"\N","R",21,0,32,"\N","\N","16","17","1:20.202","149.921",2011,6,"Monaco Grand Prix",2011-05-29,"12:00:00","massa","19","MAS","Felipe","Massa",1981-04-25,"Brazilian","ferrari","Ferrari","Italian","Accident","monaco","Circuit de Monaco","Monte-Carlo","Monaco",43.7347,7.42056,"7"
6,11,117,840,1056,25053,18,13,"8","8",8,4,77,"\N","\N","74","8","1:14.674","160.875",2021,5,"Monaco Grand Prix",2021-05-23,"13:00:00","stroll","18","STR","Lance","Stroll",1998-10-29,"Canadian","aston_martin","Aston Martin","British","+1 Lap","monaco","Circuit de Monaco","Monte-Carlo","Monaco",43.7347,7.42056,"7"
6,13,210,853,1056,25062,9,19,"17","17",17,0,75,"\N","\N","64","19","1:16.866","156.287",2021,5,"Monaco Grand Prix",2021-05-23,"13:00:00","mazepin","9","MAZ","Nikita","Mazepin",1999-03-02,"Russian","haas","Haas F1 Team","American","+3 Laps","monaco","Circuit de Monaco","Monte-Carlo","Monaco",43.7347,7.42056,"7"
6,12,131,3,846,20907,8,7,"11","11",11,0,76,"\N","\N","56","10","1:18.699","152.784",2011,6,"Monaco Grand Prix",2011-05-29,"12:00:00","rosberg","6","ROS","Nico","Rosberg",1985-06-27,"German","mercedes","Mercedes","German","+2 Laps","monaco","Circuit de Monaco","Monte-Carlo","Monaco",43.7347,7.42056,"7"
6,1,6,20,931,22637,5,3,"2","2",2,18,78,"+4.486","6562906","75","4","1:18.854","152.347",2015,6,"Monaco Grand Prix",2015-05-24,"12:00:00","vettel","5","VET","Sebastian","Vettel",1987-07-03,"German","ferrari","Ferrari","Italian","Finished","monaco","Circuit de Monaco","Monte-Carlo","Monaco",43.7347,7.42056,"7"
6,12,209,829,931,22652,28,18,"17","17",17,0,76,"\N","\N","58","20","1:22.693","145.274",2015,6,"Monaco Grand Prix",2015-05-24,"12:00:00","stevens","28","STE","Will","Stevens",1991-06-28,"British","manor","Manor Marussia","British","+2 Laps","monaco","Circuit de Monaco","Monte-Carlo","Monaco",43.7347,7.42056,"7"
6,1,10,839,994,23887,31,6,"6","6",6,8,78,"+23.667","6198474","63","14","1:17.027","155.960",2018,6,"Monaco Grand Prix",2018-05-27,"13:10:00","ocon","31","OCO","Esteban","Ocon",1996-09-17,"French","force_india","Force India","Indian","Finished","monaco","Circuit de Monaco","Monte-Carlo","Monaco",43.7347,7.42056,"7"
6,1,9,826,931,22639,26,5,"4","4",4,12,78,"+11.965","6570385","75","7","1:19.130","151.815",2015,6,"Monaco Grand Prix",2015-05-24,"12:00:00","kvyat","26","KVY","Daniil","Kvyat",1994-04-26,"Russian","red_bull","Red Bull","Austrian","Finished","monaco","Circuit de Monaco","Monte-Carlo","Monaco",43.7347,7.42056,"7"
6,1,206,820,885,21835,23,22,"14","14",14,0,78,"+49.885","8321941","78","9","1:19.016","152.171",2013,6,"Monaco Grand Prix",2013-05-26,"12:00:00","chilton","4","CHI","Max","Chilton",1991-04-21,"British","marussia","Marussia","Russian","Finished","monaco","Circuit de Monaco","Monte-Carlo","Monaco",43.7347,7.42056,"7"
6,11,51,8,1056,25056,7,14,"11","11",11,0,77,"\N","\N","55","9","1:14.971","160.237",2021,5,"Monaco Grand Prix",2021-05-23,"13:00:00","raikkonen","7","RAI","Kimi","Räikkönen",1979-10-17,"Finnish","alfa","Alfa Romeo","Swiss","+1 Lap","monaco","Circuit de Monaco","Monte-Carlo","Monaco",43.7347,7.42056,"7"
6,1,9,830,994,23890,33,20,"9","9",9,2,78,"+25.317","6200124","60","1","1:14.260","161.772",2018,6,"Monaco Grand Prix",2018-05-27,"13:10:00","max_verstappen","33","VER","Max","Verstappen",1997-09-30,"Dutch","red_bull","Red Bull","Austrian","Finished","monaco","Circuit de Monaco","Monte-Carlo","Monaco",43.7347,7.42056,"7"
6,1,3,822,931,22649,77,16,"14","14",14,0,78,"+45.789","6604209","74","6","1:18.944","152.173",2015,6,"Monaco Grand Prix",2015-05-24,"12:00:00","bottas","77","BOT","Valtteri","Bottas",1989-08-28,"Finnish","williams","Williams","British","Finished","monaco","Circuit de Monaco","Monte-Carlo","Monaco",43.7347,7.42056,"7"
6,3,208,154,865,21375,10,4,"\N","R",24,0,0,"\N","\N","\N","0","\N","\N",2012,6,"Monaco Grand Prix",2012-05-27,"12:00:00","grosjean","8","GRO","Romain","Grosjean",1986-04-17,"French","lotus_f1","Lotus F1","British","Accident","monaco","Circuit de Monaco","Monte-Carlo","Monaco",43.7347,7.42056,"7"
6,11,6,8,905,22251,7,6,"12","12",12,0,77,"\N","\N","75","1","1:18.479","153.212",2014,6,"Monaco Grand Prix",2014-05-25,"12:00:00","raikkonen","7","RAI","Kimi","Räikkönen",1979-10-17,"Finnish","ferrari","Ferrari","Italian","+1 Lap","monaco","Circuit de Monaco","Monte-Carlo","Monaco",43.7347,7.42056,"7"
6,1,6,4,865,21354,5,5,"3","3",3,15,78,"+0.947","6367504","45","5","1:18.857","152.478",2012,6,"Monaco Grand Prix",2012-05-27,"12:00:00","alonso","14","ALO","Fernando","Alonso",1981-07-29,"Spanish","ferrari","Ferrari","Italian","Finished","monaco","Circuit de Monaco","Monte-Carlo","Monaco",43.7347,7.42056,"7"
6,1,9,817,905,22242,3,3,"3","3",3,15,78,"+9.614","6577275","70","2","1:19.252","151.718",2014,6,"Monaco Grand Prix",2014-05-25,"12:00:00","ricciardo","3","RIC","Daniel","Ricciardo",1989-07-01,"Australian","red_bull","Red Bull","Austrian","Finished","monaco","Circuit de Monaco","Monte-Carlo","Monaco",43.7347,7.42056,"7"
6,1,10,807,953,23032,27,5,"6","6",6,8,78,"+1:32.999","7262132","74","11","1:19.232","151.620",2016,6,"Monaco Grand Prix",2016-05-29,"12:00:00","hulkenberg","27","HUL","Nico","Hülkenberg",1987-08-19,"German","force_india","Force India","Indian","Finished","monaco","Circuit de Monaco","Monte-Carlo","Monaco",43.7347,7.42056,"7"
6,31,15,831,953,23043,12,0,"\N","R",17,0,48,"\N","\N","46","17","1:21.889","146.701",2016,6,"Monaco Grand Prix",2016-05-29,"12:00:00","nasr","12","NAS","Felipe","Nasr",1992-08-21,"Brazilian","sauber","Sauber","Swiss","Retired","monaco","Circuit de Monaco","Monte-Carlo","Monaco",43.7347,7.42056,"7"
6,1,5,832,974,23484,55,6,"6","6",6,8,78,"+12.038","6296378","39","14","1:16.649","156.730",2017,6,"Monaco Grand Prix",2017-05-28,"12:00:00","sainz","55","SAI","Carlos","Sainz",1994-09-01,"Spanish","toro_rosso","Toro Rosso","Italian","Finished","monaco","Circuit de Monaco","Monte-Carlo","Monaco",43.7347,7.42056,"7"
6,3,5,830,931,22653,33,9,"\N","R",18,0,62,"\N","\N","49","5","1:18.873","152.310",2015,6,"Monaco Grand Prix",2015-05-24,"12:00:00","max_verstappen","33","VER","Max","Verstappen",1997-09-30,"Dutch","toro_rosso","Toro Rosso","Italian","Accident","monaco","Circuit de Monaco","Monte-Carlo","Monaco",43.7347,7.42056,"7"
6,1,6,4,885,21828,3,6,"7","7",7,6,78,"+26.734","8298790","77","12","1:19.340","151.550",2013,6,"Monaco Grand Prix",2013-05-26,"12:00:00","alonso","14","ALO","Fernando","Alonso",1981-07-29,"Spanish","ferrari","Ferrari","Italian","Finished","monaco","Circuit de Monaco","Monte-Carlo","Monaco",43.7347,7.42056,"7"
6,4,5,817,885,21839,19,12,"\N","R",18,0,61,"\N","\N","26","13","1:19.426","151.386",2013,6,"Monaco Grand Prix",2013-05-26,"12:00:00","ricciardo","3","RIC","Daniel","Ricciardo",1989-07-01,"Australian","toro_rosso","Toro Rosso","Italian","Collision","monaco","Circuit de Monaco","Monte-Carlo","Monaco",43.7347,7.42056,"7"
6,1,9,20,865,21355,1,9,"4","4",4,12,78,"+1.343","6367900","43","9","1:19.076","152.056",2012,6,"Monaco Grand Prix",2012-05-27,"12:00:00","vettel","5","VET","Sebastian","Vettel",1987-07-03,"German","red_bull","Red Bull","Austrian","Finished","monaco","Circuit de Monaco","Monte-Carlo","Monaco",43.7347,7.42056,"7"
6,1,4,817,1015,24314,3,6,"9","9",9,2,78,"+1:00.894","6269331","78","4","1:15.697","158.701",2019,6,"Monaco Grand Prix",2019-05-26,"13:10:00","ricciardo","3","RIC","Daniel","Ricciardo",1989-07-01,"Australian","renault","Renault","French","Finished","monaco","Circuit de Monaco","Monte-Carlo","Monaco",43.7347,7.42056,"7"
6,11,1,825,905,22249,20,8,"10","10",10,1,77,"\N","\N","75","8","1:20.657","149.075",2014,6,"Monaco Grand Prix",2014-05-25,"12:00:00","kevin_magnussen","20","MAG","Kevin","Magnussen",1992-10-05,"Danish","mclaren","McLaren","British","+1 Lap","monaco","Circuit de Monaco","Monte-Carlo","Monaco",43.7347,7.42056,"7"
6,3,1,838,974,23494,2,12,"\N","R",16,0,66,"\N","\N","45","15","1:16.665","156.697",2017,6,"Monaco Grand Prix",2017-05-28,"12:00:00","vandoorne","2","VAN","Stoffel","Vandoorne",1992-03-26,"Belgian","mclaren","McLaren","British","Accident","monaco","Circuit de Monaco","Monte-Carlo","Monaco",43.7347,7.42056,"7"
6,1,9,817,931,22640,3,4,"5","5",5,10,78,"+13.608","6572028","74","1","1:18.063","153.891",2015,6,"Monaco Grand Prix",2015-05-24,"12:00:00","ricciardo","3","RIC","Daniel","Ricciardo",1989-07-01,"Australian","red_bull","Red Bull","Austrian","Finished","monaco","Circuit de Monaco","Monte-Carlo","Monaco",43.7347,7.42056,"7"
6,4,3,813,885,21841,16,16,"\N","R",20,0,44,"\N","\N","8","19","1:20.881","148.662",2013,6,"Monaco Grand Prix",2013-05-26,"12:00:00","maldonado","13","MAL","Pastor","Maldonado",1985-03-09,"Venezuelan","williams","Williams","British","Collision","monaco","Circuit de Monaco","Monte-Carlo","Monaco",43.7347,7.42056,"7"
6,1,6,20,953,23030,5,4,"4","4",4,12,78,"+15.846","7184979","62","2","1:18.005","154.005",2016,6,"Monaco Grand Prix",2016-05-29,"12:00:00","vettel","5","VET","Sebastian","Vettel",1987-07-03,"German","ferrari","Ferrari","Italian","Finished","monaco","Circuit de Monaco","Monte-Carlo","Monaco",43.7347,7.42056,"7"
6,3,4,835,953,23048,30,18,"\N","R",22,0,7,"\N","\N","2","22","1:58.474","101.399",2016,6,"Monaco Grand Prix",2016-05-29,"12:00:00","jolyon_palmer","30","PAL","Jolyon","Palmer",1991-01-20,"British","renault","Renault","French","Accident","monaco","Circuit de Monaco","Monte-Carlo","Monaco",43.7347,7.42056,"7"
6,1,3,13,974,23487,19,14,"9","9",9,2,78,"+19.445","6303785","50","12","1:16.543","156.947",2017,6,"Monaco Grand Prix",2017-05-28,"12:00:00","massa","19","MAS","Felipe","Massa",1981-04-25,"Brazilian","williams","Williams","British","Finished","monaco","Circuit de Monaco","Monte-Carlo","Monaco",43.7347,7.42056,"7"
6,3,5,826,953,23046,26,8,"\N","R",20,0,18,"\N","\N","14","20","1:37.895","122.715",2016,6,"Monaco Grand Prix",2016-05-29,"12:00:00","kvyat","26","KVY","Daniil","Kvyat",1994-04-26,"Russian","toro_rosso","Toro Rosso","Italian","Accident","monaco","Circuit de Monaco","Monte-Carlo","Monaco",43.7347,7.42056,"7"
6,11,1,838,994,23895,2,12,"14","14",14,0,77,"\N","\N","76","11","1:16.864","156.291",2018,6,"Monaco Grand Prix",2018-05-27,"13:10:00","vandoorne","2","VAN","Stoffel","Vandoorne",1992-03-26,"Belgian","mclaren","McLaren","British","+1 Lap","monaco","Circuit de Monaco","Monte-Carlo","Monaco",43.7347,7.42056,"7"
6,11,214,4,1056,25058,14,17,"13","13",13,0,77,"\N","\N","70","10","1:15.026","160.120",2021,5,"Monaco Grand Prix",2021-05-23,"13:00:00","alonso","14","ALO","Fernando","Alonso",1981-07-29,"Spanish","alpine","Alpine F1 Team","French","+1 Lap","monaco","Circuit de Monaco","Monte-Carlo","Monaco",43.7347,7.42056,"7"
6,1,1,832,1015,24311,55,9,"6","6",6,8,78,"+53.454","6261891","32","5","1:15.891","158.295",2019,6,"Monaco Grand Prix",2019-05-26,"13:10:00","sainz","55","SAI","Carlos","Sainz",1994-09-01,"Spanish","mclaren","McLaren","British","Finished","monaco","Circuit de Monaco","Monte-Carlo","Monaco",43.7347,7.42056,"7"
6,11,1,18,953,23035,22,13,"9","9",9,2,77,"\N","\N","66","12","1:19.670","150.786",2016,6,"Monaco Grand Prix",2016-05-29,"12:00:00","button","22","BUT","Jenson","Button",1980-01-19,"British","mclaren","McLaren","British","+1 Lap","monaco","Circuit de Monaco","Monte-Carlo","Monaco",43.7347,7.42056,"7"
6,1,131,822,994,23886,77,5,"5","5",5,10,78,"+18.822","6193629","21","9","1:16.312","157.422",2018,6,"Monaco Grand Prix",2018-05-27,"13:10:00","bottas","77","BOT","Valtteri","Bottas",1989-08-28,"Finnish","mercedes","Mercedes","German","Finished","monaco","Circuit de Monaco","Monte-Carlo","Monaco",43.7347,7.42056,"7"
6,1,6,20,1015,24307,5,4,"2","2",2,18,78,"+2.602","6211039","9","9","1:16.277","157.494",2019,6,"Monaco Grand Prix",2019-05-26,"13:10:00","vettel","5","VET","Sebastian","Vettel",1987-07-03,"German","ferrari","Ferrari","Italian","Finished","monaco","Circuit de Monaco","Monte-Carlo","Monaco",43.7347,7.42056,"7"
6,11,206,10,865,21365,24,19,"14","14",14,0,77,"\N","\N","60","15","1:19.637","150.985",2012,6,"Monaco Grand Prix",2012-05-27,"12:00:00","glock","\N","GLO","Timo","Glock",1982-03-18,"German","marussia","Marussia","Russian","+1 Lap","monaco","Circuit de Monaco","Monte-Carlo","Monaco",43.7347,7.42056,"7"
6,6,1,4,931,22654,14,13,"\N","R",19,0,41,"\N","\N","36","16","1:20.459","149.308",2015,6,"Monaco Grand Prix",2015-05-24,"12:00:00","alonso","14","ALO","Fernando","Alonso",1981-07-29,"Spanish","mclaren","McLaren","British","Gearbox","monaco","Circuit de Monaco","Monte-Carlo","Monaco",43.7347,7.42056,"7"
6,1,213,842,1056,25051,10,6,"6","6",6,8,78,"+53.896","5990716","71","14","1:15.412","159.300",2021,5,"Monaco Grand Prix",2021-05-23,"13:00:00","gasly","10","GAS","Pierre","Gasly",1996-02-07,"French","alphatauri","AlphaTauri","Italian","Finished","monaco","Circuit de Monaco","Monte-Carlo","Monaco",43.7347,7.42056,"7"
6,11,1,817,1056,25057,3,12,"12","12",12,0,77,"\N","\N","43","4","1:14.578","161.082",2021,5,"Monaco Grand Prix",2021-05-23,"13:00:00","ricciardo","3","RIC","Daniel","Ricciardo",1989-07-01,"Australian","mclaren","McLaren","British","+1 Lap","monaco","Circuit de Monaco","Monte-Carlo","Monaco",43.7347,7.42056,"7"
6,1,131,3,865,21353,8,2,"2","2",2,18,78,"+0.643","6367200","46","7","1:18.977","152.246",2012,6,"Monaco Grand Prix",2012-05-27,"12:00:00","rosberg","6","ROS","Nico","Rosberg",1985-06-27,"German","mercedes","Mercedes","German","Finished","monaco","Circuit de Monaco","Monte-Carlo","Monaco",43.7347,7.42056,"7"
6,1,10,815,931,22642,11,7,"7","7",7,6,78,"+15.013","6573433","74","11","1:19.657","150.811",2015,6,"Monaco Grand Prix",2015-05-24,"12:00:00","perez","11","PER","Sergio","Pérez",1990-01-26,"Mexican","force_india","Force India","Indian","Finished","monaco","Circuit de Monaco","Monte-Carlo","Monaco",43.7347,7.42056,"7"
6,12,210,154,953,23039,8,15,"13","13",13,0,76,"\N","\N","65","14","1:20.219","149.755",2016,6,"Monaco Grand Prix",2016-05-29,"12:00:00","grosjean","8","GRO","Romain","Grosjean",1986-04-17,"French","haas","Haas F1 Team","American","+2 Laps","monaco","Circuit de Monaco","Monte-Carlo","Monaco",43.7347,7.42056,"7"
6,1,210,154,974,23486,8,8,"8","8",8,4,78,"+18.150","6302490","45","18","1:17.095","155.823",2017,6,"Monaco Grand Prix",2017-05-28,"12:00:00","grosjean","8","GRO","Romain","Grosjean",1986-04-17,"French","haas","Haas F1 Team","American","Finished","monaco","Circuit de Monaco","Monte-Carlo","Monaco",43.7347,7.42056,"7"
6,1,9,817,953,23028,3,1,"2","2",2,18,78,"+7.252","7176385","67","3","1:18.294","153.437",2016,6,"Monaco Grand Prix",2016-05-29,"12:00:00","ricciardo","3","RIC","Daniel","Ricciardo",1989-07-01,"Australian","red_bull","Red Bull","Austrian","Finished","monaco","Circuit de Monaco","Monte-Carlo","Monaco",43.7347,7.42056,"7"
6,1,6,8,931,22641,7,6,"6","6",6,8,78,"+14.345","6572765","74","10","1:19.651","150.822",2015,6,"Monaco Grand Prix",2015-05-24,"12:00:00","raikkonen","7","RAI","Kimi","Räikkönen",1979-10-17,"Finnish","ferrari","Ferrari","Italian","Finished","monaco","Circuit de Monaco","Monte-Carlo","Monaco",43.7347,7.42056,"7"
6,14,209,837,953,23041,88,19,"15","15",15,0,74,"\N","\N","70","13","1:19.868","150.413",2016,6,"Monaco Grand Prix",2016-05-29,"12:00:00","haryanto","88","HAR","Rio","Haryanto",1993-01-22,"Indonesian","manor","Manor Marussia","British","+4 Laps","monaco","Circuit de Monaco","Monte-Carlo","Monaco",43.7347,7.42056,"7"
6,4,1,18,865,21367,3,12,"16","16",16,0,70,"\N","\N","51","18","1:19.923","150.444",2012,6,"Monaco Grand Prix",2012-05-27,"12:00:00","button","22","BUT","Jenson","Button",1980-01-19,"British","mclaren","McLaren","British","Collision","monaco","Circuit de Monaco","Monte-Carlo","Monaco",43.7347,7.42056,"7"
6,11,3,13,931,22650,19,12,"15","15",15,0,77,"\N","\N","72","12","1:19.764","150.609",2015,6,"Monaco Grand Prix",2015-05-24,"12:00:00","massa","19","MAS","Felipe","Massa",1981-04-25,"Brazilian","williams","Williams","British","+1 Lap","monaco","Circuit de Monaco","Monte-Carlo","Monaco",43.7347,7.42056,"7"
6,1,15,828,931,22648,9,17,"13","13",13,0,78,"+31.159","6589579","75","8","1:19.285","151.519",2015,6,"Monaco Grand Prix",2015-05-24,"12:00:00","ericsson","9","ERI","Marcus","Ericsson",1990-09-02,"Swedish","sauber","Sauber","Swiss","Finished","monaco","Circuit de Monaco","Monte-Carlo","Monaco",43.7347,7.42056,"7"
6,1,131,1,1056,25052,44,7,"7","7",7,7,78,"+1:08.231","6005051","69","1","1:12.909","164.769",2021,5,"Monaco Grand Prix",2021-05-23,"13:00:00","hamilton","44","HAM","Lewis","Hamilton",1985-01-07,"British","mercedes","Mercedes","German","Finished","monaco","Circuit de Monaco","Monte-Carlo","Monaco",43.7347,7.42056,"7"
6,1,131,3,931,22636,6,2,"1","1",1,25,78,"1:49:18.420","6558420","76","2","1:18.599","152.841",2015,6,"Monaco Grand Prix",2015-05-24,"12:00:00","rosberg","6","ROS","Nico","Rosberg",1985-06-27,"German","mercedes","Mercedes","German","Finished","monaco","Circuit de Monaco","Monte-Carlo","Monaco",43.7347,7.42056,"7"
6,1,6,20,974,23479,5,2,"1","1",1,25,78,"1:44:44.340","6284340","38","2","1:15.238","159.669",2017,6,"Monaco Grand Prix",2017-05-28,"12:00:00","vettel","5","VET","Sebastian","Vettel",1987-07-03,"German","ferrari","Ferrari","Italian","Finished","monaco","Circuit de Monaco","Monte-Carlo","Monaco",43.7347,7.42056,"7"
6,4,15,836,974,23497,94,18,"\N","R",19,0,57,"\N","\N","25","20","1:18.034","153.948",2017,6,"Monaco Grand Prix",2017-05-28,"12:00:00","wehrlein","94","WEH","Pascal","Wehrlein",1994-10-18,"German","sauber","Sauber","Swiss","Collision","monaco","Circuit de Monaco","Monte-Carlo","Monaco",43.7347,7.42056,"7"
6,1,131,3,953,23033,6,2,"7","7",7,6,78,"+1:33.290","7262423","74","6","1:18.763","152.523",2016,6,"Monaco Grand Prix",2016-05-29,"12:00:00","rosberg","6","ROS","Nico","Rosberg",1985-06-27,"German","mercedes","Mercedes","German","Finished","monaco","Circuit de Monaco","Monte-Carlo","Monaco",43.7347,7.42056,"7"
6,31,4,825,953,23045,20,16,"\N","R",19,0,32,"\N","\N","27","19","1:29.802","133.774",2016,6,"Monaco Grand Prix",2016-05-29,"12:00:00","kevin_magnussen","20","MAG","Kevin","Magnussen",1992-10-05,"Danish","renault","Renault","French","Retired","monaco","Circuit de Monaco","Monte-Carlo","Monaco",43.7347,7.42056,"7"
6,23,208,813,931,22655,13,8,"\N","R",20,0,5,"\N","\N","3","19","1:22.271","146.019",2015,6,"Monaco Grand Prix",2015-05-24,"12:00:00","maldonado","13","MAL","Pastor","Maldonado",1985-03-09,"Venezuelan","lotus_f1","Lotus F1","British","Brakes","monaco","Circuit de Monaco","Monte-Carlo","Monaco",43.7347,7.42056,"7"
6,1,15,821,885,21834,12,19,"13","13",13,0,78,"+43.212","8315268","71","7","1:18.685","152.811",2013,6,"Monaco Grand Prix",2013-05-26,"12:00:00","gutierrez","21","GUT","Esteban","Gutiérrez",1991-08-05,"Mexican","sauber","Sauber","Swiss","Finished","monaco","Circuit de Monaco","Monte-Carlo","Monaco",43.7347,7.42056,"7"
6,1,9,817,974,23481,3,5,"3","3",3,15,78,"+3.745","6288085","51","4","1:15.756","158.577",2017,6,"Monaco Grand Prix",2017-05-28,"12:00:00","ricciardo","3","RIC","Daniel","Ricciardo",1989-07-01,"Australian","red_bull","Red Bull","Austrian","Finished","monaco","Circuit de Monaco","Monte-Carlo","Monaco",43.7347,7.42056,"7"
6,12,207,155,905,22252,10,20,"13","13",13,0,75,"\N","\N","16","19","1:22.425","145.878",2014,6,"Monaco Grand Prix",2014-05-25,"12:00:00","kobayashi","10","KOB","Kamui","Kobayashi",1986-09-13,"Japanese","caterham","Caterham","Malaysian","+2 Laps","monaco","Circuit de Monaco","Monte-Carlo","Monaco",43.7347,7.42056,"7"
6,11,210,154,994,23896,8,18,"15","15",15,0,77,"\N","\N","74","2","1:14.822","160.557",2018,6,"Monaco Grand Prix",2018-05-27,"13:10:00","grosjean","8","GRO","Romain","Grosjean",1986-04-17,"French","haas","Haas F1 Team","American","+1 Lap","monaco","Circuit de Monaco","Monte-Carlo","Monaco",43.7347,7.42056,"7"
6,1,1,18,931,22643,22,10,"8","8",8,4,78,"+16.063","6574483","76","9","1:19.490","151.128",2015,6,"Monaco Grand Prix",2015-05-24,"12:00:00","button","22","BUT","Jenson","Button",1980-01-19,"British","mclaren","McLaren","British","Finished","monaco","Circuit de Monaco","Monte-Carlo","Monaco",43.7347,7.42056,"7"
6,1,9,830,1056,25046,33,2,"1","1",1,25,78,"1:38:56.820","5936820","58","6","1:14.649","160.929",2021,5,"Monaco Grand Prix",2021-05-23,"13:00:00","max_verstappen","33","VER","Max","Verstappen",1997-09-30,"Dutch","red_bull","Red Bull","Austrian","Finished","monaco","Circuit de Monaco","Monte-Carlo","Monaco",43.7347,7.42056,"7"
6,5,131,30,846,20918,7,5,"\N","R",22,0,32,"\N","\N","30","15","1:19.801","150.674",2011,6,"Monaco Grand Prix",2011-05-29,"12:00:00","michael_schumacher","\N","MSC","Michael","Schumacher",1969-01-03,"German","mercedes","Mercedes","German","Engine","monaco","Circuit de Monaco","Monte-Carlo","Monaco",43.7347,7.42056,"7"
6,11,206,824,905,22248,17,21,"9","9",9,2,77,"\N","\N","42","16","1:21.254","147.980",2014,6,"Monaco Grand Prix",2014-05-25,"12:00:00","jules_bianchi","17","BIA","Jules","Bianchi",1989-08-03,"French","marussia","Marussia","Russian","+1 Lap","monaco","Circuit de Monaco","Monte-Carlo","Monaco",43.7347,7.42056,"7"
6,11,5,832,953,23034,55,6,"8","8",8,4,77,"\N","\N","70","5","1:18.519","152.997",2016,6,"Monaco Grand Prix",2016-05-29,"12:00:00","sainz","55","SAI","Carlos","Sainz",1994-09-01,"Spanish","toro_rosso","Toro Rosso","Italian","+1 Lap","monaco","Circuit de Monaco","Monte-Carlo","Monaco",43.7347,7.42056,"7"
6,1,9,830,1015,24309,33,3,"4","4",4,12,78,"+5.537","6213974","9","7","1:16.229","157.593",2019,6,"Monaco Grand Prix",2019-05-26,"13:10:00","max_verstappen","33","VER","Max","Verstappen",1997-09-30,"Dutch","red_bull","Red Bull","Austrian","Finished","monaco","Circuit de Monaco","Monte-Carlo","Monaco",43.7347,7.42056,"7"
6,3,6,8,953,23047,7,11,"\N","R",21,0,10,"\N","\N","10","21","1:47.149","112.116",2016,6,"Monaco Grand Prix",2016-05-29,"12:00:00","raikkonen","7","RAI","Kimi","Räikkönen",1979-10-17,"Finnish","ferrari","Ferrari","Italian","Accident","monaco","Circuit de Monaco","Monte-Carlo","Monaco",43.7347,7.42056,"7"
6,1,5,848,1015,24313,23,10,"8","8",8,4,78,"+55.200","6263637","43","3","1:15.607","158.890",2019,6,"Monaco Grand Prix",2019-05-26,"13:10:00","albon","23","ALB","Alexander","Albon",1996-03-23,"Thai","toro_rosso","Toro Rosso","Italian","Finished","monaco","Circuit de Monaco","Monte-Carlo","Monaco",43.7347,7.42056,"7"
6,3,15,821,905,22254,21,17,"\N","R",15,0,59,"\N","\N","41","15","1:21.146","148.177",2014,6,"Monaco Grand Prix",2014-05-25,"12:00:00","gutierrez","21","GUT","Esteban","Gutiérrez",1991-08-05,"Mexican","sauber","Sauber","Swiss","Accident","monaco","Circuit de Monaco","Monte-Carlo","Monaco",43.7347,7.42056,"7"
6,1,10,16,885,21826,15,8,"5","5",5,10,78,"+21.477","8293533","74","5","1:18.292","153.578",2013,6,"Monaco Grand Prix",2013-05-26,"12:00:00","sutil","99","SUT","Adrian","Sutil",1983-01-11,"German","force_india","Force India","Indian","Finished","monaco","Circuit de Monaco","Monte-Carlo","Monaco",43.7347,7.42056,"7"
6,11,51,841,1056,25055,99,10,"10","10",10,1,77,"\N","\N","41","13","1:15.331","159.472",2021,5,"Monaco Grand Prix",2021-05-23,"13:00:00","giovinazzi","99","GIO","Antonio","Giovinazzi",1993-12-14,"Italian","alfa","Alfa Romeo","Swiss","+1 Lap","monaco","Circuit de Monaco","Monte-Carlo","Monaco",43.7347,7.42056,"7"
6,1,4,807,994,23889,27,11,"8","8",8,4,78,"+24.839","6199646","57","6","1:16.061","157.941",2018,6,"Monaco Grand Prix",2018-05-27,"13:10:00","hulkenberg","27","HUL","Nico","Hülkenberg",1987-08-19,"German","renault","Renault","French","Finished","monaco","Circuit de Monaco","Monte-Carlo","Monaco",43.7347,7.42056,"7"
6,11,15,815,865,21362,15,23,"11","11",11,0,77,"\N","\N","49","1","1:17.296","155.557",2012,6,"Monaco Grand Prix",2012-05-27,"12:00:00","perez","11","PER","Sergio","Pérez",1990-01-26,"Mexican","sauber","Sauber","Swiss","+1 Lap","monaco","Circuit de Monaco","Monte-Carlo","Monaco",43.7347,7.42056,"7"
6,1,15,831,931,22644,12,14,"9","9",9,2,78,"+23.626","6582046","76","15","1:20.017","150.133",2015,6,"Monaco Grand Prix",2015-05-24,"12:00:00","nasr","12","NAS","Felipe","Nasr",1992-08-21,"Brazilian","sauber","Sauber","Swiss","Finished","monaco","Circuit de Monaco","Monte-Carlo","Monaco",43.7347,7.42056,"7"
6,10,207,808,865,21371,21,18,"\N","R",20,0,15,"\N","\N","12","20","1:20.825","148.765",2012,6,"Monaco Grand Prix",2012-05-27,"12:00:00","petrov","\N","PET","Vitaly","Petrov",1984-09-08,"Russian","caterham","Caterham","Malaysian","Electrical","monaco","Circuit de Monaco","Monte-Carlo","Monaco",43.7347,7.42056,"7"
6,130,5,826,974,23492,26,9,"14","14",14,0,71,"\N","\N","43","11","1:16.539","156.955",2017,6,"Monaco Grand Prix",2017-05-28,"12:00:00","kvyat","26","KVY","Daniil","Kvyat",1994-04-26,"Russian","toro_rosso","Toro Rosso","Italian","Collision damage","monaco","Circuit de Monaco","Monte-Carlo","Monaco",43.7347,7.42056,"7"
6,11,3,9,1015,24323,88,20,"18","18",18,0,77,"\N","\N","32","19","1:17.388","155.233",2019,6,"Monaco Grand Prix",2019-05-26,"13:10:00","kubica","88","KUB","Robert","Kubica",1984-12-07,"Polish","williams","Williams","British","+1 Lap","monaco","Circuit de Monaco","Monte-Carlo","Monaco",43.7347,7.42056,"7"
6,3,164,37,865,21373,22,20,"\N","R",22,0,0,"\N","\N","\N","0","\N","\N",2012,6,"Monaco Grand Prix",2012-05-27,"12:00:00","rosa","\N","DLR","Pedro","de la Rosa",1971-02-24,"Spanish","hrt","HRT","Spanish","Accident","monaco","Circuit de Monaco","Monte-Carlo","Monaco",43.7347,7.42056,"7"
6,1,3,811,865,21361,19,13,"10","10",10,1,78,"+44.516","6411073","51","11","1:19.187","151.843",2012,6,"Monaco Grand Prix",2012-05-27,"12:00:00","bruno_senna","\N","SEN","Bruno","Senna",1983-10-15,"Brazilian","williams","Williams","British","Finished","monaco","Circuit de Monaco","Monte-Carlo","Monaco",43.7347,7.42056,"7"
6,1,1,846,1015,24316,4,12,"11","11",11,0,78,"+1:06.801","6275238","61","13","1:16.413","157.214",2019,6,"Monaco Grand Prix",2019-05-26,"13:10:00","norris","4","NOR","Lando","Norris",1999-11-13,"British","mclaren","McLaren","British","Finished","monaco","Circuit de Monaco","Monte-Carlo","Monaco",43.7347,7.42056,"7"
6,1,208,8,885,21831,7,5,"10","10",10,1,78,"+36.582","8308638","78","2","1:17.392","155.364",2013,6,"Monaco Grand Prix",2013-05-26,"12:00:00","raikkonen","7","RAI","Kimi","Räikkönen",1979-10-17,"Finnish","lotus_f1","Lotus F1","British","Finished","monaco","Circuit de Monaco","Monte-Carlo","Monaco",43.7347,7.42056,"7"
6,11,51,8,1015,24322,7,14,"17","17",17,0,77,"\N","\N","50","14","1:16.436","157.166",2019,6,"Monaco Grand Prix",2019-05-26,"13:10:00","raikkonen","7","RAI","Kimi","Räikkönen",1979-10-17,"Finnish","alfa","Alfa Romeo","Swiss","+1 Lap","monaco","Circuit de Monaco","Monte-Carlo","Monaco",43.7347,7.42056,"7"
6,11,5,67,846,20906,18,16,"10","10",10,1,77,"\N","\N","77","12","1:18.832","152.526",2011,6,"Monaco Grand Prix",2011-05-29,"12:00:00","buemi","\N","BUE","Sébastien","Buemi",1988-10-31,"Swiss","toro_rosso","Toro Rosso","Italian","+1 Lap","monaco","Circuit de Monaco","Monte-Carlo","Monaco",43.7347,7.42056,"7"
6,30,6,844,1056,25065,16,1,"\N","W",20,0,0,"\N","\N","\N","0","\N","\N",2021,5,"Monaco Grand Prix",2021-05-23,"13:00:00","leclerc","16","LEC","Charles","Leclerc",1997-10-16,"Monegasque","ferrari","Ferrari","Italian","Driveshaft","monaco","Circuit de Monaco","Monte-Carlo","Monaco",43.7347,7.42056,"7"
6,1,1,1,846,20902,3,9,"6","6",6,8,78,"+27.210","7805583","54","5","1:17.847","154.456",2011,6,"Monaco Grand Prix",2011-05-29,"12:00:00","hamilton","44","HAM","Lewis","Hamilton",1985-01-07,"British","mclaren","McLaren","British","Finished","monaco","Circuit de Monaco","Monte-Carlo","Monaco",43.7347,7.42056,"7"
6,4,6,844,1015,24325,16,15,"\N","R",20,0,16,"\N","\N","6","20","1:19.151","151.775",2019,6,"Monaco Grand Prix",2019-05-26,"13:10:00","leclerc","16","LEC","Charles","Leclerc",1997-10-16,"Monegasque","ferrari","Ferrari","Italian","Collision","monaco","Circuit de Monaco","Monte-Carlo","Monaco",43.7347,7.42056,"7"
6,1,1,846,1056,25048,4,5,"3","3",3,15,78,"+19.427","5956247","76","7","1:14.670","160.883",2021,5,"Monaco Grand Prix",2021-05-23,"13:00:00","norris","4","NOR","Lando","Norris",1999-11-13,"British","mclaren","McLaren","British","Finished","monaco","Circuit de Monaco","Monte-Carlo","Monaco",43.7347,7.42056,"7"
6,4,5,843,994,23900,28,15,"\N","R",19,0,70,"\N","\N","15","16","1:17.172","155.667",2018,6,"Monaco Grand Prix",2018-05-27,"13:10:00","brendon_hartley","28","HAR","Brendon","Hartley",1989-11-10,"New Zealander","toro_rosso","Toro Rosso","Italian","Collision","monaco","Circuit de Monaco","Monte-Carlo","Monaco",43.7347,7.42056,"7"
6,11,210,821,953,23037,21,12,"11","11",11,0,77,"\N","\N","69","7","1:19.131","151.814",2016,6,"Monaco Grand Prix",2016-05-29,"12:00:00","gutierrez","21","GUT","Esteban","Gutiérrez",1991-08-05,"Mexican","haas","Haas F1 Team","American","+1 Lap","monaco","Circuit de Monaco","Monte-Carlo","Monaco",43.7347,7.42056,"7"
6,1,6,20,994,23883,5,2,"2","2",2,18,78,"+7.336","6182143","14","7","1:16.065","157.933",2018,6,"Monaco Grand Prix",2018-05-27,"13:10:00","vettel","5","VET","Sebastian","Vettel",1987-07-03,"German","ferrari","Ferrari","Italian","Finished","monaco","Circuit de Monaco","Monte-Carlo","Monaco",43.7347,7.42056,"7"
6,11,3,822,953,23038,77,10,"12","12",12,0,77,"\N","\N","66","10","1:19.223","151.637",2016,6,"Monaco Grand Prix",2016-05-29,"12:00:00","bottas","77","BOT","Valtteri","Bottas",1989-08-28,"Finnish","williams","Williams","British","+1 Lap","monaco","Circuit de Monaco","Monte-Carlo","Monaco",43.7347,7.42056,"7"
6,12,10,814,846,20908,15,13,"12","12",12,0,76,"\N","\N","75","11","1:18.724","152.736",2011,6,"Monaco Grand Prix",2011-05-29,"12:00:00","resta","\N","DIR","Paul","di Resta",1986-04-16,"British","force_india","Force India","Indian","+2 Laps","monaco","Circuit de Monaco","Monte-Carlo","Monaco",43.7347,7.42056,"7"
6,1,210,825,974,23488,20,11,"10","10",10,1,78,"+21.443","6305783","44","7","1:16.313","157.420",2017,6,"Monaco Grand Prix",2017-05-28,"12:00:00","kevin_magnussen","20","MAG","Kevin","Magnussen",1992-10-05,"Danish","haas","Haas F1 Team","American","Finished","monaco","Circuit de Monaco","Monte-Carlo","Monaco",43.7347,7.42056,"7"
6,12,209,836,953,23040,94,20,"14","14",14,0,76,"\N","\N","60","15","1:20.372","149.469",2016,6,"Monaco Grand Prix",2016-05-29,"12:00:00","wehrlein","94","WEH","Pascal","Wehrlein",1994-10-18,"German","manor","Manor Marussia","British","+2 Laps","monaco","Circuit de Monaco","Monte-Carlo","Monaco",43.7347,7.42056,"7"
6,11,208,154,905,22247,8,14,"8","8",8,4,77,"\N","\N","53","11","1:20.979","148.482",2014,6,"Monaco Grand Prix",2014-05-25,"12:00:00","grosjean","8","GRO","Romain","Grosjean",1986-04-17,"French","lotus_f1","Lotus F1","British","+1 Lap","monaco","Circuit de Monaco","Monte-Carlo","Monaco",43.7347,7.42056,"7"
6,61,131,822,1056,25064,77,3,"\N","R",19,0,29,"\N","\N","18","17","1:15.706","158.682",2021,5,"Monaco Grand Prix",2021-05-23,"13:00:00","bottas","77","BOT","Valtteri","Bottas",1989-08-28,"Finnish","mercedes","Mercedes","German","Wheel nut","monaco","Circuit de Monaco","Monte-Carlo","Monaco",43.7347,7.42056,"7"
6,1,6,832,1056,25047,55,4,"2","2",2,18,78,"+8.968","5945788","35","5","1:14.621","160.989",2021,5,"Monaco Grand Prix",2021-05-23,"13:00:00","sainz","55","SAI","Carlos","Sainz",1994-09-01,"Spanish","ferrari","Ferrari","Italian","Finished","monaco","Circuit de Monaco","Monte-Carlo","Monaco",43.7347,7.42056,"7"
6,1,9,17,885,21824,2,4,"3","3",3,15,78,"+6.314","8278370","77","4","1:18.262","153.637",2013,6,"Monaco Grand Prix",2013-05-26,"12:00:00","webber","\N","WEB","Mark","Webber",1976-08-27,"Australian","red_bull","Red Bull","Austrian","Finished","monaco","Circuit de Monaco","Monte-Carlo","Monaco",43.7347,7.42056,"7"
6,23,3,840,974,23493,18,17,"15","15",15,0,71,"\N","\N","71","6","1:16.075","157.912",2017,6,"Monaco Grand Prix",2017-05-28,"12:00:00","stroll","18","STR","Lance","Stroll",1998-10-29,"Canadian","williams","Williams","British","Brakes","monaco","Circuit de Monaco","Monte-Carlo","Monaco",43.7347,7.42056,"7"
6,1,9,20,885,21823,1,3,"2","2",2,18,78,"+3.888","8275944","77","1","1:16.577","157.018",2013,6,"Monaco Grand Prix",2013-05-26,"12:00:00","vettel","5","VET","Sebastian","Vettel",1987-07-03,"German","red_bull","Red Bull","Austrian","Finished","monaco","Circuit de Monaco","Monte-Carlo","Monaco",43.7347,7.42056,"7"
6,1,10,839,974,23490,31,15,"12","12",12,0,78,"+23.725","6308065","52","10","1:16.482","157.072",2017,6,"Monaco Grand Prix",2017-05-28,"12:00:00","ocon","31","OCO","Esteban","Ocon",1996-09-17,"French","force_india","Force India","Indian","Finished","monaco","Circuit de Monaco","Monte-Carlo","Monaco",43.7347,7.42056,"7"
6,14,164,39,846,20913,22,22,"17","17",17,0,74,"\N","\N","74","23","1:22.731","145.338",2011,6,"Monaco Grand Prix",2011-05-29,"12:00:00","karthikeyan","\N","KAR","Narain","Karthikeyan",1977-01-14,"Indian","hrt","HRT","Spanish","+4 Laps","monaco","Circuit de Monaco","Monte-Carlo","Monaco",43.7347,7.42056,"7"
6,4,5,153,846,20916,19,19,"\N","R",20,0,66,"\N","\N","59","9","1:18.608","152.961",2011,6,"Monaco Grand Prix",2011-05-29,"12:00:00","alguersuari","\N","ALG","Jaime","Alguersuari",1990-03-23,"Spanish","toro_rosso","Toro Rosso","Italian","Collision","monaco","Circuit de Monaco","Monte-Carlo","Monaco",43.7347,7.42056,"7"
6,1,9,17,865,21352,2,1,"1","1",1,25,78,"1:46:06.557","6366557","45","3","1:18.805","152.579",2012,6,"Monaco Grand Prix",2012-05-27,"12:00:00","webber","\N","WEB","Mark","Webber",1976-08-27,"Australian","red_bull","Red Bull","Austrian","Finished","monaco","Circuit de Monaco","Monte-Carlo","Monaco",43.7347,7.42056,"7"
6,1,5,818,885,21829,18,10,"8","8",8,4,78,"+27.223","8299279","77","10","1:19.151","151.912",2013,6,"Monaco Grand Prix",2013-05-26,"12:00:00","vergne","25","VER","Jean-Éric","Vergne",1990-04-25,"French","toro_rosso","Toro Rosso","Italian","Finished","monaco","Circuit de Monaco","Monte-Carlo","Monaco",43.7347,7.42056,"7"
6,1,10,814,865,21358,11,14,"7","7",7,6,78,"+41.537","6408094","51","17","1:19.757","150.757",2012,6,"Monaco Grand Prix",2012-05-27,"12:00:00","resta","\N","DIR","Paul","di Resta",1986-04-16,"British","force_india","Force India","Indian","Finished","monaco","Circuit de Monaco","Monte-Carlo","Monaco",43.7347,7.42056,"7"
6,1,1,1,865,21356,4,3,"5","5",5,10,78,"+4.101","6370658","46","4","1:18.806","152.577",2012,6,"Monaco Grand Prix",2012-05-27,"12:00:00","hamilton","44","HAM","Lewis","Hamilton",1985-01-07,"British","mclaren","McLaren","British","Finished","monaco","Circuit de Monaco","Monte-Carlo","Monaco",43.7347,7.42056,"7"
6,1,208,8,865,21360,9,8,"9","9",9,2,78,"+44.036","6410593","51","12","1:19.246","151.730",2012,6,"Monaco Grand Prix",2012-05-27,"12:00:00","raikkonen","7","RAI","Kimi","Räikkönen",1979-10-17,"Finnish","lotus_f1","Lotus F1","British","Finished","monaco","Circuit de Monaco","Monte-Carlo","Monaco",43.7347,7.42056,"7"
6,31,206,819,865,21369,25,21,"\N","R",18,0,64,"\N","\N","61","14","1:19.604","151.047",2012,6,"Monaco Grand Prix",2012-05-27,"12:00:00","pic","\N","PIC","Charles","Pic",1990-02-15,"French","marussia","Marussia","Russian","Retired","monaco","Circuit de Monaco","Monte-Carlo","Monaco",43.7347,7.42056,"7"
6,1,1,18,846,20899,4,2,"3","3",3,15,78,"+2.378","7780751","78","3","1:16.463","157.252",2011,6,"Monaco Grand Prix",2011-05-29,"12:00:00","button","22","BUT","Jenson","Button",1980-01-19,"British","mclaren","McLaren","British","Finished","monaco","Circuit de Monaco","Monte-Carlo","Monaco",43.7347,7.42056,"7"
6,1,131,1,905,22241,44,2,"2","2",2,18,78,"+9.210","6576871","34","3","1:19.361","151.510",2014,6,"Monaco Grand Prix",2014-05-25,"12:00:00","hamilton","44","HAM","Lewis","Hamilton",1985-01-07,"British","mercedes","Mercedes","German","Finished","monaco","Circuit de Monaco","Monte-Carlo","Monaco",43.7347,7.42056,"7"
6,32,131,30,865,21370,7,6,"\N","R",19,0,63,"\N","\N","52","6","1:18.904","152.387",2012,6,"Monaco Grand Prix",2012-05-27,"12:00:00","michael_schumacher","\N","MSC","Michael","Schumacher",1969-01-03,"German","mercedes","Mercedes","German","Fuel pressure","monaco","Circuit de Monaco","Monte-Carlo","Monaco",43.7347,7.42056,"7"
6,1,117,20,1056,25050,5,8,"5","5",5,10,78,"+52.591","5989411","33","11","1:15.316","159.503",2021,5,"Monaco Grand Prix",2021-05-23,"13:00:00","vettel","5","VET","Sebastian","Vettel",1987-07-03,"German","aston_martin","Aston Martin","British","Finished","monaco","Circuit de Monaco","Monte-Carlo","Monaco",43.7347,7.42056,"7"
6,13,206,820,905,22253,4,19,"14","14",14,0,75,"\N","\N","69","7","1:20.579","149.220",2014,6,"Monaco Grand Prix",2014-05-25,"12:00:00","chilton","4","CHI","Max","Chilton",1991-04-21,"British","marussia","Marussia","Russian","+3 Laps","monaco","Circuit de Monaco","Monte-Carlo","Monaco",43.7347,7.42056,"7"
6,6,207,819,885,21843,20,18,"\N","R",22,0,7,"\N","\N","4","22","1:22.772","145.266",2013,6,"Monaco Grand Prix",2013-05-26,"12:00:00","pic","\N","PIC","Charles","Pic",1990-02-15,"French","caterham","Caterham","Malaysian","Gearbox","monaco","Circuit de Monaco","Monte-Carlo","Monaco",43.7347,7.42056,"7"
6,22,166,10,846,20919,24,20,"\N","R",23,0,30,"\N","\N","30","22","1:22.102","146.451",2011,6,"Monaco Grand Prix",2011-05-29,"12:00:00","glock","\N","GLO","Timo","Glock",1982-03-18,"German","virgin","Virgin","British","Suspension","monaco","Circuit de Monaco","Monte-Carlo","Monaco",43.7347,7.42056,"7"
6,12,205,5,846,20910,20,17,"14","14",14,0,76,"\N","\N","54","18","1:20.678","149.036",2011,6,"Monaco Grand Prix",2011-05-29,"12:00:00","kovalainen","\N","KOV","Heikki","Kovalainen",1981-10-19,"Finnish","lotus_racing","Lotus","Malaysian","+2 Laps","monaco","Circuit de Monaco","Monte-Carlo","Monaco",43.7347,7.42056,"7"
6,1,10,814,885,21830,14,17,"9","9",9,2,78,"+27.608","8299664","77","11","1:19.215","151.789",2013,6,"Monaco Grand Prix",2013-05-26,"12:00:00","resta","\N","DIR","Paul","di Resta",1986-04-16,"British","force_india","Force India","Indian","Finished","monaco","Circuit de Monaco","Monte-Carlo","Monaco",43.7347,7.42056,"7"
6,11,3,13,953,23036,19,14,"10","10",10,1,77,"\N","\N","69","9","1:19.213","151.656",2016,6,"Monaco Grand Prix",2016-05-29,"12:00:00","massa","19","MAS","Felipe","Massa",1981-04-25,"Brazilian","williams","Williams","British","+1 Lap","monaco","Circuit de Monaco","Monte-Carlo","Monaco",43.7347,7.42056,"7"
6,1,131,822,1015,24308,77,2,"3","3",3,15,78,"+3.162","6211599","65","2","1:15.163","159.828",2019,6,"Monaco Grand Prix",2019-05-26,"13:10:00","bottas","77","BOT","Valtteri","Bottas",1989-08-28,"Finnish","mercedes","Mercedes","German","Finished","monaco","Circuit de Monaco","Monte-Carlo","Monaco",43.7347,7.42056,"7"
6,1,131,3,905,22240,6,1,"1","1",1,25,78,"1:49:27.661","6567661","33","4","1:19.425","151.388",2014,6,"Monaco Grand Prix",2014-05-25,"12:00:00","rosberg","6","ROS","Nico","Rosberg",1985-06-27,"German","mercedes","Mercedes","German","Finished","monaco","Circuit de Monaco","Monte-Carlo","Monaco",43.7347,7.42056,"7"
6,11,1,18,905,22245,22,12,"6","6",6,8,77,"\N","\N","42","12","1:21.047","148.358",2014,6,"Monaco Grand Prix",2014-05-25,"12:00:00","button","22","BUT","Jenson","Button",1980-01-19,"British","mclaren","McLaren","British","+1 Lap","monaco","Circuit de Monaco","Monte-Carlo","Monaco",43.7347,7.42056,"7"
6,1,15,807,885,21832,11,11,"11","11",11,0,78,"+42.572","8314628","29","15","1:19.853","150.576",2013,6,"Monaco Grand Prix",2013-05-26,"12:00:00","hulkenberg","27","HUL","Nico","Hülkenberg",1987-08-19,"German","sauber","Sauber","Swiss","Finished","monaco","Circuit de Monaco","Monte-Carlo","Monaco",43.7347,7.42056,"7"
6,1,5,826,1015,24312,26,7,"7","7",7,6,78,"+54.574","6263011","31","10","1:16.288","157.471",2019,6,"Monaco Grand Prix",2019-05-26,"13:10:00","kvyat","26","KVY","Daniil","Kvyat",1994-04-26,"Russian","toro_rosso","Toro Rosso","Italian","Finished","monaco","Circuit de Monaco","Monte-Carlo","Monaco",43.7347,7.42056,"7"
6,11,3,847,1056,25059,63,15,"14","14",14,0,77,"\N","\N","59","15","1:15.539","159.033",2021,5,"Monaco Grand Prix",2021-05-23,"13:00:00","russell","63","RUS","George","Russell",1998-02-15,"British","williams","Williams","British","+1 Lap","monaco","Circuit de Monaco","Monte-Carlo","Monaco",43.7347,7.42056,"7"
6,1,9,830,974,23483,33,4,"5","5",5,10,78,"+6.199","6290539","56","8","1:16.329","157.387",2017,6,"Monaco Grand Prix",2017-05-28,"12:00:00","max_verstappen","33","VER","Max","Verstappen",1997-09-30,"Dutch","red_bull","Red Bull","Austrian","Finished","monaco","Circuit de Monaco","Monte-Carlo","Monaco",43.7347,7.42056,"7"
6,82,15,815,846,23541,17,0,"\N","W",24,0,0,"\N","\N","\N","0","\N","\N",2011,6,"Monaco Grand Prix",2011-05-29,"12:00:00","perez","11","PER","Sergio","Pérez",1990-01-26,"Mexican","sauber","Sauber","Swiss","Injury","monaco","Circuit de Monaco","Monte-Carlo","Monaco",43.7347,7.42056,"7"
6,12,209,833,931,22651,98,19,"16","16",16,0,76,"\N","\N","47","18","1:21.715","147.013",2015,6,"Monaco Grand Prix",2015-05-24,"12:00:00","merhi","98","MER","Roberto","Merhi",1991-03-22,"Spanish","manor","Manor Marussia","British","+2 Laps","monaco","Circuit de Monaco","Monte-Carlo","Monaco",43.7347,7.42056,"7"
6,1,15,828,994,23892,9,16,"11","11",11,0,78,"+1:09.864","6244671","19","12","1:16.936","156.145",2018,6,"Monaco Grand Prix",2018-05-27,"13:10:00","ericsson","9","ERI","Marcus","Ericsson",1990-09-02,"Swedish","sauber","Sauber","Swiss","Finished","monaco","Circuit de Monaco","Monte-Carlo","Monaco",43.7347,7.42056,"7"
6,1,15,155,846,20901,16,12,"5","5",5,10,78,"+26.916","7805289","76","7","1:18.308","153.547",2011,6,"Monaco Grand Prix",2011-05-29,"12:00:00","kobayashi","10","KOB","Kamui","Kobayashi",1986-09-13,"Japanese","sauber","Sauber","Swiss","Finished","monaco","Circuit de Monaco","Monte-Carlo","Monaco",43.7347,7.42056,"7"
6,11,214,839,1056,25054,31,11,"9","9",9,2,77,"\N","\N","41","12","1:15.316","159.503",2021,5,"Monaco Grand Prix",2021-05-23,"13:00:00","ocon","31","OCO","Esteban","Ocon",1996-09-17,"French","alpine","Alpine F1 Team","French","+1 Lap","monaco","Circuit de Monaco","Monte-Carlo","Monaco",43.7347,7.42056,"7"
6,1,5,842,994,23888,10,10,"7","7",7,6,78,"+24.331","6199138","68","15","1:17.099","155.815",2018,6,"Monaco Grand Prix",2018-05-27,"13:10:00","gasly","10","GAS","Pierre","Gasly",1996-02-07,"French","toro_rosso","Toro Rosso","Italian","Finished","monaco","Circuit de Monaco","Monte-Carlo","Monaco",43.7347,7.42056,"7"
6,1,9,17,846,20900,2,3,"4","4",4,12,78,"+23.101","7801474","78","1","1:16.234","157.724",2011,6,"Monaco Grand Prix",2011-05-29,"12:00:00","webber","\N","WEB","Mark","Webber",1976-08-27,"Australian","red_bull","Red Bull","Austrian","Finished","monaco","Circuit de Monaco","Monte-Carlo","Monaco",43.7347,7.42056,"7"
6,13,166,816,846,20911,25,21,"15","15",15,0,75,"\N","\N","75","20","1:21.391","147.731",2011,6,"Monaco Grand Prix",2011-05-29,"12:00:00","ambrosio","\N","DAM","Jérôme","d'Ambrosio",1985-12-27,"Belgian","virgin","Virgin","British","+3 Laps","monaco","Circuit de Monaco","Monte-Carlo","Monaco",43.7347,7.42056,"7"
6,11,213,852,1056,25061,22,16,"16","16",16,0,77,"\N","\N","66","2","1:14.037","162.259",2021,5,"Monaco Grand Prix",2021-05-23,"13:00:00","tsunoda","22","TSU","Yuki","Tsunoda",2000-05-11,"Japanese","alphatauri","AlphaTauri","Italian","+1 Lap","monaco","Circuit de Monaco","Monte-Carlo","Monaco",43.7347,7.42056,"7"
6,1,10,815,994,23893,11,9,"12","12",12,0,78,"+1:10.461","6245268","24","19","1:17.546","154.917",2018,6,"Monaco Grand Prix",2018-05-27,"13:10:00","perez","11","PER","Sergio","Pérez",1990-01-26,"Mexican","force_india","Force India","Indian","Finished","monaco","Circuit de Monaco","Monte-Carlo","Monaco",43.7347,7.42056,"7"
6,1,10,815,953,23029,11,7,"3","3",3,15,78,"+13.825","7182958","64","4","1:18.446","153.139",2016,6,"Monaco Grand Prix",2016-05-29,"12:00:00","perez","11","PER","Sergio","Pérez",1990-01-26,"Mexican","force_india","Force India","Indian","Finished","monaco","Circuit de Monaco","Monte-Carlo","Monaco",43.7347,7.42056,"7"
6,12,3,840,994,23898,18,17,"17","17",17,0,76,"\N","\N","61","3","1:14.944","160.295",2018,6,"Monaco Grand Prix",2018-05-27,"13:10:00","stroll","18","STR","Lance","Stroll",1998-10-29,"Canadian","williams","Williams","British","+2 Laps","monaco","Circuit de Monaco","Monte-Carlo","Monaco",43.7347,7.42056,"7"
6,11,3,847,1015,24320,63,19,"15","15",15,0,77,"\N","\N","76","18","1:17.038","155.938",2019,6,"Monaco Grand Prix",2019-05-26,"13:10:00","russell","63","RUS","George","Russell",1998-02-15,"British","williams","Williams","British","+1 Lap","monaco","Circuit de Monaco","Monte-Carlo","Monaco",43.7347,7.42056,"7"
6,22,1,815,885,21837,6,7,"16","16",16,0,72,"\N","\N","27","14","1:19.530","151.188",2013,6,"Monaco Grand Prix",2013-05-26,"12:00:00","perez","11","PER","Sergio","Pérez",1990-01-26,"Mexican","mclaren","McLaren","British","Suspension","monaco","Circuit de Monaco","Monte-Carlo","Monaco",43.7347,7.42056,"7"
6,5,3,822,905,22255,77,13,"\N","R",16,0,55,"\N","\N","50","14","1:21.105","148.252",2014,6,"Monaco Grand Prix",2014-05-25,"12:00:00","bottas","77","BOT","Valtteri","Bottas",1989-08-28,"Finnish","williams","Williams","British","Engine","monaco","Circuit de Monaco","Monte-Carlo","Monaco",43.7347,7.42056,"7"
6,11,5,818,865,21363,17,16,"12","12",12,0,77,"\N","\N","25","8","1:19.013","152.177",2012,6,"Monaco Grand Prix",2012-05-27,"12:00:00","vergne","25","VER","Jean-Éric","Vergne",1990-04-25,"French","toro_rosso","Toro Rosso","Italian","+1 Lap","monaco","Circuit de Monaco","Monte-Carlo","Monaco",43.7347,7.42056,"7"
6,3,9,830,953,23044,33,0,"\N","R",18,0,34,"\N","\N","34","18","1:26.563","138.779",2016,6,"Monaco Grand Prix",2016-05-29,"12:00:00","max_verstappen","33","VER","Max","Verstappen",1997-09-30,"Dutch","red_bull","Red Bull","Austrian","Accident","monaco","Circuit de Monaco","Monte-Carlo","Monaco",43.7347,7.42056,"7"
6,1,131,1,953,23027,44,3,"1","1",1,25,78,"1:59:29.133","7169133","71","1","1:17.939","154.135",2016,6,"Monaco Grand Prix",2016-05-29,"12:00:00","hamilton","44","HAM","Lewis","Hamilton",1985-01-07,"British","mercedes","Mercedes","German","Finished","monaco","Circuit de Monaco","Monte-Carlo","Monaco",43.7347,7.42056,"7"
6,1,131,1,994,23884,44,3,"3","3",3,15,78,"+17.013","6191820","15","8","1:16.270","157.508",2018,6,"Monaco Grand Prix",2018-05-27,"13:10:00","hamilton","44","HAM","Lewis","Hamilton",1985-01-07,"British","mercedes","Mercedes","German","Finished","monaco","Circuit de Monaco","Monte-Carlo","Monaco",43.7347,7.42056,"7"
6,1,131,822,974,23482,77,3,"4","4",4,12,78,"+5.517","6289857","22","9","1:16.439","157.160",2017,6,"Monaco Grand Prix",2017-05-28,"12:00:00","bottas","77","BOT","Valtteri","Bottas",1989-08-28,"Finnish","mercedes","Mercedes","German","Finished","monaco","Circuit de Monaco","Monte-Carlo","Monaco",43.7347,7.42056,"7"
6,1,6,8,994,23885,7,4,"4","4",4,12,78,"+18.127","6192934","13","10","1:16.392","157.257",2018,6,"Monaco Grand Prix",2018-05-27,"13:10:00","raikkonen","7","RAI","Kimi","Räikkönen",1979-10-17,"Finnish","ferrari","Ferrari","Italian","Finished","monaco","Circuit de Monaco","Monte-Carlo","Monaco",43.7347,7.42056,"7"
6,1,10,807,865,21359,12,10,"8","8",8,4,78,"+42.562","6409119","35","2","1:18.423","153.322",2012,6,"Monaco Grand Prix",2012-05-27,"12:00:00","hulkenberg","27","HUL","Nico","Hülkenberg",1987-08-19,"German","force_india","Force India","Indian","Finished","monaco","Circuit de Monaco","Monte-Carlo","Monaco",43.7347,7.42056,"7"
6,23,206,824,885,21840,22,20,"\N","R",19,0,58,"\N","\N","49","18","1:20.617","149.149",2013,6,"Monaco Grand Prix",2013-05-26,"12:00:00","jules_bianchi","17","BIA","Jules","Bianchi",1989-08-03,"French","marussia","Marussia","Russian","Brakes","monaco","Circuit de Monaco","Monte-Carlo","Monaco",43.7347,7.42056,"7"
6,54,208,813,905,22261,13,15,"\N","W",22,0,0,"\N","\N","\N","0","\N","\N",2014,6,"Monaco Grand Prix",2014-05-25,"12:00:00","maldonado","13","MAL","Pastor","Maldonado",1985-03-09,"Venezuelan","lotus_f1","Lotus F1","British","Withdrew","monaco","Circuit de Monaco","Monte-Carlo","Monaco",43.7347,7.42056,"7"
6,26,5,826,905,22258,26,9,"\N","R",19,0,10,"\N","\N","8","18","1:22.011","146.614",2014,6,"Monaco Grand Prix",2014-05-25,"12:00:00","kvyat","26","KVY","Daniil","Kvyat",1994-04-26,"Russian","toro_rosso","Toro Rosso","Italian","Mechanical","monaco","Circuit de Monaco","Monte-Carlo","Monaco",43.7347,7.42056,"7"
6,1,6,13,865,21357,6,7,"6","6",6,8,78,"+6.195","6372752","41","10","1:19.101","152.008",2012,6,"Monaco Grand Prix",2012-05-27,"12:00:00","massa","19","MAS","Felipe","Massa",1981-04-25,"Brazilian","ferrari","Ferrari","Italian","Finished","monaco","Circuit de Monaco","Monte-Carlo","Monaco",43.7347,7.42056,"7"
6,12,205,15,846,20909,21,18,"13","13",13,0,76,"\N","\N","66","19","1:21.277","147.938",2011,6,"Monaco Grand Prix",2011-05-29,"12:00:00","trulli","\N","TRU","Jarno","Trulli",1974-07-13,"Italian","lotus_racing","Lotus","Malaysian","+2 Laps","monaco","Circuit de Monaco","Monte-Carlo","Monaco",43.7347,7.42056,"7"
6,13,210,854,1056,25063,47,20,"18","18",18,0,75,"\N","\N","51","18","1:16.425","157.189",2021,5,"Monaco Grand Prix",2021-05-23,"13:00:00","mick_schumacher","47","MSC","Mick","Schumacher",1999-03-22,"German","haas","Haas F1 Team","American","+3 Laps","monaco","Circuit de Monaco","Monte-Carlo","Monaco",43.7347,7.42056,"7"
6,1,207,823,885,21836,21,15,"15","15",15,0,78,"+1:02.590","8334646","50","17","1:20.494","149.377",2013,6,"Monaco Grand Prix",2013-05-26,"12:00:00","garde","\N","VDG","Giedo","van der Garde",1985-04-25,"Dutch","caterham","Caterham","Malaysian","Finished","monaco","Circuit de Monaco","Monte-Carlo","Monaco",43.7347,7.42056,"7"
6,3,15,828,974,23495,9,19,"\N","R",17,0,63,"\N","\N","39","16","1:16.829","156.362",2017,6,"Monaco Grand Prix",2017-05-28,"12:00:00","ericsson","9","ERI","Marcus","Ericsson",1990-09-02,"Swedish","sauber","Sauber","Swiss","Accident","monaco","Circuit de Monaco","Monte-Carlo","Monaco",43.7347,7.42056,"7"
6,6,1,4,994,23901,14,7,"\N","R",20,0,52,"\N","\N","23","13","1:17.018","155.979",2018,6,"Monaco Grand Prix",2018-05-27,"13:10:00","alonso","14","ALO","Fernando","Alonso",1981-07-29,"Spanish","mclaren","McLaren","British","Gearbox","monaco","Circuit de Monaco","Monte-Carlo","Monaco",43.7347,7.42056,"7"
6,1,1,18,885,21827,5,9,"6","6",6,8,78,"+23.103","8295159","76","8","1:18.720","152.743",2013,6,"Monaco Grand Prix",2013-05-26,"12:00:00","button","22","BUT","Jenson","Button",1980-01-19,"British","mclaren","McLaren","British","Finished","monaco","Circuit de Monaco","Monte-Carlo","Monaco",43.7347,7.42056,"7"
6,1,210,154,1015,24315,8,13,"10","10",10,1,78,"+1:01.034","6269471","41","16","1:16.746","156.531",2019,6,"Monaco Grand Prix",2019-05-26,"13:10:00","grosjean","8","GRO","Romain","Grosjean",1986-04-17,"French","haas","Haas F1 Team","American","Finished","monaco","Circuit de Monaco","Monte-Carlo","Monaco",43.7347,7.42056,"7"
6,11,3,849,1056,25060,6,18,"15","15",15,0,77,"\N","\N","66","16","1:15.573","158.961",2021,5,"Monaco Grand Prix",2021-05-23,"13:00:00","latifi","6","LAT","Nicholas","Latifi",1995-06-29,"Canadian","williams","Williams","British","+1 Lap","monaco","Circuit de Monaco","Monte-Carlo","Monaco",43.7347,7.42056,"7"
6,4,208,154,885,21838,8,13,"\N","R",17,0,63,"\N","\N","57","21","1:20.969","148.501",2013,6,"Monaco Grand Prix",2013-05-26,"12:00:00","grosjean","8","GRO","Romain","Grosjean",1986-04-17,"French","lotus_f1","Lotus F1","British","Collision","monaco","Circuit de Monaco","Monte-Carlo","Monaco",43.7347,7.42056,"7"
6,4,15,844,994,23899,16,14,"\N","R",18,0,70,"\N","\N","17","20","1:17.710","154.590",2018,6,"Monaco Grand Prix",2018-05-27,"13:10:00","leclerc","16","LEC","Charles","Leclerc",1997-10-16,"Monegasque","sauber","Sauber","Swiss","Collision","monaco","Circuit de Monaco","Monte-Carlo","Monaco",43.7347,7.42056,"7"
6,1,208,154,931,22647,8,15,"12","12",12,0,78,"+28.415","6586835","40","17","1:20.483","149.263",2015,6,"Monaco Grand Prix",2015-05-24,"12:00:00","grosjean","8","GRO","Romain","Grosjean",1986-04-17,"French","lotus_f1","Lotus F1","British","Finished","monaco","Circuit de Monaco","Monte-Carlo","Monaco",43.7347,7.42056,"7"
6,13,164,24,846,20912,23,23,"16","16",16,0,75,"\N","\N","74","21","1:21.566","147.414",2011,6,"Monaco Grand Prix",2011-05-29,"12:00:00","liuzzi","\N","LIU","Vitantonio","Liuzzi",1980-08-06,"Italian","hrt","HRT","Spanish","+3 Laps","monaco","Circuit de Monaco","Monte-Carlo","Monaco",43.7347,7.42056,"7"
6,1,131,3,885,21822,9,1,"1","1",1,25,78,"2:17:52.056","8272056","74","6","1:18.327","153.510",2013,6,"Monaco Grand Prix",2013-05-26,"12:00:00","rosberg","6","ROS","Nico","Rosberg",1985-06-27,"German","mercedes","Mercedes","German","Finished","monaco","Circuit de Monaco","Monte-Carlo","Monaco",43.7347,7.42056,"7"
6,11,210,825,1015,24317,20,5,"14","14",14,0,77,"\N","\N","61","17","1:16.992","156.031",2019,6,"Monaco Grand Prix",2019-05-26,"13:10:00","kevin_magnussen","20","MAG","Kevin","Magnussen",1992-10-05,"Danish","haas","Haas F1 Team","American","+1 Lap","monaco","Circuit de Monaco","Monte-Carlo","Monaco",43.7347,7.42056,"7"
6,1,3,822,885,21833,17,14,"12","12",12,0,78,"+42.691","8314747","68","20","1:20.921","148.589",2013,6,"Monaco Grand Prix",2013-05-26,"12:00:00","bottas","77","BOT","Valtteri","Bottas",1989-08-28,"Finnish","williams","Williams","British","Finished","monaco","Circuit de Monaco","Monte-Carlo","Monaco",43.7347,7.42056,"7"
6,12,51,841,1015,24324,99,18,"19","19",19,0,76,"\N","\N","46","11","1:16.299","157.448",2019,6,"Monaco Grand Prix",2019-05-26,"13:10:00","giovinazzi","99","GIO","Antonio","Giovinazzi",1993-12-14,"Italian","alfa","Alfa Romeo","Swiss","+2 Laps","monaco","Circuit de Monaco","Monte-Carlo","Monaco",43.7347,7.42056,"7"
6,11,4,807,1015,24319,27,11,"13","13",13,0,77,"\N","\N","65","8","1:16.276","157.496",2019,6,"Monaco Grand Prix",2019-05-26,"13:10:00","hulkenberg","27","HUL","Nico","Hülkenberg",1987-08-19,"German","renault","Renault","French","+1 Lap","monaco","Circuit de Monaco","Monte-Carlo","Monaco",43.7347,7.42056,"7"
6,4,15,828,953,23042,9,17,"\N","R",16,0,51,"\N","\N","51","16","1:21.342","147.687",2016,6,"Monaco Grand Prix",2016-05-29,"12:00:00","ericsson","9","ERI","Marcus","Ericsson",1990-09-02,"Swedish","sauber","Sauber","Swiss","Collision","monaco","Circuit de Monaco","Monte-Carlo","Monaco",43.7347,7.42056,"7"
6,1,6,8,974,23480,7,1,"2","2",2,18,78,"+3.145","6287485","39","3","1:15.527","159.058",2017,6,"Monaco Grand Prix",2017-05-28,"12:00:00","raikkonen","7","RAI","Kimi","Räikkönen",1979-10-17,"Finnish","ferrari","Ferrari","Italian","Finished","monaco","Circuit de Monaco","Monte-Carlo","Monaco",43.7347,7.42056,"7"
6,3,3,813,865,21374,18,24,"\N","R",23,0,0,"\N","\N","\N","0","\N","\N",2012,6,"Monaco Grand Prix",2012-05-27,"12:00:00","maldonado","13","MAL","Pastor","Maldonado",1985-03-09,"Venezuelan","williams","Williams","British","Accident","monaco","Circuit de Monaco","Monte-Carlo","Monaco",43.7347,7.42056,"7"
6,1,131,1,974,23485,44,13,"7","7",7,6,78,"+15.801","6300141","54","5","1:15.825","158.433",2017,6,"Monaco Grand Prix",2017-05-28,"12:00:00","hamilton","44","HAM","Lewis","Hamilton",1985-01-07,"British","mercedes","Mercedes","German","Finished","monaco","Circuit de Monaco","Monte-Carlo","Monaco",43.7347,7.42056,"7"
6,11,211,815,1015,24318,11,16,"12","12",12,0,77,"\N","\N","67","15","1:16.613","156.803",2019,6,"Monaco Grand Prix",2019-05-26,"13:10:00","perez","11","PER","Sergio","Pérez",1990-01-26,"Mexican","racing_point","Racing Point","British","+1 Lap","monaco","Circuit de Monaco","Monte-Carlo","Monaco",43.7347,7.42056,"7"
6,3,3,813,846,20914,12,8,"18","18",18,0,73,"\N","\N","62","14","1:18.904","152.387",2011,6,"Monaco Grand Prix",2011-05-29,"12:00:00","maldonado","13","MAL","Pastor","Maldonado",1985-03-09,"Venezuelan","williams","Williams","British","Accident","monaco","Circuit de Monaco","Monte-Carlo","Monaco",43.7347,7.42056,"7"
6,11,207,828,905,22250,9,22,"11","11",11,0,77,"\N","\N","53","10","1:20.911","148.607",2014,6,"Monaco Grand Prix",2014-05-25,"12:00:00","ericsson","9","ERI","Marcus","Ericsson",1990-09-02,"Swedish","caterham","Caterham","Malaysian","+1 Lap","monaco","Circuit de Monaco","Monte-Carlo","Monaco",43.7347,7.42056,"7"
6,12,164,39,865,21366,23,22,"15","15",15,0,76,"\N","\N","44","19","1:20.286","149.764",2012,6,"Monaco Grand Prix",2012-05-27,"12:00:00","karthikeyan","\N","KAR","Narain","Karthikeyan",1977-01-14,"Indian","hrt","HRT","Spanish","+2 Laps","monaco","Circuit de Monaco","Monte-Carlo","Monaco",43.7347,7.42056,"7"
6,6,4,807,974,23498,27,10,"\N","R",20,0,15,"\N","\N","13","19","1:17.885","154.242",2017,6,"Monaco Grand Prix",2017-05-28,"12:00:00","hulkenberg","27","HUL","Nico","Hülkenberg",1987-08-19,"German","renault","Renault","French","Gearbox","monaco","Circuit de Monaco","Monte-Carlo","Monaco",43.7347,7.42056,"7"
6,101,9,20,905,22259,1,4,"\N","R",20,0,5,"\N","\N","3","20","1:59.505","100.615",2014,6,"Monaco Grand Prix",2014-05-25,"12:00:00","vettel","5","VET","Sebastian","Vettel",1987-07-03,"German","red_bull","Red Bull","Austrian","Turbo","monaco","Circuit de Monaco","Monte-Carlo","Monaco",43.7347,7.42056,"7"
6,1,6,4,905,22243,14,5,"4","4",4,12,78,"+32.452","6600113","54","5","1:19.727","150.814",2014,6,"Monaco Grand Prix",2014-05-25,"12:00:00","alonso","14","ALO","Fernando","Alonso",1981-07-29,"Spanish","ferrari","Ferrari","Italian","Finished","monaco","Circuit de Monaco","Monte-Carlo","Monaco",43.7347,7.42056,"7"
6,3,15,155,865,21372,14,11,"\N","R",21,0,5,"\N","\N","4","21","1:25.480","140.664",2012,6,"Monaco Grand Prix",2012-05-27,"12:00:00","kobayashi","10","KOB","Kamui","Kobayashi",1986-09-13,"Japanese","sauber","Sauber","Swiss","Accident","monaco","Circuit de Monaco","Monte-Carlo","Monaco",43.7347,7.42056,"7"
6,1,10,815,974,23491,11,7,"13","13",13,0,78,"+39.089","6323429","76","1","1:14.820","160.561",2017,6,"Monaco Grand Prix",2017-05-28,"12:00:00","perez","11","PER","Sergio","Pérez",1990-01-26,"Mexican","force_india","Force India","Indian","Finished","monaco","Circuit de Monaco","Monte-Carlo","Monaco",43.7347,7.42056,"7"
6,11,211,840,1015,24321,18,17,"16","16",16,0,77,"\N","\N","45","12","1:16.379","157.284",2019,6,"Monaco Grand Prix",2019-05-26,"13:10:00","stroll","18","STR","Lance","Stroll",1998-10-29,"Canadian","racing_point","Racing Point","British","+1 Lap","monaco","Circuit de Monaco","Monte-Carlo","Monaco",43.7347,7.42056,"7"
6,1,1,4,953,23031,14,9,"5","5",5,10,78,"+1:25.076","7254209","72","8","1:19.170","151.739",2016,6,"Monaco Grand Prix",2016-05-29,"12:00:00","alonso","14","ALO","Fernando","Alonso",1981-07-29,"Spanish","mclaren","McLaren","British","Finished","monaco","Circuit de Monaco","Monte-Carlo","Monaco",43.7347,7.42056,"7"
6,1,210,825,994,23894,20,19,"13","13",13,0,78,"+1:14.823","6249630","20","17","1:17.476","155.057",2018,6,"Monaco Grand Prix",2018-05-27,"13:10:00","kevin_magnussen","20","MAG","Kevin","Magnussen",1992-10-05,"Danish","haas","Haas F1 Team","American","Finished","monaco","Circuit de Monaco","Monte-Carlo","Monaco",43.7347,7.42056,"7"
6,4,10,815,905,22260,11,10,"\N","R",21,0,0,"\N","\N","\N","0","\N","\N",2014,6,"Monaco Grand Prix",2014-05-25,"12:00:00","perez","11","PER","Sergio","Pérez",1990-01-26,"Mexican","force_india","Force India","Indian","Collision","monaco","Circuit de Monaco","Monte-Carlo","Monaco",43.7347,7.42056,"7"
6,31,5,817,865,21368,16,15,"\N","R",17,0,65,"\N","\N","44","16","1:19.752","150.767",2012,6,"Monaco Grand Prix",2012-05-27,"12:00:00","ricciardo","3","RIC","Daniel","Ricciardo",1989-07-01,"Australian","toro_rosso","Toro Rosso","Italian","Retired","monaco","Circuit de Monaco","Monte-Carlo","Monaco",43.7347,7.42056,"7"
6,11,3,845,994,23897,35,13,"16","16",16,0,77,"\N","\N","75","4","1:15.325","159.484",2018,6,"Monaco Grand Prix",2018-05-27,"13:10:00","sirotkin","35","SIR","Sergey","Sirotkin",1995-08-27,"Russian","williams","Williams","British","+1 Lap","monaco","Circuit de Monaco","Monte-Carlo","Monaco",43.7347,7.42056,"7"
6,130,1,18,974,23496,22,20,"\N","R",18,0,57,"\N","\N","47","17","1:16.912","156.194",2017,6,"Monaco Grand Prix",2017-05-28,"12:00:00","button","22","BUT","Jenson","Button",1980-01-19,"British","mclaren","McLaren","British","Collision damage","monaco","Circuit de Monaco","Monte-Carlo","Monaco",43.7347,7.42056,"7"
6,1,9,815,1056,25049,11,9,"4","4",4,12,78,"+20.490","5957310","32","3","1:14.552","161.138",2021,5,"Monaco Grand Prix",2021-05-23,"13:00:00","perez","11","PER","Sergio","Pérez",1990-01-26,"Mexican","red_bull","Red Bull","Austrian","Finished","monaco","Circuit de Monaco","Monte-Carlo","Monaco",43.7347,7.42056,"7"
6,1,9,20,846,20897,1,1,"1","1",1,25,78,"2:09:38.373","7778373","78","2","1:16.267","157.656",2011,6,"Monaco Grand Prix",2011-05-29,"12:00:00","vettel","5","VET","Sebastian","Vettel",1987-07-03,"German","red_bull","Red Bull","Austrian","Finished","monaco","Circuit de Monaco","Monte-Carlo","Monaco",43.7347,7.42056,"7"
6,1,5,832,931,22645,55,0,"10","10",10,1,78,"+25.056","6583476","48","13","1:19.816","150.511",2015,6,"Monaco Grand Prix",2015-05-24,"12:00:00","sainz","55","SAI","Carlos","Sainz",1994-09-01,"Spanish","toro_rosso","Toro Rosso","Italian","Finished","monaco","Circuit de Monaco","Monte-Carlo","Monaco",43.7347,7.42056,"7"
6,3,15,16,905,22257,99,18,"\N","R",18,0,23,"\N","\N","23","17","1:21.761","147.062",2014,6,"Monaco Grand Prix",2014-05-25,"12:00:00","sutil","99","SUT","Adrian","Sutil",1983-01-11,"German","sauber","Sauber","Swiss","Accident","monaco","Circuit de Monaco","Monte-Carlo","Monaco",43.7347,7.42056,"7"
6,11,3,22,846,20905,11,11,"9","9",9,2,77,"\N","\N","76","8","1:18.584","153.008",2011,6,"Monaco Grand Prix",2011-05-29,"12:00:00","barrichello","\N","BAR","Rubens","Barrichello",1972-05-23,"Brazilian","williams","Williams","British","+1 Lap","monaco","Circuit de Monaco","Monte-Carlo","Monaco",43.7347,7.42056,"7"
7,1,15,815,866,21378,15,15,"3","3",3,15,70,"+5.260","5554846","67","3","1:16.414","205.454",2012,7,"Canadian Grand Prix",2012-06-10,"18:00:00","perez","11","PER","Sergio","Pérez",1990-01-26,"Mexican","sauber","Sauber","Swiss","Finished","villeneuve","Circuit Gilles Villeneuve","Montreal","Canada",45.5,-73.5228,"13"
7,11,164,24,847,20932,23,20,"13","13",13,0,69,"\N","\N","63","17","1:23.419","188.201",2011,7,"Canadian Grand Prix",2011-06-12,"17:00:00","liuzzi","\N","LIU","Vitantonio","Liuzzi",1980-08-06,"Italian","hrt","HRT","Spanish","+1 Lap","villeneuve","Circuit Gilles Villeneuve","Montreal","Canada",45.5,-73.5228,"13"
7,11,9,826,932,22664,26,8,"9","9",9,2,69,"\N","\N","69","8","1:18.048","201.153",2015,7,"Canadian Grand Prix",2015-06-07,"18:00:00","kvyat","26","KVY","Daniil","Kvyat",1994-04-26,"Russian","red_bull","Red Bull","Austrian","+1 Lap","villeneuve","Circuit Gilles Villeneuve","Montreal","Canada",45.5,-73.5228,"13"
7,31,3,13,954,23068,19,8,"\N","R",20,0,35,"\N","\N","32","14","1:17.424","202.774",2016,7,"Canadian Grand Prix",2016-06-12,"18:00:00","massa","19","MAS","Felipe","Massa",1981-04-25,"Brazilian","williams","Williams","British","Retired","villeneuve","Circuit Gilles Villeneuve","Montreal","Canada",45.5,-73.5228,"13"
7,1,6,4,906,22267,14,7,"6","6",6,8,70,"+14.869","5967699","64","3","1:18.614","199.704",2014,7,"Canadian Grand Prix",2014-06-08,"18:00:00","alonso","14","ALO","Fernando","Alonso",1981-07-29,"Spanish","ferrari","Ferrari","Italian","Finished","villeneuve","Circuit Gilles Villeneuve","Montreal","Canada",45.5,-73.5228,"13"
7,1,4,808,847,20924,10,10,"5","5",5,10,70,"+20.395","14699932","68","3","1:19.054","198.593",2011,7,"Canadian Grand Prix",2011-06-12,"17:00:00","petrov","\N","PET","Vitaly","Petrov",1984-09-08,"Russian","renault","Renault","French","Finished","villeneuve","Circuit Gilles Villeneuve","Montreal","Canada",45.5,-73.5228,"13"
7,1,9,17,847,20922,2,4,"3","3",3,15,70,"+13.828","14693365","65","8","1:19.572","197.300",2011,7,"Canadian Grand Prix",2011-06-12,"17:00:00","webber","\N","WEB","Mark","Webber",1976-08-27,"Australian","red_bull","Red Bull","Austrian","Finished","villeneuve","Circuit Gilles Villeneuve","Montreal","Canada",45.5,-73.5228,"13"
7,11,3,840,975,23507,18,17,"9","9",9,2,69,"\N","\N","64","6","1:15.979","206.630",2017,7,"Canadian Grand Prix",2017-06-11,"18:00:00","stroll","18","STR","Lance","Stroll",1998-10-29,"Canadian","williams","Williams","British","+1 Lap","villeneuve","Circuit Gilles Villeneuve","Montreal","Canada",45.5,-73.5228,"13"
7,13,207,819,886,21861,20,18,"18","18",18,0,67,"\N","\N","60","19","1:19.380","197.777",2013,7,"Canadian Grand Prix",2013-06-09,"18:00:00","pic","\N","PIC","Charles","Pic",1990-02-15,"French","caterham","Caterham","Malaysian","+3 Laps","villeneuve","Circuit Gilles Villeneuve","Montreal","Canada",45.5,-73.5228,"13"
7,12,15,831,954,23066,12,18,"18","18",18,0,68,"\N","\N","66","16","1:17.883","201.579",2016,7,"Canadian Grand Prix",2016-06-12,"18:00:00","nasr","12","NAS","Felipe","Nasr",1992-08-21,"Brazilian","sauber","Sauber","Swiss","+2 Laps","villeneuve","Circuit Gilles Villeneuve","Montreal","Canada",45.5,-73.5228,"13"
7,1,9,830,995,23904,33,3,"3","3",3,15,68,"+8.360","5319737","65","1","1:13.864","212.547",2018,7,"Canadian Grand Prix",2018-06-10,"18:10:00","max_verstappen","33","VER","Max","Verstappen",1997-09-30,"Dutch","red_bull","Red Bull","Austrian","Finished","villeneuve","Circuit Gilles Villeneuve","Montreal","Canada",45.5,-73.5228,"13"
7,3,15,821,886,21863,12,15,"20","20",20,0,63,"\N","\N","52","20","1:19.478","197.533",2013,7,"Canadian Grand Prix",2013-06-09,"18:00:00","gutierrez","21","GUT","Esteban","Gutiérrez",1991-08-05,"Mexican","sauber","Sauber","Swiss","Accident","villeneuve","Circuit Gilles Villeneuve","Montreal","Canada",45.5,-73.5228,"13"
7,1,15,37,847,20931,17,17,"12","12",12,0,70,"+1:03.607","14743144","70","12","1:20.369","195.343",2011,7,"Canadian Grand Prix",2011-06-12,"17:00:00","rosa","\N","DLR","Pedro","de la Rosa",1971-02-24,"Spanish","sauber","Sauber","Swiss","Finished","villeneuve","Circuit Gilles Villeneuve","Montreal","Canada",45.5,-73.5228,"13"
7,11,166,816,847,20934,25,23,"15","15",15,0,69,"\N","\N","68","15","1:22.495","190.309",2011,7,"Canadian Grand Prix",2011-06-12,"17:00:00","ambrosio","\N","DAM","Jérôme","d'Ambrosio",1985-12-27,"Belgian","virgin","Virgin","British","+1 Lap","villeneuve","Circuit Gilles Villeneuve","Montreal","Canada",45.5,-73.5228,"13"
7,4,5,832,975,23518,55,13,"\N","R",20,0,0,"\N","\N","\N","0","\N","\N",2017,7,"Canadian Grand Prix",2017-06-11,"18:00:00","sainz","55","SAI","Carlos","Sainz",1994-09-01,"Spanish","toro_rosso","Toro Rosso","Italian","Collision","villeneuve","Circuit Gilles Villeneuve","Montreal","Canada",45.5,-73.5228,"13"
7,11,5,818,866,21390,17,19,"15","15",15,0,69,"\N","\N","55","17","1:17.875","201.600",2012,7,"Canadian Grand Prix",2012-06-10,"18:00:00","vergne","25","VER","Jean-Éric","Vergne",1990-04-25,"French","toro_rosso","Toro Rosso","Italian","+1 Lap","villeneuve","Circuit Gilles Villeneuve","Montreal","Canada",45.5,-73.5228,"13"
7,1,5,818,906,22269,25,8,"8","8",8,4,70,"+28.026","5980856","56","12","1:19.399","197.730",2014,7,"Canadian Grand Prix",2014-06-08,"18:00:00","vergne","25","VER","Jean-Éric","Vergne",1990-04-25,"French","toro_rosso","Toro Rosso","Italian","Finished","villeneuve","Circuit Gilles Villeneuve","Montreal","Canada",45.5,-73.5228,"13"
7,1,3,813,866,21388,18,22,"13","13",13,0,70,"+47.052","5596638","67","13","1:17.489","202.604",2012,7,"Canadian Grand Prix",2012-06-10,"18:00:00","maldonado","13","MAL","Pastor","Maldonado",1985-03-09,"Venezuelan","williams","Williams","British","Finished","villeneuve","Circuit Gilles Villeneuve","Montreal","Canada",45.5,-73.5228,"13"
7,12,5,817,886,21858,19,11,"15","15",15,0,68,"\N","\N","68","16","1:18.257","200.615",2013,7,"Canadian Grand Prix",2013-06-09,"18:00:00","ricciardo","3","RIC","Daniel","Ricciardo",1989-07-01,"Australian","toro_rosso","Toro Rosso","Italian","+2 Laps","villeneuve","Circuit Gilles Villeneuve","Montreal","Canada",45.5,-73.5228,"13"
7,11,1,838,975,23512,2,16,"14","14",14,0,69,"\N","\N","69","14","1:16.774","204.491",2017,7,"Canadian Grand Prix",2017-06-11,"18:00:00","vandoorne","2","VAN","Stoffel","Vandoorne",1992-03-26,"Belgian","mclaren","McLaren","British","+1 Lap","villeneuve","Circuit Gilles Villeneuve","Montreal","Canada",45.5,-73.5228,"13"
7,12,210,821,954,23061,21,13,"13","13",13,0,68,"\N","\N","48","15","1:17.728","201.981",2016,7,"Canadian Grand Prix",2016-06-12,"18:00:00","gutierrez","21","GUT","Esteban","Gutiérrez",1991-08-05,"Mexican","haas","Haas F1 Team","American","+2 Laps","villeneuve","Circuit Gilles Villeneuve","Montreal","Canada",45.5,-73.5228,"13"
7,1,6,8,906,22271,7,10,"10","10",10,1,70,"+53.678","6006508","68","2","1:18.529","199.921",2014,7,"Canadian Grand Prix",2014-06-08,"18:00:00","raikkonen","7","RAI","Kimi","Räikkönen",1979-10-17,"Finnish","ferrari","Ferrari","Italian","Finished","villeneuve","Circuit Gilles Villeneuve","Montreal","Canada",45.5,-73.5228,"13"
7,11,164,39,847,20933,22,22,"14","14",14,0,69,"\N","\N","66","16","1:23.116","188.887",2011,7,"Canadian Grand Prix",2011-06-12,"17:00:00","karthikeyan","\N","KAR","Narain","Karthikeyan",1977-01-14,"Indian","hrt","HRT","Spanish","+1 Lap","villeneuve","Circuit Gilles Villeneuve","Montreal","Canada",45.5,-73.5228,"13"
7,14,209,829,932,22672,28,17,"17","17",17,0,66,"\N","\N","38","19","1:20.707","194.525",2015,7,"Canadian Grand Prix",2015-06-07,"18:00:00","stevens","28","STE","Will","Stevens",1991-06-28,"British","manor","Manor Marussia","British","+4 Laps","villeneuve","Circuit Gilles Villeneuve","Montreal","Canada",45.5,-73.5228,"13"
7,11,207,5,866,21393,20,17,"18","18",18,0,69,"\N","\N","62","19","1:18.128","200.947",2012,7,"Canadian Grand Prix",2012-06-10,"18:00:00","kovalainen","\N","KOV","Heikki","Kovalainen",1981-10-19,"Finnish","caterham","Caterham","Malaysian","+1 Lap","villeneuve","Circuit Gilles Villeneuve","Montreal","Canada",45.5,-73.5228,"13"
7,11,6,13,886,21851,4,16,"8","8",8,4,69,"\N","\N","69","6","1:16.939","204.052",2013,7,"Canadian Grand Prix",2013-06-09,"18:00:00","massa","19","MAS","Felipe","Massa",1981-04-25,"Brazilian","ferrari","Ferrari","Italian","+1 Lap","villeneuve","Circuit Gilles Villeneuve","Montreal","Canada",45.5,-73.5228,"13"
7,1,9,20,906,22264,1,3,"3","3",3,15,70,"+5.247","5958077","48","10","1:19.171","198.299",2014,7,"Canadian Grand Prix",2014-06-08,"18:00:00","vettel","5","VET","Sebastian","Vettel",1987-07-03,"German","red_bull","Red Bull","Austrian","Finished","villeneuve","Circuit Gilles Villeneuve","Montreal","Canada",45.5,-73.5228,"13"
7,23,164,37,866,21398,22,20,"\N","R",23,0,24,"\N","\N","23","23","1:21.535","192.550",2012,7,"Canadian Grand Prix",2012-06-10,"18:00:00","rosa","\N","DLR","Pedro","de la Rosa",1971-02-24,"Spanish","hrt","HRT","Spanish","Brakes","villeneuve","Circuit Gilles Villeneuve","Montreal","Canada",45.5,-73.5228,"13"
7,1,3,22,847,20928,11,16,"9","9",9,2,70,"+45.117","14724654","68","11","1:20.316","195.472",2011,7,"Canadian Grand Prix",2011-06-12,"17:00:00","barrichello","\N","BAR","Rubens","Barrichello",1972-05-23,"Brazilian","williams","Williams","British","Finished","villeneuve","Circuit Gilles Villeneuve","Montreal","Canada",45.5,-73.5228,"13"
7,13,3,9,1016,24343,88,19,"18","18",18,0,67,"\N","\N","64","18","1:17.285","203.139",2019,7,"Canadian Grand Prix",2019-06-09,"18:10:00","kubica","88","KUB","Robert","Kubica",1984-12-07,"Polish","williams","Williams","British","+3 Laps","villeneuve","Circuit Gilles Villeneuve","Montreal","Canada",45.5,-73.5228,"13"
7,11,208,154,886,21856,8,22,"13","13",13,0,69,"\N","\N","62","9","1:17.607","202.296",2013,7,"Canadian Grand Prix",2013-06-09,"18:00:00","grosjean","8","GRO","Romain","Grosjean",1986-04-17,"French","lotus_f1","Lotus F1","British","+1 Lap","villeneuve","Circuit Gilles Villeneuve","Montreal","Canada",45.5,-73.5228,"13"
7,1,208,8,866,21383,9,12,"8","8",8,4,70,"+15.567","5565153","70","5","1:16.764","204.517",2012,7,"Canadian Grand Prix",2012-06-10,"18:00:00","raikkonen","7","RAI","Kimi","Räikkönen",1979-10-17,"Finnish","lotus_f1","Lotus F1","British","Finished","villeneuve","Circuit Gilles Villeneuve","Montreal","Canada",45.5,-73.5228,"13"
7,12,206,824,886,21860,22,19,"17","17",17,0,68,"\N","\N","68","17","1:18.873","199.049",2013,7,"Canadian Grand Prix",2013-06-09,"18:00:00","jules_bianchi","17","BIA","Jules","Bianchi",1989-08-03,"French","marussia","Marussia","Russian","+2 Laps","villeneuve","Circuit Gilles Villeneuve","Montreal","Canada",45.5,-73.5228,"13"
7,1,6,8,995,23907,7,5,"6","6",6,8,68,"+27.184","5338561","59","4","1:14.075","211.941",2018,7,"Canadian Grand Prix",2018-06-10,"18:10:00","raikkonen","7","RAI","Kimi","Räikkönen",1979-10-17,"Finnish","ferrari","Ferrari","Italian","Finished","villeneuve","Circuit Gilles Villeneuve","Montreal","Canada",45.5,-73.5228,"13"
7,22,207,155,906,22279,10,21,"\N","R",18,0,23,"\N","\N","20","19","1:23.130","188.856",2014,7,"Canadian Grand Prix",2014-06-08,"18:00:00","kobayashi","10","KOB","Kamui","Kobayashi",1986-09-13,"Japanese","caterham","Caterham","Malaysian","Suspension","villeneuve","Circuit Gilles Villeneuve","Montreal","Canada",45.5,-73.5228,"13"
7,11,1,4,954,23059,14,10,"11","11",11,0,69,"\N","\N","67","13","1:17.307","203.081",2016,7,"Canadian Grand Prix",2016-06-12,"18:00:00","alonso","14","ALO","Fernando","Alonso",1981-07-29,"Spanish","mclaren","McLaren","British","+1 Lap","villeneuve","Circuit Gilles Villeneuve","Montreal","Canada",45.5,-73.5228,"13"
7,1,131,1,886,21846,10,2,"3","3",3,15,70,"+15.942","5545085","69","3","1:16.354","205.615",2013,7,"Canadian Grand Prix",2013-06-09,"18:00:00","hamilton","44","HAM","Lewis","Hamilton",1985-01-07,"British","mercedes","Mercedes","German","Finished","villeneuve","Circuit Gilles Villeneuve","Montreal","Canada",45.5,-73.5228,"13"
7,1,15,155,847,20926,16,13,"7","7",7,6,70,"+33.270","14712807","70","10","1:20.213","195.723",2011,7,"Canadian Grand Prix",2011-06-12,"17:00:00","kobayashi","10","KOB","Kamui","Kobayashi",1986-09-13,"Japanese","sauber","Sauber","Swiss","Finished","villeneuve","Circuit Gilles Villeneuve","Montreal","Canada",45.5,-73.5228,"13"
7,13,206,820,886,21862,23,20,"19","19",19,0,67,"\N","\N","67","21","1:19.566","197.315",2013,7,"Canadian Grand Prix",2013-06-09,"18:00:00","chilton","4","CHI","Max","Chilton",1991-04-21,"British","marussia","Marussia","Russian","+3 Laps","villeneuve","Circuit Gilles Villeneuve","Montreal","Canada",45.5,-73.5228,"13"
7,11,5,830,932,22670,33,19,"15","15",15,0,69,"\N","\N","50","11","1:18.616","199.699",2015,7,"Canadian Grand Prix",2015-06-07,"18:00:00","max_verstappen","33","VER","Max","Verstappen",1997-09-30,"Dutch","toro_rosso","Toro Rosso","Italian","+1 Lap","villeneuve","Circuit Gilles Villeneuve","Montreal","Canada",45.5,-73.5228,"13"
7,11,210,825,995,23914,20,11,"13","13",13,0,67,"\N","\N","65","8","1:15.401","208.214",2018,7,"Canadian Grand Prix",2018-06-10,"18:10:00","kevin_magnussen","20","MAG","Kevin","Magnussen",1992-10-05,"Danish","haas","Haas F1 Team","American","+1 Lap","villeneuve","Circuit Gilles Villeneuve","Montreal","Canada",45.5,-73.5228,"13"
7,1,6,13,866,21385,6,6,"10","10",10,1,70,"+25.272","5574858","69","2","1:16.182","206.080",2012,7,"Canadian Grand Prix",2012-06-10,"18:00:00","massa","19","MAS","Felipe","Massa",1981-04-25,"Brazilian","ferrari","Ferrari","Italian","Finished","villeneuve","Circuit Gilles Villeneuve","Montreal","Canada",45.5,-73.5228,"13"
7,4,5,843,995,23920,28,12,"\N","R",19,0,0,"\N","\N","\N","0","\N","\N",2018,7,"Canadian Grand Prix",2018-06-10,"18:10:00","brendon_hartley","28","HAR","Brendon","Hartley",1989-11-10,"New Zealander","toro_rosso","Toro Rosso","Italian","Collision","villeneuve","Circuit Gilles Villeneuve","Montreal","Canada",45.5,-73.5228,"13"
7,3,10,814,847,20937,15,11,"18","18",18,0,67,"\N","\N","67","6","1:19.395","197.740",2011,7,"Canadian Grand Prix",2011-06-12,"17:00:00","resta","\N","DIR","Paul","di Resta",1986-04-16,"British","force_india","Force India","Indian","Accident","villeneuve","Circuit Gilles Villeneuve","Montreal","Canada",45.5,-73.5228,"13"
7,1,1,18,906,22265,22,9,"4","4",4,12,70,"+11.755","5964585","64","5","1:18.759","199.337",2014,7,"Canadian Grand Prix",2014-06-08,"18:00:00","button","22","BUT","Jenson","Button",1980-01-19,"British","mclaren","McLaren","British","Finished","villeneuve","Circuit Gilles Villeneuve","Montreal","Canada",45.5,-73.5228,"13"
7,1,9,830,954,23052,33,5,"4","4",4,12,70,"+53.020","5518316","49","4","1:16.319","205.710",2016,7,"Canadian Grand Prix",2016-06-12,"18:00:00","max_verstappen","33","VER","Max","Verstappen",1997-09-30,"Dutch","red_bull","Red Bull","Austrian","Finished","villeneuve","Circuit Gilles Villeneuve","Montreal","Canada",45.5,-73.5228,"13"
7,1,10,839,975,23504,31,9,"6","6",6,8,70,"+40.716","5625870","68","9","1:16.247","205.904",2017,7,"Canadian Grand Prix",2017-06-11,"18:00:00","ocon","31","OCO","Esteban","Ocon",1996-09-17,"French","force_india","Force India","Indian","Finished","villeneuve","Circuit Gilles Villeneuve","Montreal","Canada",45.5,-73.5228,"13"
7,22,164,39,866,21399,23,24,"\N","R",24,0,22,"\N","\N","12","24","1:22.044","191.355",2012,7,"Canadian Grand Prix",2012-06-10,"18:00:00","karthikeyan","\N","KAR","Narain","Karthikeyan",1977-01-14,"Indian","hrt","HRT","Spanish","Suspension","villeneuve","Circuit Gilles Villeneuve","Montreal","Canada",45.5,-73.5228,"13"
7,11,207,808,866,21394,21,18,"19","19",19,0,69,"\N","\N","58","18","1:18.093","201.037",2012,7,"Canadian Grand Prix",2012-06-10,"18:00:00","petrov","\N","PET","Vitaly","Petrov",1984-09-08,"Russian","caterham","Caterham","Malaysian","+1 Lap","villeneuve","Circuit Gilles Villeneuve","Montreal","Canada",45.5,-73.5228,"13"
7,3,4,2,847,20939,9,9,"\N","R",20,0,55,"\N","\N","55","20","1:25.135","184.408",2011,7,"Canadian Grand Prix",2011-06-12,"17:00:00","heidfeld","\N","HEI","Nick","Heidfeld",1977-05-10,"German","renault","Renault","French","Accident","villeneuve","Circuit Gilles Villeneuve","Montreal","Canada",45.5,-73.5228,"13"
7,1,9,20,866,21379,1,1,"4","4",4,12,70,"+7.295","5556881","70","1","1:15.752","207.249",2012,7,"Canadian Grand Prix",2012-06-10,"18:00:00","vettel","5","VET","Sebastian","Vettel",1987-07-03,"German","red_bull","Red Bull","Austrian","Finished","villeneuve","Circuit Gilles Villeneuve","Montreal","Canada",45.5,-73.5228,"13"
7,12,210,154,954,23062,8,14,"14","14",14,0,68,"\N","\N","50","12","1:17.281","203.149",2016,7,"Canadian Grand Prix",2016-06-12,"18:00:00","grosjean","8","GRO","Romain","Grosjean",1986-04-17,"French","haas","Haas F1 Team","American","+2 Laps","villeneuve","Circuit Gilles Villeneuve","Montreal","Canada",45.5,-73.5228,"13"
7,1,5,817,866,21389,16,14,"14","14",14,0,70,"+1:04.475","5614061","70","4","1:16.609","204.931",2012,7,"Canadian Grand Prix",2012-06-10,"18:00:00","ricciardo","3","RIC","Daniel","Ricciardo",1989-07-01,"Australian","toro_rosso","Toro Rosso","Italian","Finished","villeneuve","Circuit Gilles Villeneuve","Montreal","Canada",45.5,-73.5228,"13"
7,131,1,4,975,23514,14,12,"16","16",16,0,66,"\N","\N","63","4","1:15.853","206.974",2017,7,"Canadian Grand Prix",2017-06-11,"18:00:00","alonso","14","ALO","Fernando","Alonso",1981-07-29,"Spanish","mclaren","McLaren","British","Power Unit","villeneuve","Circuit Gilles Villeneuve","Montreal","Canada",45.5,-73.5228,"13"
7,11,5,832,954,23057,55,20,"9","9",9,2,69,"\N","\N","54","7","1:16.578","205.014",2016,7,"Canadian Grand Prix",2016-06-12,"18:00:00","sainz","55","SAI","Carlos","Sainz",1994-09-01,"Spanish","toro_rosso","Toro Rosso","Italian","+1 Lap","villeneuve","Circuit Gilles Villeneuve","Montreal","Canada",45.5,-73.5228,"13"
7,131,5,826,975,23515,26,11,"\N","R",17,0,54,"\N","\N","33","13","1:16.713","204.653",2017,7,"Canadian Grand Prix",2017-06-11,"18:00:00","kvyat","26","KVY","Daniil","Kvyat",1994-04-26,"Russian","toro_rosso","Toro Rosso","Italian","Power Unit","villeneuve","Circuit Gilles Villeneuve","Montreal","Canada",45.5,-73.5228,"13"
7,65,208,154,906,22276,8,14,"\N","R",15,0,59,"\N","\N","54","14","1:19.650","197.107",2014,7,"Canadian Grand Prix",2014-06-08,"18:00:00","grosjean","8","GRO","Romain","Grosjean",1986-04-17,"French","lotus_f1","Lotus F1","British","Rear wing","villeneuve","Circuit Gilles Villeneuve","Montreal","Canada",45.5,-73.5228,"13"
7,1,4,807,975,23506,27,10,"8","8",8,4,70,"+1:00.374","5645528","64","7","1:16.136","206.204",2017,7,"Canadian Grand Prix",2017-06-11,"18:00:00","hulkenberg","27","HUL","Nico","Hülkenberg",1987-08-19,"German","renault","Renault","French","Finished","villeneuve","Circuit Gilles Villeneuve","Montreal","Canada",45.5,-73.5228,"13"
7,1,3,822,932,22658,77,4,"3","3",3,15,70,"+40.666","5553811","67","6","1:17.922","201.478",2015,7,"Canadian Grand Prix",2015-06-07,"18:00:00","bottas","77","BOT","Valtteri","Bottas",1989-08-28,"Finnish","williams","Williams","British","Finished","villeneuve","Circuit Gilles Villeneuve","Montreal","Canada",45.5,-73.5228,"13"
7,1,6,20,995,23902,5,1,"1","1",1,25,68,"1:28:31.377","5311377","57","2","1:13.964","212.260",2018,7,"Canadian Grand Prix",2018-06-10,"18:10:00","vettel","5","VET","Sebastian","Vettel",1987-07-03,"German","ferrari","Ferrari","Italian","Finished","villeneuve","Circuit Gilles Villeneuve","Montreal","Canada",45.5,-73.5228,"13"
7,31,209,833,932,22673,98,16,"\N","R",18,0,57,"\N","\N","37","20","1:20.804","194.292",2015,7,"Canadian Grand Prix",2015-06-07,"18:00:00","merhi","98","MER","Roberto","Merhi",1991-03-22,"Spanish","manor","Manor Marussia","British","Retired","villeneuve","Circuit Gilles Villeneuve","Montreal","Canada",45.5,-73.5228,"13"
7,1,131,3,886,21848,9,4,"5","5",5,10,70,"+1:09.725","5598868","70","4","1:16.534","205.132",2013,7,"Canadian Grand Prix",2013-06-09,"18:00:00","rosberg","6","ROS","Nico","Rosberg",1985-06-27,"German","mercedes","Mercedes","German","Finished","villeneuve","Circuit Gilles Villeneuve","Montreal","Canada",45.5,-73.5228,"13"
7,1,6,8,954,23054,7,6,"6","6",6,8,70,"+1:03.017","5528313","44","9","1:16.919","204.105",2016,7,"Canadian Grand Prix",2016-06-12,"18:00:00","raikkonen","7","RAI","Kimi","Räikkönen",1979-10-17,"Finnish","ferrari","Ferrari","Italian","Finished","villeneuve","Circuit Gilles Villeneuve","Montreal","Canada",45.5,-73.5228,"13"
7,12,15,831,932,22671,12,14,"16","16",16,0,68,"\N","\N","47","17","1:19.088","198.507",2015,7,"Canadian Grand Prix",2015-06-07,"18:00:00","nasr","12","NAS","Felipe","Nasr",1992-08-21,"Brazilian","sauber","Sauber","Swiss","+2 Laps","villeneuve","Circuit Gilles Villeneuve","Montreal","Canada",45.5,-73.5228,"13"
7,11,4,832,995,23909,55,9,"8","8",8,4,67,"\N","\N","61","13","1:15.666","207.485",2018,7,"Canadian Grand Prix",2018-06-10,"18:10:00","sainz","55","SAI","Carlos","Sainz",1994-09-01,"Spanish","renault","Renault","French","+1 Lap","villeneuve","Circuit Gilles Villeneuve","Montreal","Canada",45.5,-73.5228,"13"
7,11,1,18,866,21391,3,10,"16","16",16,0,69,"\N","\N","63","16","1:17.843","201.682",2012,7,"Canadian Grand Prix",2012-06-10,"18:00:00","button","22","BUT","Jenson","Button",1980-01-19,"British","mclaren","McLaren","British","+1 Lap","villeneuve","Circuit Gilles Villeneuve","Montreal","Canada",45.5,-73.5228,"13"
7,1,131,1,995,23906,44,4,"5","5",5,10,68,"+21.559","5332936","66","6","1:14.183","211.633",2018,7,"Canadian Grand Prix",2018-06-10,"18:10:00","hamilton","44","HAM","Lewis","Hamilton",1985-01-07,"British","mercedes","Mercedes","German","Finished","villeneuve","Circuit Gilles Villeneuve","Montreal","Canada",45.5,-73.5228,"13"
7,1,9,20,847,20921,1,1,"2","2",2,18,70,"+2.709","14682246","69","2","1:17.217","203.317",2011,7,"Canadian Grand Prix",2011-06-12,"17:00:00","vettel","5","VET","Sebastian","Vettel",1987-07-03,"German","red_bull","Red Bull","Austrian","Finished","villeneuve","Circuit Gilles Villeneuve","Montreal","Canada",45.5,-73.5228,"13"
7,1,9,830,1016,24330,33,9,"5","5",5,10,70,"+57.655","5404739","67","3","1:14.767","209.980",2019,7,"Canadian Grand Prix",2019-06-09,"18:10:00","max_verstappen","33","VER","Max","Verstappen",1997-09-30,"Dutch","red_bull","Red Bull","Austrian","Finished","villeneuve","Circuit Gilles Villeneuve","Montreal","Canada",45.5,-73.5228,"13"
7,79,5,826,906,22277,26,15,"\N","R",16,0,47,"\N","\N","43","15","1:19.978","196.298",2014,7,"Canadian Grand Prix",2014-06-08,"18:00:00","kvyat","26","KVY","Daniil","Kvyat",1994-04-26,"Russian","toro_rosso","Toro Rosso","Italian","Drivetrain","villeneuve","Circuit Gilles Villeneuve","Montreal","Canada",45.5,-73.5228,"13"
7,4,206,820,906,22282,4,18,"\N","R",21,0,0,"\N","\N","\N","0","\N","\N",2014,7,"Canadian Grand Prix",2014-06-08,"18:00:00","chilton","4","CHI","Max","Chilton",1991-04-21,"British","marussia","Marussia","Russian","Collision","villeneuve","Circuit Gilles Villeneuve","Montreal","Canada",45.5,-73.5228,"13"
7,10,9,830,975,23516,33,5,"\N","R",18,0,10,"\N","\N","9","18","1:17.187","203.396",2017,7,"Canadian Grand Prix",2017-06-11,"18:00:00","max_verstappen","33","VER","Max","Verstappen",1997-09-30,"Dutch","red_bull","Red Bull","Austrian","Electrical","villeneuve","Circuit Gilles Villeneuve","Montreal","Canada",45.5,-73.5228,"13"
7,12,15,828,995,23916,9,19,"15","15",15,0,66,"\N","\N","62","18","1:16.403","205.484",2018,7,"Canadian Grand Prix",2018-06-10,"18:10:00","ericsson","9","ERI","Marcus","Ericsson",1990-09-02,"Swedish","sauber","Sauber","Swiss","+2 Laps","villeneuve","Circuit Gilles Villeneuve","Montreal","Canada",45.5,-73.5228,"13"
7,1,1,825,906,22270,20,12,"9","9",9,2,70,"+29.254","5982084","56","6","1:18.819","199.185",2014,7,"Canadian Grand Prix",2014-06-08,"18:00:00","kevin_magnussen","20","MAG","Kevin","Magnussen",1992-10-05,"Danish","mclaren","McLaren","British","Finished","villeneuve","Circuit Gilles Villeneuve","Montreal","Canada",45.5,-73.5228,"13"
7,1,15,155,866,21384,14,11,"9","9",9,2,70,"+24.432","5574018","61","12","1:17.464","202.669",2012,7,"Canadian Grand Prix",2012-06-10,"18:00:00","kobayashi","10","KOB","Kamui","Kobayashi",1986-09-13,"Japanese","sauber","Sauber","Swiss","Finished","villeneuve","Circuit Gilles Villeneuve","Montreal","Canada",45.5,-73.5228,"13"
7,11,4,807,995,23908,27,7,"7","7",7,6,67,"\N","\N","64","11","1:15.588","207.699",2018,7,"Canadian Grand Prix",2018-06-10,"18:10:00","hulkenberg","27","HUL","Nico","Hülkenberg",1987-08-19,"German","renault","Renault","French","+1 Lap","villeneuve","Circuit Gilles Villeneuve","Montreal","Canada",45.5,-73.5228,"13"
7,11,10,815,932,22666,11,10,"11","11",11,0,69,"\N","\N","49","14","1:18.889","199.008",2015,7,"Canadian Grand Prix",2015-06-07,"18:00:00","perez","11","PER","Sergio","Pérez",1990-01-26,"Mexican","force_india","Force India","Indian","+1 Lap","villeneuve","Circuit Gilles Villeneuve","Montreal","Canada",45.5,-73.5228,"13"
7,4,207,823,886,21865,21,21,"\N","R",22,0,43,"\N","\N","42","22","1:21.811","191.900",2013,7,"Canadian Grand Prix",2013-06-09,"18:00:00","garde","\N","VDG","Giedo","van der Garde",1985-04-25,"Dutch","caterham","Caterham","Malaysian","Collision","villeneuve","Circuit Gilles Villeneuve","Montreal","Canada",45.5,-73.5228,"13"
7,1,6,20,975,23502,5,2,"4","4",4,12,70,"+35.907","5621061","70","2","1:14.719","210.115",2017,7,"Canadian Grand Prix",2017-06-11,"18:00:00","vettel","5","VET","Sebastian","Vettel",1987-07-03,"German","ferrari","Ferrari","Italian","Finished","villeneuve","Circuit Gilles Villeneuve","Montreal","Canada",45.5,-73.5228,"13"
7,12,3,845,995,23918,35,18,"17","17",17,0,66,"\N","\N","53","16","1:15.924","206.780",2018,7,"Canadian Grand Prix",2018-06-10,"18:10:00","sirotkin","35","SIR","Sergey","Sirotkin",1995-08-27,"Russian","williams","Williams","British","+2 Laps","villeneuve","Circuit Gilles Villeneuve","Montreal","Canada",45.5,-73.5228,"13"
7,1,10,814,866,21386,11,8,"11","11",11,0,70,"+37.693","5587279","63","10","1:17.219","203.312",2012,7,"Canadian Grand Prix",2012-06-10,"18:00:00","resta","\N","DIR","Paul","di Resta",1986-04-16,"British","force_india","Force India","Indian","Finished","villeneuve","Circuit Gilles Villeneuve","Montreal","Canada",45.5,-73.5228,"13"
7,65,131,30,866,21397,7,9,"\N","R",22,0,43,"\N","\N","37","20","1:18.433","200.165",2012,7,"Canadian Grand Prix",2012-06-10,"18:00:00","michael_schumacher","\N","MSC","Michael","Schumacher",1969-01-03,"German","mercedes","Mercedes","German","Rear wing","villeneuve","Circuit Gilles Villeneuve","Montreal","Canada",45.5,-73.5228,"13"
7,11,211,815,1016,24337,11,15,"12","12",12,0,69,"\N","\N","61","13","1:16.314","205.723",2019,7,"Canadian Grand Prix",2019-06-09,"18:10:00","perez","11","PER","Sergio","Pérez",1990-01-26,"Mexican","racing_point","Racing Point","British","+1 Lap","villeneuve","Circuit Gilles Villeneuve","Montreal","Canada",45.5,-73.5228,"13"
7,11,10,839,995,23910,31,8,"9","9",9,2,67,"\N","\N","61","12","1:15.610","207.639",2018,7,"Canadian Grand Prix",2018-06-10,"18:10:00","ocon","31","OCO","Esteban","Ocon",1996-09-17,"French","force_india","Force India","Indian","+1 Lap","villeneuve","Circuit Gilles Villeneuve","Montreal","Canada",45.5,-73.5228,"13"
7,1,3,822,954,23051,77,7,"3","3",3,15,70,"+46.422","5511718","68","10","1:16.938","204.055",2016,7,"Canadian Grand Prix",2016-06-12,"18:00:00","bottas","77","BOT","Valtteri","Bottas",1989-08-28,"Finnish","williams","Williams","British","Finished","villeneuve","Circuit Gilles Villeneuve","Montreal","Canada",45.5,-73.5228,"13"
7,11,10,807,932,22663,27,7,"8","8",8,4,69,"\N","\N","66","9","1:18.238","200.664",2015,7,"Canadian Grand Prix",2015-06-07,"18:00:00","hulkenberg","27","HUL","Nico","Hülkenberg",1987-08-19,"German","force_india","Force India","Indian","+1 Lap","villeneuve","Circuit Gilles Villeneuve","Montreal","Canada",45.5,-73.5228,"13"
7,1,131,822,975,23500,77,3,"2","2",2,18,70,"+19.783","5604937","65","5","1:15.894","206.862",2017,7,"Canadian Grand Prix",2017-06-11,"18:00:00","bottas","77","BOT","Valtteri","Bottas",1989-08-28,"Finnish","mercedes","Mercedes","German","Finished","villeneuve","Circuit Gilles Villeneuve","Montreal","Canada",45.5,-73.5228,"13"
7,1,131,1,954,23049,44,1,"1","1",1,25,70,"1:31:05.296","5465296","68","2","1:15.981","206.625",2016,7,"Canadian Grand Prix",2016-06-12,"18:00:00","hamilton","44","HAM","Lewis","Hamilton",1985-01-07,"British","mercedes","Mercedes","German","Finished","villeneuve","Circuit Gilles Villeneuve","Montreal","Canada",45.5,-73.5228,"13"
7,1,10,815,975,23503,11,8,"5","5",5,10,70,"+40.476","5625630","62","11","1:16.367","205.580",2017,7,"Canadian Grand Prix",2017-06-11,"18:00:00","perez","11","PER","Sergio","Pérez",1990-01-26,"Mexican","force_india","Force India","Indian","Finished","villeneuve","Circuit Gilles Villeneuve","Montreal","Canada",45.5,-73.5228,"13"
7,7,205,5,847,20942,20,19,"\N","R",23,0,28,"\N","\N","16","24","1:38.460","159.451",2011,7,"Canadian Grand Prix",2011-06-12,"17:00:00","kovalainen","\N","KOV","Heikki","Kovalainen",1981-10-19,"Finnish","lotus_racing","Lotus","Malaysian","Transmission","villeneuve","Circuit Gilles Villeneuve","Montreal","Canada",45.5,-73.5228,"13"
7,1,131,822,1016,24329,77,6,"4","4",4,13,70,"+51.043","5398127","69","1","1:13.078","214.833",2019,7,"Canadian Grand Prix",2019-06-09,"18:10:00","bottas","77","BOT","Valtteri","Bottas",1989-08-28,"Finnish","mercedes","Mercedes","German","Finished","villeneuve","Circuit Gilles Villeneuve","Montreal","Canada",45.5,-73.5228,"13"
7,131,1,18,954,23070,22,12,"\N","R",22,0,9,"\N","\N","5","21","1:19.456","197.588",2016,7,"Canadian Grand Prix",2016-06-12,"18:00:00","button","22","BUT","Jenson","Button",1980-01-19,"British","mclaren","McLaren","British","Power Unit","villeneuve","Circuit Gilles Villeneuve","Montreal","Canada",45.5,-73.5228,"13"
7,1,131,3,932,22657,6,2,"2","2",2,18,70,"+2.285","5515430","63","5","1:17.637","202.218",2015,7,"Canadian Grand Prix",2015-06-07,"18:00:00","rosberg","6","ROS","Nico","Rosberg",1985-06-27,"German","mercedes","Mercedes","German","Finished","villeneuve","Circuit Gilles Villeneuve","Montreal","Canada",45.5,-73.5228,"13"
7,4,3,13,975,23517,19,7,"\N","R",19,0,0,"\N","\N","\N","0","\N","\N",2017,7,"Canadian Grand Prix",2017-06-11,"18:00:00","massa","19","MAS","Felipe","Massa",1981-04-25,"Brazilian","williams","Williams","British","Collision","villeneuve","Circuit Gilles Villeneuve","Montreal","Canada",45.5,-73.5228,"13"
7,11,210,154,1016,24339,8,14,"14","14",14,0,69,"\N","\N","60","12","1:16.245","205.909",2019,7,"Canadian Grand Prix",2019-06-09,"18:10:00","grosjean","8","GRO","Romain","Grosjean",1986-04-17,"French","haas","Haas F1 Team","American","+1 Lap","villeneuve","Circuit Gilles Villeneuve","Montreal","Canada",45.5,-73.5228,"13"
7,12,3,847,1016,24341,63,18,"16","16",16,0,68,"\N","\N","58","17","1:17.241","203.254",2019,7,"Canadian Grand Prix",2019-06-09,"18:10:00","russell","63","RUS","George","Russell",1998-02-15,"British","williams","Williams","British","+2 Laps","villeneuve","Circuit Gilles Villeneuve","Montreal","Canada",45.5,-73.5228,"13"
7,12,209,836,954,23065,94,17,"17","17",17,0,68,"\N","\N","48","19","1:18.282","200.551",2016,7,"Canadian Grand Prix",2016-06-12,"18:00:00","wehrlein","94","WEH","Pascal","Wehrlein",1994-10-18,"German","manor","Manor Marussia","British","+2 Laps","villeneuve","Circuit Gilles Villeneuve","Montreal","Canada",45.5,-73.5228,"13"
7,4,206,824,906,22283,17,19,"\N","R",22,0,0,"\N","\N","\N","0","\N","\N",2014,7,"Canadian Grand Prix",2014-06-08,"18:00:00","jules_bianchi","17","BIA","Jules","Bianchi",1989-08-03,"French","marussia","Marussia","Russian","Collision","villeneuve","Circuit Gilles Villeneuve","Montreal","Canada",45.5,-73.5228,"13"
7,1,131,822,995,23903,77,2,"2","2",2,18,68,"+7.376","5318753","51","3","1:13.992","212.179",2018,7,"Canadian Grand Prix",2018-06-10,"18:10:00","bottas","77","BOT","Valtteri","Bottas",1989-08-28,"Finnish","mercedes","Mercedes","German","Finished","villeneuve","Circuit Gilles Villeneuve","Montreal","Canada",45.5,-73.5228,"13"
7,11,1,815,886,21854,6,12,"11","11",11,0,69,"\N","\N","69","7","1:17.369","202.918",2013,7,"Canadian Grand Prix",2013-06-09,"18:00:00","perez","11","PER","Sergio","Pérez",1990-01-26,"Mexican","mclaren","McLaren","British","+1 Lap","villeneuve","Circuit Gilles Villeneuve","Montreal","Canada",45.5,-73.5228,"13"
7,1,1,1,866,21376,4,2,"1","1",1,25,70,"1:32:29.586","5549586","59","6","1:17.020","203.837",2012,7,"Canadian Grand Prix",2012-06-10,"18:00:00","hamilton","44","HAM","Lewis","Hamilton",1985-01-07,"British","mclaren","McLaren","British","Finished","villeneuve","Circuit Gilles Villeneuve","Montreal","Canada",45.5,-73.5228,"13"
7,4,3,13,906,22273,19,5,"12","12",12,0,69,"\N","\N","58","1","1:18.504","199.984",2014,7,"Canadian Grand Prix",2014-06-08,"18:00:00","massa","19","MAS","Felipe","Massa",1981-04-25,"Brazilian","williams","Williams","British","Collision","villeneuve","Circuit Gilles Villeneuve","Montreal","Canada",45.5,-73.5228,"13"
7,12,209,837,954,23067,88,19,"19","19",19,0,68,"\N","\N","57","20","1:18.658","199.593",2016,7,"Canadian Grand Prix",2016-06-12,"18:00:00","haryanto","88","HAR","Rio","Haryanto",1993-01-22,"Indonesian","manor","Manor Marussia","British","+2 Laps","villeneuve","Circuit Gilles Villeneuve","Montreal","Canada",45.5,-73.5228,"13"
7,31,4,835,954,23069,30,16,"\N","R",21,0,16,"\N","\N","6","22","1:19.879","196.542",2016,7,"Canadian Grand Prix",2016-06-12,"18:00:00","jolyon_palmer","30","PAL","Jolyon","Palmer",1991-01-20,"British","renault","Renault","French","Retired","villeneuve","Circuit Gilles Villeneuve","Montreal","Canada",45.5,-73.5228,"13"
7,13,206,819,866,21395,25,23,"20","20",20,0,69,"\N","\N","63","21","1:20.632","194.706",2012,7,"Canadian Grand Prix",2012-06-10,"18:00:00","pic","\N","PIC","Charles","Pic",1990-02-15,"French","marussia","Marussia","Russian","+3 Laps","villeneuve","Circuit Gilles Villeneuve","Montreal","Canada",45.5,-73.5228,"13"
7,11,1,18,886,21855,5,14,"12","12",12,0,69,"\N","\N","68","8","1:17.458","202.685",2013,7,"Canadian Grand Prix",2013-06-09,"18:00:00","button","22","BUT","Jenson","Button",1980-01-19,"British","mclaren","McLaren","British","+1 Lap","villeneuve","Circuit Gilles Villeneuve","Montreal","Canada",45.5,-73.5228,"13"
7,22,206,10,866,21396,24,21,"21","21",21,0,56,"\N","\N","47","22","1:21.032","193.745",2012,7,"Canadian Grand Prix",2012-06-10,"18:00:00","glock","\N","GLO","Timo","Glock",1982-03-18,"German","marussia","Marussia","Russian","Suspension","villeneuve","Circuit Gilles Villeneuve","Montreal","Canada",45.5,-73.5228,"13"
7,1,6,8,975,23505,7,4,"7","7",7,6,70,"+58.632","5643786","59","3","1:15.388","208.250",2017,7,"Canadian Grand Prix",2017-06-11,"18:00:00","raikkonen","7","RAI","Kimi","Räikkönen",1979-10-17,"Finnish","ferrari","Ferrari","Italian","Finished","villeneuve","Circuit Gilles Villeneuve","Montreal","Canada",45.5,-73.5228,"13"
7,1,131,3,847,20930,8,6,"11","11",11,0,70,"+50.454","14729991","69","9","1:20.071","196.070",2011,7,"Canadian Grand Prix",2011-06-12,"17:00:00","rosberg","6","ROS","Nico","Rosberg",1985-06-27,"German","mercedes","Mercedes","German","Finished","villeneuve","Circuit Gilles Villeneuve","Montreal","Canada",45.5,-73.5228,"13"
7,11,9,842,1016,24333,10,5,"8","8",8,4,69,"\N","\N","51","10","1:16.157","206.147",2019,7,"Canadian Grand Prix",2019-06-09,"18:10:00","gasly","10","GAS","Pierre","Gasly",1996-02-07,"French","red_bull","Red Bull","Austrian","+1 Lap","villeneuve","Circuit Gilles Villeneuve","Montreal","Canada",45.5,-73.5228,"13"
7,1,131,3,906,22263,6,1,"2","2",2,18,70,"+4.236","5957066","33","7","1:18.881","199.028",2014,7,"Canadian Grand Prix",2014-06-08,"18:00:00","rosberg","6","ROS","Nico","Rosberg",1985-06-27,"German","mercedes","Mercedes","German","Finished","villeneuve","Circuit Gilles Villeneuve","Montreal","Canada",45.5,-73.5228,"13"
7,11,210,154,995,23913,8,20,"12","12",12,0,67,"\N","\N","56","9","1:15.470","208.024",2018,7,"Canadian Grand Prix",2018-06-10,"18:10:00","grosjean","8","GRO","Romain","Grosjean",1986-04-17,"French","haas","Haas F1 Team","American","+1 Lap","villeneuve","Circuit Gilles Villeneuve","Montreal","Canada",45.5,-73.5228,"13"
7,1,131,1,932,22656,44,1,"1","1",1,25,70,"1:31:53.145","5513145","64","3","1:17.472","202.648",2015,7,"Canadian Grand Prix",2015-06-07,"18:00:00","hamilton","44","HAM","Lewis","Hamilton",1985-01-07,"British","mercedes","Mercedes","German","Finished","villeneuve","Circuit Gilles Villeneuve","Montreal","Canada",45.5,-73.5228,"13"
7,1,5,67,847,20929,18,15,"10","10",10,1,70,"+47.056","14726593","69","7","1:19.507","197.461",2011,7,"Canadian Grand Prix",2011-06-12,"17:00:00","buemi","\N","BUE","Sébastien","Buemi",1988-10-31,"Swiss","toro_rosso","Toro Rosso","Italian","Finished","villeneuve","Circuit Gilles Villeneuve","Montreal","Canada",45.5,-73.5228,"13"
7,1,131,3,954,23053,6,2,"5","5",5,10,70,"+1:02.093","5527389","60","1","1:15.599","207.669",2016,7,"Canadian Grand Prix",2016-06-12,"18:00:00","rosberg","6","ROS","Nico","Rosberg",1985-06-27,"German","mercedes","Mercedes","German","Finished","villeneuve","Circuit Gilles Villeneuve","Montreal","Canada",45.5,-73.5228,"13"
7,31,1,18,932,22674,22,20,"\N","R",19,0,54,"\N","\N","49","13","1:18.856","199.092",2015,7,"Canadian Grand Prix",2015-06-07,"18:00:00","button","22","BUT","Jenson","Button",1980-01-19,"British","mclaren","McLaren","British","Retired","villeneuve","Circuit Gilles Villeneuve","Montreal","Canada",45.5,-73.5228,"13"
7,11,51,8,1016,24340,7,16,"15","15",15,0,69,"\N","\N","60","6","1:15.442","208.101",2019,7,"Canadian Grand Prix",2019-06-09,"18:10:00","raikkonen","7","RAI","Kimi","Räikkönen",1979-10-17,"Finnish","alfa","Alfa Romeo","Swiss","+1 Lap","villeneuve","Circuit Gilles Villeneuve","Montreal","Canada",45.5,-73.5228,"13"
7,11,9,817,932,22668,3,9,"13","13",13,0,69,"\N","\N","67","16","1:19.060","198.578",2015,7,"Canadian Grand Prix",2015-06-07,"18:00:00","ricciardo","3","RIC","Daniel","Ricciardo",1989-07-01,"Australian","red_bull","Red Bull","Austrian","+1 Lap","villeneuve","Circuit Gilles Villeneuve","Montreal","Canada",45.5,-73.5228,"13"
7,4,3,840,995,23921,18,17,"\N","R",20,0,0,"\N","\N","\N","0","\N","\N",2018,7,"Canadian Grand Prix",2018-06-10,"18:10:00","stroll","18","STR","Lance","Stroll",1998-10-29,"Canadian","williams","Williams","British","Collision","villeneuve","Circuit Gilles Villeneuve","Montreal","Canada",45.5,-73.5228,"13"
7,1,3,822,906,22268,77,4,"7","7",7,6,70,"+23.578","5976408","52","11","1:19.321","197.924",2014,7,"Canadian Grand Prix",2014-06-08,"18:00:00","bottas","77","BOT","Valtteri","Bottas",1989-08-28,"Finnish","williams","Williams","British","Finished","villeneuve","Circuit Gilles Villeneuve","Montreal","Canada",45.5,-73.5228,"13"
7,12,4,825,954,23064,20,22,"16","16",16,0,68,"\N","\N","42","18","1:18.224","200.700",2016,7,"Canadian Grand Prix",2016-06-12,"18:00:00","kevin_magnussen","20","MAG","Kevin","Magnussen",1992-10-05,"Danish","renault","Renault","French","+2 Laps","villeneuve","Circuit Gilles Villeneuve","Montreal","Canada",45.5,-73.5228,"13"
7,12,15,836,975,23513,94,20,"15","15",15,0,68,"\N","\N","66","17","1:17.091","203.650",2017,7,"Canadian Grand Prix",2017-06-11,"18:00:00","wehrlein","94","WEH","Pascal","Wehrlein",1994-10-18,"German","sauber","Sauber","Swiss","+2 Laps","villeneuve","Circuit Gilles Villeneuve","Montreal","Canada",45.5,-73.5228,"13"
7,12,3,813,886,21859,16,13,"16","16",16,0,68,"\N","\N","68","15","1:18.105","201.006",2013,7,"Canadian Grand Prix",2013-06-09,"18:00:00","maldonado","13","MAL","Pastor","Maldonado",1985-03-09,"Venezuelan","williams","Williams","British","+2 Laps","villeneuve","Circuit Gilles Villeneuve","Montreal","Canada",45.5,-73.5228,"13"
7,4,15,807,886,21864,11,9,"\N","R",21,0,45,"\N","\N","40","18","1:19.056","198.588",2013,7,"Canadian Grand Prix",2013-06-09,"18:00:00","hulkenberg","27","HUL","Nico","Hülkenberg",1987-08-19,"German","sauber","Sauber","Swiss","Collision","villeneuve","Circuit Gilles Villeneuve","Montreal","Canada",45.5,-73.5228,"13"
7,11,4,835,975,23509,30,15,"11","11",11,0,69,"\N","\N","64","12","1:16.704","204.677",2017,7,"Canadian Grand Prix",2017-06-11,"18:00:00","jolyon_palmer","30","PAL","Jolyon","Palmer",1991-01-20,"British","renault","Renault","French","+1 Lap","villeneuve","Circuit Gilles Villeneuve","Montreal","Canada",45.5,-73.5228,"13"
7,1,6,4,866,21380,5,3,"5","5",5,10,70,"+13.411","5562997","42","15","1:17.820","201.742",2012,7,"Canadian Grand Prix",2012-06-10,"18:00:00","alonso","14","ALO","Fernando","Alonso",1981-07-29,"Spanish","ferrari","Ferrari","Italian","Finished","villeneuve","Circuit Gilles Villeneuve","Montreal","Canada",45.5,-73.5228,"13"
7,1,9,817,906,22262,3,6,"1","1",1,25,70,"1:39:12.830","5952830","68","4","1:18.640","199.638",2014,7,"Canadian Grand Prix",2014-06-08,"18:00:00","ricciardo","3","RIC","Daniel","Ricciardo",1989-07-01,"Australian","red_bull","Red Bull","Austrian","Finished","villeneuve","Circuit Gilles Villeneuve","Montreal","Canada",45.5,-73.5228,"13"
7,1,131,30,847,20923,7,8,"4","4",4,12,70,"+14.219","14693756","70","4","1:19.138","198.382",2011,7,"Canadian Grand Prix",2011-06-12,"17:00:00","michael_schumacher","\N","MSC","Michael","Schumacher",1969-01-03,"German","mercedes","Mercedes","German","Finished","villeneuve","Circuit Gilles Villeneuve","Montreal","Canada",45.5,-73.5228,"13"
7,1,131,1,1016,24326,44,2,"1","1",1,25,70,"1:29:07.084","5347084","62","4","1:14.813","209.851",2019,7,"Canadian Grand Prix",2019-06-09,"18:10:00","hamilton","44","HAM","Lewis","Hamilton",1985-01-07,"British","mercedes","Mercedes","German","Finished","villeneuve","Circuit Gilles Villeneuve","Montreal","Canada",45.5,-73.5228,"13"
7,1,208,154,866,21377,10,7,"2","2",2,18,70,"+2.513","5552099","57","11","1:17.264","203.194",2012,7,"Canadian Grand Prix",2012-06-10,"18:00:00","grosjean","8","GRO","Romain","Grosjean",1986-04-17,"French","lotus_f1","Lotus F1","British","Finished","villeneuve","Circuit Gilles Villeneuve","Montreal","Canada",45.5,-73.5228,"13"
7,11,208,8,886,21852,7,10,"9","9",9,2,69,"\N","\N","61","11","1:17.766","201.882",2013,7,"Canadian Grand Prix",2013-06-09,"18:00:00","raikkonen","7","RAI","Kimi","Räikkönen",1979-10-17,"Finnish","lotus_f1","Lotus F1","British","+1 Lap","villeneuve","Circuit Gilles Villeneuve","Montreal","Canada",45.5,-73.5228,"13"
7,11,10,814,886,21850,14,17,"7","7",7,6,69,"\N","\N","63","12","1:17.841","201.688",2013,7,"Canadian Grand Prix",2013-06-09,"18:00:00","resta","\N","DIR","Paul","di Resta",1986-04-16,"British","force_india","Force India","Indian","+1 Lap","villeneuve","Circuit Gilles Villeneuve","Montreal","Canada",45.5,-73.5228,"13"
7,1,10,807,906,22266,27,11,"5","5",5,10,70,"+12.843","5965673","64","8","1:18.936","198.890",2014,7,"Canadian Grand Prix",2014-06-08,"18:00:00","hulkenberg","27","HUL","Nico","Hülkenberg",1987-08-19,"German","force_india","Force India","Indian","Finished","villeneuve","Circuit Gilles Villeneuve","Montreal","Canada",45.5,-73.5228,"13"
7,5,1,4,932,22675,14,13,"\N","R",20,0,44,"\N","\N","41","18","1:19.580","197.280",2015,7,"Canadian Grand Prix",2015-06-07,"18:00:00","alonso","14","ALO","Fernando","Alonso",1981-07-29,"Spanish","mclaren","McLaren","British","Engine","villeneuve","Circuit Gilles Villeneuve","Montreal","Canada",45.5,-73.5228,"13"
7,31,3,813,847,20938,12,12,"\N","R",19,0,61,"\N","\N","53","18","1:24.265","186.312",2011,7,"Canadian Grand Prix",2011-06-12,"17:00:00","maldonado","13","MAL","Pastor","Maldonado",1985-03-09,"Venezuelan","williams","Williams","British","Retired","villeneuve","Circuit Gilles Villeneuve","Montreal","Canada",45.5,-73.5228,"13"
7,43,1,4,995,23919,14,14,"\N","R",18,0,40,"\N","\N","33","17","1:16.180","206.085",2018,7,"Canadian Grand Prix",2018-06-10,"18:10:00","alonso","14","ALO","Fernando","Alonso",1981-07-29,"Spanish","mclaren","McLaren","British","Exhaust","villeneuve","Circuit Gilles Villeneuve","Montreal","Canada",45.5,-73.5228,"13"
7,132,15,821,906,22275,21,22,"14","14",14,0,64,"\N","\N","51","16","1:20.112","195.970",2014,7,"Canadian Grand Prix",2014-06-08,"18:00:00","gutierrez","21","GUT","Esteban","Gutiérrez",1991-08-05,"Mexican","sauber","Sauber","Swiss","ERS","villeneuve","Circuit Gilles Villeneuve","Montreal","Canada",45.5,-73.5228,"13"
7,1,6,20,954,23050,5,3,"2","2",2,18,70,"+5.011","5470307","70","3","1:16.297","205.769",2016,7,"Canadian Grand Prix",2016-06-12,"18:00:00","vettel","5","VET","Sebastian","Vettel",1987-07-03,"German","ferrari","Ferrari","Italian","Finished","villeneuve","Circuit Gilles Villeneuve","Montreal","Canada",45.5,-73.5228,"13"
7,1,131,1,975,23499,44,1,"1","1",1,25,70,"1:33:05.154","5585154","64","1","1:14.551","210.588",2017,7,"Canadian Grand Prix",2017-06-11,"18:00:00","hamilton","44","HAM","Lewis","Hamilton",1985-01-07,"British","mercedes","Mercedes","German","Finished","villeneuve","Circuit Gilles Villeneuve","Montreal","Canada",45.5,-73.5228,"13"
7,11,10,807,954,23056,27,9,"8","8",8,4,69,"\N","\N","68","8","1:16.604","204.944",2016,7,"Canadian Grand Prix",2016-06-12,"18:00:00","hulkenberg","27","HUL","Nico","Hülkenberg",1987-08-19,"German","force_india","Force India","Indian","+1 Lap","villeneuve","Circuit Gilles Villeneuve","Montreal","Canada",45.5,-73.5228,"13"
7,12,210,825,1016,24342,20,0,"17","17",17,0,68,"\N","\N","41","19","1:17.309","203.075",2019,7,"Canadian Grand Prix",2019-06-09,"18:10:00","kevin_magnussen","20","MAG","Kevin","Magnussen",1992-10-05,"Danish","haas","Haas F1 Team","American","+2 Laps","villeneuve","Circuit Gilles Villeneuve","Montreal","Canada",45.5,-73.5228,"13"
7,12,15,828,954,23063,9,21,"15","15",15,0,68,"\N","\N","63","17","1:18.100","201.019",2016,7,"Canadian Grand Prix",2016-06-12,"18:00:00","ericsson","9","ERI","Marcus","Ericsson",1990-09-02,"Swedish","sauber","Sauber","Swiss","+2 Laps","villeneuve","Circuit Gilles Villeneuve","Montreal","Canada",45.5,-73.5228,"13"
7,11,1,832,1016,24336,55,11,"11","11",11,0,69,"\N","\N","37","15","1:16.471","205.301",2019,7,"Canadian Grand Prix",2019-06-09,"18:10:00","sainz","55","SAI","Carlos","Sainz",1994-09-01,"Spanish","mclaren","McLaren","British","+1 Lap","villeneuve","Circuit Gilles Villeneuve","Montreal","Canada",45.5,-73.5228,"13"
7,11,5,826,954,23060,26,15,"12","12",12,0,69,"\N","\N","50","11","1:16.942","204.044",2016,7,"Canadian Grand Prix",2016-06-12,"18:00:00","kvyat","26","KVY","Daniil","Kvyat",1994-04-26,"Russian","toro_rosso","Toro Rosso","Italian","+1 Lap","villeneuve","Circuit Gilles Villeneuve","Montreal","Canada",45.5,-73.5228,"13"
7,1,10,807,866,21387,12,13,"12","12",12,0,70,"+46.236","5595822","62","9","1:17.202","203.357",2012,7,"Canadian Grand Prix",2012-06-10,"18:00:00","hulkenberg","27","HUL","Nico","Hülkenberg",1987-08-19,"German","force_india","Force India","Indian","Finished","villeneuve","Circuit Gilles Villeneuve","Montreal","Canada",45.5,-73.5228,"13"
7,101,207,828,906,22281,9,20,"\N","R",20,0,7,"\N","\N","7","20","1:51.041","141.385",2014,7,"Canadian Grand Prix",2014-06-08,"18:00:00","ericsson","9","ERI","Marcus","Ericsson",1990-09-02,"Swedish","caterham","Caterham","Malaysian","Turbo","villeneuve","Circuit Gilles Villeneuve","Montreal","Canada",45.5,-73.5228,"13"
7,1,6,8,932,22659,7,3,"4","4",4,12,70,"+45.625","5558770","42","1","1:16.987","203.925",2015,7,"Canadian Grand Prix",2015-06-07,"18:00:00","raikkonen","7","RAI","Kimi","Räikkönen",1979-10-17,"Finnish","ferrari","Ferrari","Italian","Finished","villeneuve","Circuit Gilles Villeneuve","Montreal","Canada",45.5,-73.5228,"13"
7,11,3,811,866,21392,19,16,"17","17",17,0,69,"\N","\N","67","14","1:17.817","201.750",2012,7,"Canadian Grand Prix",2012-06-10,"18:00:00","bruno_senna","\N","SEN","Bruno","Senna",1983-10-15,"Brazilian","williams","Williams","British","+1 Lap","villeneuve","Circuit Gilles Villeneuve","Montreal","Canada",45.5,-73.5228,"13"
7,11,15,16,906,22274,99,16,"13","13",13,0,69,"\N","\N","66","17","1:20.226","195.692",2014,7,"Canadian Grand Prix",2014-06-08,"18:00:00","sutil","99","SUT","Adrian","Sutil",1983-01-11,"German","sauber","Sauber","Swiss","+1 Lap","villeneuve","Circuit Gilles Villeneuve","Montreal","Canada",45.5,-73.5228,"13"
7,1,5,153,847,20927,19,24,"8","8",8,4,70,"+35.964","14715501","69","13","1:20.371","195.339",2011,7,"Canadian Grand Prix",2011-06-12,"17:00:00","alguersuari","\N","ALG","Jaime","Alguersuari",1990-03-23,"Spanish","toro_rosso","Toro Rosso","Italian","Finished","villeneuve","Circuit Gilles Villeneuve","Montreal","Canada",45.5,-73.5228,"13"
7,11,15,828,932,22669,9,12,"14","14",14,0,69,"\N","\N","58","15","1:18.890","199.006",2015,7,"Canadian Grand Prix",2015-06-07,"18:00:00","ericsson","9","ERI","Marcus","Ericsson",1990-09-02,"Swedish","sauber","Sauber","Swiss","+1 Lap","villeneuve","Circuit Gilles Villeneuve","Montreal","Canada",45.5,-73.5228,"13"
7,11,5,818,886,21849,18,7,"6","6",6,8,69,"\N","\N","61","13","1:17.909","201.512",2013,7,"Canadian Grand Prix",2013-06-09,"18:00:00","vergne","25","VER","Jean-Éric","Vergne",1990-04-25,"French","toro_rosso","Toro Rosso","Italian","+1 Lap","villeneuve","Circuit Gilles Villeneuve","Montreal","Canada",45.5,-73.5228,"13"
7,1,9,20,886,21844,1,1,"1","1",1,25,70,"1:32:09.143","5529143","55","5","1:16.561","205.060",2013,7,"Canadian Grand Prix",2013-06-09,"18:00:00","vettel","5","VET","Sebastian","Vettel",1987-07-03,"German","red_bull","Red Bull","Austrian","Finished","villeneuve","Circuit Gilles Villeneuve","Montreal","Canada",45.5,-73.5228,"13"
7,130,5,848,1016,24344,23,13,"\N","R",19,0,59,"\N","\N","47","16","1:17.151","203.491",2019,7,"Canadian Grand Prix",2019-06-09,"18:10:00","albon","23","ALB","Alexander","Albon",1996-03-23,"Thai","toro_rosso","Toro Rosso","Italian","Collision damage","villeneuve","Circuit Gilles Villeneuve","Montreal","Canada",45.5,-73.5228,"13"
7,11,4,817,1016,24331,3,4,"6","6",6,8,69,"\N","\N","55","9","1:16.075","206.370",2019,7,"Canadian Grand Prix",2019-06-09,"18:10:00","ricciardo","3","RIC","Daniel","Ricciardo",1989-07-01,"Australian","renault","Renault","French","+1 Lap","villeneuve","Circuit Gilles Villeneuve","Montreal","Canada",45.5,-73.5228,"13"
7,11,5,826,1016,24335,26,10,"10","10",10,1,69,"\N","\N","44","11","1:16.198","206.036",2019,7,"Canadian Grand Prix",2019-06-09,"18:10:00","kvyat","26","KVY","Daniil","Kvyat",1994-04-26,"Russian","toro_rosso","Toro Rosso","Italian","+1 Lap","villeneuve","Circuit Gilles Villeneuve","Montreal","Canada",45.5,-73.5228,"13"
7,11,10,815,954,23058,11,11,"10","10",10,1,69,"\N","\N","54","6","1:16.559","205.065",2016,7,"Canadian Grand Prix",2016-06-12,"18:00:00","perez","11","PER","Sergio","Pérez",1990-01-26,"Mexican","force_india","Force India","Indian","+1 Lap","villeneuve","Circuit Gilles Villeneuve","Montreal","Canada",45.5,-73.5228,"13"
7,1,208,813,932,22662,13,6,"7","7",7,6,70,"+1:06.664","5579809","51","10","1:18.385","200.288",2015,7,"Canadian Grand Prix",2015-06-07,"18:00:00","maldonado","13","MAL","Pastor","Maldonado",1985-03-09,"Venezuelan","lotus_f1","Lotus F1","British","Finished","villeneuve","Circuit Gilles Villeneuve","Montreal","Canada",45.5,-73.5228,"13"
7,11,10,16,886,21853,15,8,"10","10",10,1,69,"\N","\N","68","10","1:17.694","202.069",2013,7,"Canadian Grand Prix",2013-06-09,"18:00:00","sutil","99","SUT","Adrian","Sutil",1983-01-11,"German","force_india","Force India","Indian","+1 Lap","villeneuve","Circuit Gilles Villeneuve","Montreal","Canada",45.5,-73.5228,"13"
7,11,51,841,1016,24338,99,12,"13","13",13,0,69,"\N","\N","69","14","1:16.365","205.586",2019,7,"Canadian Grand Prix",2019-06-09,"18:10:00","giovinazzi","99","GIO","Antonio","Giovinazzi",1993-12-14,"Italian","alfa","Alfa Romeo","Swiss","+1 Lap","villeneuve","Circuit Gilles Villeneuve","Montreal","Canada",45.5,-73.5228,"13"
7,11,211,840,1016,24334,18,17,"9","9",9,2,69,"\N","\N","47","8","1:16.043","206.456",2019,7,"Canadian Grand Prix",2019-06-09,"18:10:00","stroll","18","STR","Lance","Stroll",1998-10-29,"Canadian","racing_point","Racing Point","British","+1 Lap","villeneuve","Circuit Gilles Villeneuve","Montreal","Canada",45.5,-73.5228,"13"
7,11,5,832,932,22667,55,11,"12","12",12,0,69,"\N","\N","61","12","1:18.811","199.205",2015,7,"Canadian Grand Prix",2015-06-07,"18:00:00","sainz","55","SAI","Carlos","Sainz",1994-09-01,"Spanish","toro_rosso","Toro Rosso","Italian","+1 Lap","villeneuve","Circuit Gilles Villeneuve","Montreal","Canada",45.5,-73.5228,"13"
7,131,208,813,906,22280,13,17,"\N","R",19,0,21,"\N","\N","21","18","1:21.514","192.600",2014,7,"Canadian Grand Prix",2014-06-08,"18:00:00","maldonado","13","MAL","Pastor","Maldonado",1985-03-09,"Venezuelan","lotus_f1","Lotus F1","British","Power Unit","villeneuve","Circuit Gilles Villeneuve","Montreal","Canada",45.5,-73.5228,"13"
7,3,10,16,847,20940,14,14,"\N","R",21,0,49,"\N","\N","47","21","1:30.171","174.109",2011,7,"Canadian Grand Prix",2011-06-12,"17:00:00","sutil","99","SUT","Adrian","Sutil",1983-01-11,"German","force_india","Force India","Indian","Accident","villeneuve","Circuit Gilles Villeneuve","Montreal","Canada",45.5,-73.5228,"13"
7,1,6,20,932,22660,5,18,"5","5",5,10,70,"+49.903","5563048","59","2","1:17.105","203.613",2015,7,"Canadian Grand Prix",2015-06-07,"18:00:00","vettel","5","VET","Sebastian","Vettel",1987-07-03,"German","ferrari","Ferrari","Italian","Finished","villeneuve","Circuit Gilles Villeneuve","Montreal","Canada",45.5,-73.5228,"13"
7,4,6,4,847,20941,5,2,"\N","R",22,0,36,"\N","\N","14","22","1:34.223","166.621",2011,7,"Canadian Grand Prix",2011-06-12,"17:00:00","alonso","14","ALO","Fernando","Alonso",1981-07-29,"Spanish","ferrari","Ferrari","Italian","Collision","villeneuve","Circuit Gilles Villeneuve","Montreal","Canada",45.5,-73.5228,"13"
7,11,3,822,886,21857,17,3,"14","14",14,0,69,"\N","\N","63","14","1:18.004","201.266",2013,7,"Canadian Grand Prix",2013-06-09,"18:00:00","bottas","77","BOT","Valtteri","Bottas",1989-08-28,"Finnish","williams","Williams","British","+1 Lap","villeneuve","Circuit Gilles Villeneuve","Montreal","Canada",45.5,-73.5228,"13"
7,11,210,154,975,23508,8,14,"10","10",10,1,69,"\N","\N","58","15","1:16.949","204.026",2017,7,"Canadian Grand Prix",2017-06-11,"18:00:00","grosjean","8","GRO","Romain","Grosjean",1986-04-17,"French","haas","Haas F1 Team","American","+1 Lap","villeneuve","Circuit Gilles Villeneuve","Montreal","Canada",45.5,-73.5228,"13"
7,1,9,17,886,21847,2,5,"4","4",4,12,70,"+25.731","5554874","69","1","1:16.182","206.080",2013,7,"Canadian Grand Prix",2013-06-09,"18:00:00","webber","\N","WEB","Mark","Webber",1976-08-27,"Australian","red_bull","Red Bull","Austrian","Finished","villeneuve","Circuit Gilles Villeneuve","Montreal","Canada",45.5,-73.5228,"13"
7,12,1,838,995,23917,2,15,"16","16",16,0,66,"\N","\N","55","15","1:15.765","207.214",2018,7,"Canadian Grand Prix",2018-06-10,"18:10:00","vandoorne","2","VAN","Stoffel","Vandoorne",1992-03-26,"Belgian","mclaren","McLaren","British","+2 Laps","villeneuve","Circuit Gilles Villeneuve","Montreal","Canada",45.5,-73.5228,"13"
7,11,166,10,847,20935,24,21,"16","16",16,0,69,"\N","\N","68","19","1:24.590","185.596",2011,7,"Canadian Grand Prix",2011-06-12,"17:00:00","glock","\N","GLO","Timo","Glock",1982-03-18,"German","virgin","Virgin","British","+1 Lap","villeneuve","Circuit Gilles Villeneuve","Montreal","Canada",45.5,-73.5228,"13"
7,4,1,1,847,20943,3,5,"\N","R",24,0,7,"\N","\N","7","23","1:37.761","160.591",2011,7,"Canadian Grand Prix",2011-06-12,"17:00:00","hamilton","44","HAM","Lewis","Hamilton",1985-01-07,"British","mclaren","McLaren","British","Collision","villeneuve","Circuit Gilles Villeneuve","Montreal","Canada",45.5,-73.5228,"13"
7,1,6,4,886,21845,3,6,"2","2",2,18,70,"+14.408","5543551","69","2","1:16.203","206.023",2013,7,"Canadian Grand Prix",2013-06-09,"18:00:00","alonso","14","ALO","Fernando","Alonso",1981-07-29,"Spanish","ferrari","Ferrari","Italian","Finished","villeneuve","Circuit Gilles Villeneuve","Montreal","Canada",45.5,-73.5228,"13"
7,11,15,844,995,23911,16,13,"10","10",10,1,67,"\N","\N","65","10","1:15.480","207.996",2018,7,"Canadian Grand Prix",2018-06-10,"18:10:00","leclerc","16","LEC","Charles","Leclerc",1997-10-16,"Monegasque","sauber","Sauber","Swiss","+1 Lap","villeneuve","Circuit Gilles Villeneuve","Montreal","Canada",45.5,-73.5228,"13"
7,4,10,815,906,22272,11,13,"11","11",11,0,69,"\N","\N","63","13","1:19.491","197.501",2014,7,"Canadian Grand Prix",2014-06-08,"18:00:00","perez","11","PER","Sergio","Pérez",1990-01-26,"Mexican","force_india","Force India","Indian","Collision","villeneuve","Circuit Gilles Villeneuve","Montreal","Canada",45.5,-73.5228,"13"
7,1,9,817,995,23905,3,6,"4","4",4,12,68,"+20.892","5332269","59","5","1:14.159","211.701",2018,7,"Canadian Grand Prix",2018-06-10,"18:10:00","ricciardo","3","RIC","Daniel","Ricciardo",1989-07-01,"Australian","red_bull","Red Bull","Austrian","Finished","villeneuve","Circuit Gilles Villeneuve","Montreal","Canada",45.5,-73.5228,"13"
7,1,6,844,1016,24328,16,3,"3","3",3,15,70,"+4.696","5351780","63","2","1:14.356","211.140",2019,7,"Canadian Grand Prix",2019-06-09,"18:10:00","leclerc","16","LEC","Charles","Leclerc",1997-10-16,"Monegasque","ferrari","Ferrari","Italian","Finished","villeneuve","Circuit Gilles Villeneuve","Montreal","Canada",45.5,-73.5228,"13"
7,1,3,13,932,22661,19,15,"6","6",6,8,70,"+56.381","5569526","64","4","1:17.553","202.437",2015,7,"Canadian Grand Prix",2015-06-07,"18:00:00","massa","19","MAS","Felipe","Massa",1981-04-25,"Brazilian","williams","Williams","British","Finished","villeneuve","Circuit Gilles Villeneuve","Montreal","Canada",45.5,-73.5228,"13"
7,1,6,13,847,20925,6,3,"6","6",6,8,70,"+33.225","14712762","68","5","1:19.148","198.357",2011,7,"Canadian Grand Prix",2011-06-12,"17:00:00","massa","19","MAS","Felipe","Massa",1981-04-25,"Brazilian","ferrari","Ferrari","Italian","Finished","villeneuve","Circuit Gilles Villeneuve","Montreal","Canada",45.5,-73.5228,"13"
7,11,10,815,995,23915,11,10,"14","14",14,0,67,"\N","\N","64","7","1:15.100","209.049",2018,7,"Canadian Grand Prix",2018-06-10,"18:10:00","perez","11","PER","Sergio","Pérez",1990-01-26,"Mexican","force_india","Force India","Indian","+1 Lap","villeneuve","Circuit Gilles Villeneuve","Montreal","Canada",45.5,-73.5228,"13"
7,11,205,15,847,20936,21,18,"17","17",17,0,69,"\N","\N","67","14","1:22.233","190.916",2011,7,"Canadian Grand Prix",2011-06-12,"17:00:00","trulli","\N","TRU","Jarno","Trulli",1974-07-13,"Italian","lotus_racing","Lotus","Malaysian","+1 Lap","villeneuve","Circuit Gilles Villeneuve","Montreal","Canada",45.5,-73.5228,"13"
7,22,1,846,1016,24345,4,8,"\N","R",20,0,8,"\N","\N","4","20","1:18.023","201.217",2019,7,"Canadian Grand Prix",2019-06-09,"18:10:00","norris","4","NOR","Lando","Norris",1999-11-13,"British","mclaren","McLaren","British","Suspension","villeneuve","Circuit Gilles Villeneuve","Montreal","Canada",45.5,-73.5228,"13"
7,1,1,18,847,20920,4,7,"1","1",1,25,70,"4:04:39.537","14679537","69","1","1:16.956","204.007",2011,7,"Canadian Grand Prix",2011-06-12,"17:00:00","button","22","BUT","Jenson","Button",1980-01-19,"British","mclaren","McLaren","British","Finished","villeneuve","Circuit Gilles Villeneuve","Montreal","Canada",45.5,-73.5228,"13"
7,1,131,3,866,21381,8,5,"6","6",6,8,70,"+13.842","5563428","67","7","1:17.060","203.732",2012,7,"Canadian Grand Prix",2012-06-10,"18:00:00","rosberg","6","ROS","Nico","Rosberg",1985-06-27,"German","mercedes","Mercedes","German","Finished","villeneuve","Circuit Gilles Villeneuve","Montreal","Canada",45.5,-73.5228,"13"
7,1,9,817,975,23501,3,6,"3","3",3,15,70,"+35.297","5620451","67","8","1:16.165","206.126",2017,7,"Canadian Grand Prix",2017-06-11,"18:00:00","ricciardo","3","RIC","Daniel","Ricciardo",1989-07-01,"Australian","red_bull","Red Bull","Austrian","Finished","villeneuve","Circuit Gilles Villeneuve","Montreal","Canada",45.5,-73.5228,"13"
7,11,5,842,995,23912,10,16,"11","11",11,0,67,"\N","\N","67","14","1:15.699","207.395",2018,7,"Canadian Grand Prix",2018-06-10,"18:10:00","gasly","10","GAS","Pierre","Gasly",1996-02-07,"French","toro_rosso","Toro Rosso","Italian","+1 Lap","villeneuve","Circuit Gilles Villeneuve","Montreal","Canada",45.5,-73.5228,"13"
7,11,210,825,975,23510,20,18,"12","12",12,0,69,"\N","\N","65","10","1:16.341","205.650",2017,7,"Canadian Grand Prix",2017-06-11,"18:00:00","kevin_magnussen","20","MAG","Kevin","Magnussen",1992-10-05,"Danish","haas","Haas F1 Team","American","+1 Lap","villeneuve","Circuit Gilles Villeneuve","Montreal","Canada",45.5,-73.5228,"13"
7,1,9,817,954,23055,3,4,"7","7",7,6,70,"+1:03.634","5528930","51","5","1:16.506","205.207",2016,7,"Canadian Grand Prix",2016-06-12,"18:00:00","ricciardo","3","RIC","Daniel","Ricciardo",1989-07-01,"Australian","red_bull","Red Bull","Austrian","Finished","villeneuve","Circuit Gilles Villeneuve","Montreal","Canada",45.5,-73.5228,"13"
7,11,15,828,975,23511,9,19,"13","13",13,0,69,"\N","\N","50","16","1:16.995","203.904",2017,7,"Canadian Grand Prix",2017-06-11,"18:00:00","ericsson","9","ERI","Marcus","Ericsson",1990-09-02,"Swedish","sauber","Sauber","Swiss","+1 Lap","villeneuve","Circuit Gilles Villeneuve","Montreal","Canada",45.5,-73.5228,"13"
7,1,9,17,866,21382,2,4,"7","7",7,6,70,"+15.085","5564671","62","8","1:17.131","203.544",2012,7,"Canadian Grand Prix",2012-06-10,"18:00:00","webber","\N","WEB","Mark","Webber",1976-08-27,"Australian","red_bull","Red Bull","Austrian","Finished","villeneuve","Circuit Gilles Villeneuve","Montreal","Canada",45.5,-73.5228,"13"
7,23,131,1,906,22278,44,2,"\N","R",17,0,46,"\N","\N","24","9","1:18.942","198.875",2014,7,"Canadian Grand Prix",2014-06-08,"18:00:00","hamilton","44","HAM","Lewis","Hamilton",1985-01-07,"British","mercedes","Mercedes","German","Brakes","villeneuve","Circuit Gilles Villeneuve","Montreal","Canada",45.5,-73.5228,"13"
7,11,208,154,932,22665,8,5,"10","10",10,1,69,"\N","\N","51","7","1:17.969","201.356",2015,7,"Canadian Grand Prix",2015-06-07,"18:00:00","grosjean","8","GRO","Romain","Grosjean",1986-04-17,"French","lotus_f1","Lotus F1","British","+1 Lap","villeneuve","Circuit Gilles Villeneuve","Montreal","Canada",45.5,-73.5228,"13"
7,1,6,20,1016,24327,5,1,"2","2",2,18,70,"+3.658","5350742","57","5","1:14.875","209.677",2019,7,"Canadian Grand Prix",2019-06-09,"18:10:00","vettel","5","VET","Sebastian","Vettel",1987-07-03,"German","ferrari","Ferrari","Italian","Finished","villeneuve","Circuit Gilles Villeneuve","Montreal","Canada",45.5,-73.5228,"13"
7,11,4,807,1016,24332,27,7,"7","7",7,6,69,"\N","\N","57","7","1:15.995","206.587",2019,7,"Canadian Grand Prix",2019-06-09,"18:10:00","hulkenberg","27","HUL","Nico","Hülkenberg",1987-08-19,"German","renault","Renault","French","+1 Lap","villeneuve","Circuit Gilles Villeneuve","Montreal","Canada",45.5,-73.5228,"13"
9,1,3,840,998,23973,18,19,"12","12",12,0,52,"+38.106","5287890","48","15","1:33.869","225.927",2018,10,"British Grand Prix",2018-07-08,"13:10:00","stroll","18","STR","Lance","Stroll",1998-10-29,"Canadian","williams","Williams","British","Finished","silverstone","Silverstone Circuit","Silverstone","UK",52.0786,-1.01694,"153"
9,11,6,8,934,22703,7,5,"8","8",8,4,51,"\N","\N","31","4","1:37.493","217.529",2015,9,"British Grand Prix",2015-07-05,"12:00:00","raikkonen","7","RAI","Kimi","Räikkönen",1979-10-17,"Finnish","ferrari","Ferrari","Italian","+1 Lap","silverstone","Silverstone Circuit","Silverstone","UK",52.0786,-1.01694,"153"
9,20,209,836,957,23136,94,20,"\N","R",22,0,6,"\N","\N","4","22","2:48.804","125.634",2016,10,"British Grand Prix",2016-07-10,"12:00:00","wehrlein","94","WEH","Pascal","Wehrlein",1994-10-18,"German","manor","Manor Marussia","British","Spun off","silverstone","Silverstone Circuit","Silverstone","UK",52.0786,-1.01694,"153"
9,1,1,1,868,21431,4,8,"8","8",8,4,52,"+36.463","5147751","44","15","1:36.173","220.515",2012,9,"British Grand Prix",2012-07-08,"12:00:00","hamilton","44","HAM","Lewis","Hamilton",1985-01-07,"British","mclaren","McLaren","British","Finished","silverstone","Silverstone Circuit","Silverstone","UK",52.0786,-1.01694,"153"
9,1,6,8,957,23119,7,5,"5","5",5,10,52,"+1:09.743","5765574","39","8","1:36.994","218.648",2016,10,"British Grand Prix",2016-07-10,"12:00:00","raikkonen","7","RAI","Kimi","Räikkönen",1979-10-17,"Finnish","ferrari","Ferrari","Italian","Finished","silverstone","Silverstone Circuit","Silverstone","UK",52.0786,-1.01694,"153"
9,11,3,849,1035,24724,6,18,"19","19",19,0,51,"\N","\N","48","5","1:29.950","235.770",2020,5,"70th Anniversary Grand Prix",2020-08-09,"13:10:00","latifi","6","LAT","Nicholas","Latifi",1995-06-29,"Canadian","williams","Williams","British","+1 Lap","silverstone","Silverstone Circuit","Silverstone","UK",52.0786,-1.01694,"153"
9,1,10,815,998,23971,11,12,"10","10",10,1,52,"+34.708","5284492","48","9","1:33.472","226.887",2018,10,"British Grand Prix",2018-07-08,"13:10:00","perez","11","PER","Sergio","Pérez",1990-01-26,"Mexican","force_india","Force India","Indian","Finished","silverstone","Silverstone Circuit","Silverstone","UK",52.0786,-1.01694,"153"
9,5,207,808,868,21447,21,18,"\N","W",24,0,0,"\N","\N","\N","0","\N","\N",2012,9,"British Grand Prix",2012-07-08,"12:00:00","petrov","\N","PET","Vitaly","Petrov",1984-09-08,"Russian","caterham","Caterham","Malaysian","Engine","silverstone","Silverstone Circuit","Silverstone","UK",52.0786,-1.01694,"153"
9,1,131,30,849,20976,7,13,"9","9",9,2,52,"+1:17.912","5399108","34","11","1:37.034","218.558",2011,9,"British Grand Prix",2011-07-10,"12:00:00","michael_schumacher","\N","MSC","Michael","Schumacher",1969-01-03,"German","mercedes","Mercedes","German","Finished","silverstone","Silverstone Circuit","Silverstone","UK",52.0786,-1.01694,"153"
9,11,3,813,868,21439,18,7,"16","16",16,0,51,"\N","\N","34","17","1:37.515","217.480",2012,9,"British Grand Prix",2012-07-08,"12:00:00","maldonado","13","MAL","Pastor","Maldonado",1985-03-09,"Venezuelan","williams","Williams","British","+1 Lap","silverstone","Silverstone Circuit","Silverstone","UK",52.0786,-1.01694,"153"
9,1,3,822,934,22700,77,4,"5","5",5,10,52,"+1:03.194","5550923","32","5","1:37.513","217.484",2015,9,"British Grand Prix",2015-07-05,"12:00:00","bottas","77","BOT","Valtteri","Bottas",1989-08-28,"Finnish","williams","Williams","British","Finished","silverstone","Silverstone Circuit","Silverstone","UK",52.0786,-1.01694,"153"
9,4,10,814,868,21446,11,10,"\N","R",23,0,2,"\N","\N","\N","0","\N","\N",2012,9,"British Grand Prix",2012-07-08,"12:00:00","resta","\N","DIR","Paul","di Resta",1986-04-16,"British","force_india","Force India","Indian","Collision","silverstone","Silverstone Circuit","Silverstone","UK",52.0786,-1.01694,"153"
9,11,211,815,1019,24402,11,15,"17","17",17,0,51,"\N","\N","50","7","1:29.456","237.072",2019,10,"British Grand Prix",2019-07-14,"13:10:00","perez","11","PER","Sergio","Pérez",1990-01-26,"Mexican","racing_point","Racing Point","British","+1 Lap","silverstone","Silverstone Circuit","Silverstone","UK",52.0786,-1.01694,"153"
9,11,210,154,1035,24721,8,13,"16","16",16,0,51,"\N","\N","51","14","1:30.793","233.581",2020,5,"70th Anniversary Grand Prix",2020-08-09,"13:10:00","grosjean","8","GRO","Romain","Grosjean",1986-04-17,"French","haas","Haas F1 Team","American","+1 Lap","silverstone","Silverstone Circuit","Silverstone","UK",52.0786,-1.01694,"153"
9,11,208,154,908,22317,8,11,"12","12",12,0,51,"\N","\N","48","12","1:38.919","214.393",2014,9,"British Grand Prix",2014-07-06,"12:00:00","grosjean","8","GRO","Romain","Grosjean",1986-04-17,"French","lotus_f1","Lotus F1","British","+1 Lap","silverstone","Silverstone Circuit","Silverstone","UK",52.0786,-1.01694,"153"
9,1,6,20,1034,24695,5,10,"10","10",10,1,52,"+41.857","5323140","44","15","1:30.537","234.242",2020,4,"British Grand Prix",2020-08-02,"13:10:00","vettel","5","VET","Sebastian","Vettel",1987-07-03,"German","ferrari","Ferrari","Italian","Finished","silverstone","Silverstone Circuit","Silverstone","UK",52.0786,-1.01694,"153"
9,1,10,807,957,23121,27,8,"7","7",7,6,52,"+1:17.712","5773543","51","11","1:37.618","217.250",2016,10,"British Grand Prix",2016-07-10,"12:00:00","hulkenberg","27","HUL","Nico","Hülkenberg",1987-08-19,"German","force_india","Force India","Indian","Finished","silverstone","Silverstone Circuit","Silverstone","UK",52.0786,-1.01694,"153"
9,12,166,10,849,20983,24,20,"16","16",16,0,50,"\N","\N","49","17","1:39.811","212.477",2011,9,"British Grand Prix",2011-07-10,"12:00:00","glock","\N","GLO","Timo","Glock",1982-03-18,"German","virgin","Virgin","British","+2 Laps","silverstone","Silverstone Circuit","Silverstone","UK",52.0786,-1.01694,"153"
9,1,3,847,1034,24697,63,20,"12","12",12,0,52,"+52.004","5333287","41","16","1:30.862","233.404",2020,4,"British Grand Prix",2020-08-02,"13:10:00","russell","63","RUS","George","Russell",1998-02-15,"British","williams","Williams","British","Finished","silverstone","Silverstone Circuit","Silverstone","UK",52.0786,-1.01694,"153"
9,1,5,832,957,23122,55,7,"8","8",8,4,52,"+1:25.858","5781689","43","10","1:37.401","217.734",2016,10,"British Grand Prix",2016-07-10,"12:00:00","sainz","55","SAI","Carlos","Sainz",1994-09-01,"Spanish","toro_rosso","Toro Rosso","Italian","Finished","silverstone","Silverstone Circuit","Silverstone","UK",52.0786,-1.01694,"153"
9,1,1,18,868,21433,3,16,"10","10",10,1,52,"+44.444","5155732","52","14","1:36.086","220.714",2012,9,"British Grand Prix",2012-07-08,"12:00:00","button","22","BUT","Jenson","Button",1980-01-19,"British","mclaren","McLaren","British","Finished","silverstone","Silverstone Circuit","Silverstone","UK",52.0786,-1.01694,"153"
9,1,3,822,887,21877,17,16,"12","12",12,0,52,"+25.094","5604550","52","15","1:36.312","220.196",2013,8,"British Grand Prix",2013-06-30,"12:00:00","bottas","77","BOT","Valtteri","Bottas",1989-08-28,"Finnish","williams","Williams","British","Finished","silverstone","Silverstone Circuit","Silverstone","UK",52.0786,-1.01694,"153"
9,11,1,4,957,23127,14,9,"13","13",13,0,51,"\N","\N","43","2","1:35.669","221.676",2016,10,"British Grand Prix",2016-07-10,"12:00:00","alonso","14","ALO","Fernando","Alonso",1981-07-29,"Spanish","mclaren","McLaren","British","+1 Lap","silverstone","Silverstone Circuit","Silverstone","UK",52.0786,-1.01694,"153"
9,1,9,20,868,21426,1,4,"3","3",3,15,52,"+4.836","5116124","52","3","1:34.897","223.480",2012,9,"British Grand Prix",2012-07-08,"12:00:00","vettel","5","VET","Sebastian","Vettel",1987-07-03,"German","red_bull","Red Bull","Austrian","Finished","silverstone","Silverstone Circuit","Silverstone","UK",52.0786,-1.01694,"153"
9,1,206,820,887,21882,23,20,"17","17",17,0,52,"+1:07.660","5647116","50","22","1:39.156","213.881",2013,8,"British Grand Prix",2013-06-30,"12:00:00","chilton","4","CHI","Max","Chilton",1991-04-21,"British","marussia","Marussia","Russian","Finished","silverstone","Silverstone Circuit","Silverstone","UK",52.0786,-1.01694,"153"
9,1,131,822,1034,24696,77,2,"11","11",11,0,52,"+42.167","5323450","41","4","1:29.265","237.580",2020,4,"British Grand Prix",2020-08-02,"13:10:00","bottas","77","BOT","Valtteri","Bottas",1989-08-28,"Finnish","mercedes","Mercedes","German","Finished","silverstone","Silverstone Circuit","Silverstone","UK",52.0786,-1.01694,"153"
9,1,5,826,1019,24394,26,17,"9","9",9,2,52,"+1:06.720","4935172","51","12","1:29.910","235.875",2019,10,"British Grand Prix",2019-07-14,"13:10:00","kvyat","26","KVY","Daniil","Kvyat",1994-04-26,"Russian","toro_rosso","Toro Rosso","Italian","Finished","silverstone","Silverstone Circuit","Silverstone","UK",52.0786,-1.01694,"153"
9,3,5,67,849,20988,18,19,"\N","R",21,0,25,"\N","\N","24","18","1:40.224","211.602",2011,9,"British Grand Prix",2011-07-10,"12:00:00","buemi","\N","BUE","Sébastien","Buemi",1988-10-31,"Swiss","toro_rosso","Toro Rosso","Italian","Accident","silverstone","Silverstone Circuit","Silverstone","UK",52.0786,-1.01694,"153"
9,6,9,20,887,21886,1,3,"\N","R",21,0,41,"\N","\N","37","5","1:35.018","223.195",2013,8,"British Grand Prix",2013-06-30,"12:00:00","vettel","5","VET","Sebastian","Vettel",1987-07-03,"German","red_bull","Red Bull","Austrian","Gearbox","silverstone","Silverstone Circuit","Silverstone","UK",52.0786,-1.01694,"153"
9,11,206,824,908,22319,17,12,"14","14",14,0,51,"\N","\N","51","14","1:39.961","212.158",2014,9,"British Grand Prix",2014-07-06,"12:00:00","jules_bianchi","17","BIA","Jules","Bianchi",1989-08-03,"French","marussia","Marussia","Russian","+1 Lap","silverstone","Silverstone Circuit","Silverstone","UK",52.0786,-1.01694,"153"
9,1,4,839,1035,24713,31,14,"8","8",8,4,52,"+1:04.773","4846766","50","10","1:30.575","234.144",2020,5,"70th Anniversary Grand Prix",2020-08-09,"13:10:00","ocon","31","OCO","Esteban","Ocon",1996-09-17,"French","renault","Renault","French","Finished","silverstone","Silverstone Circuit","Silverstone","UK",52.0786,-1.01694,"153"
9,1,131,1,998,23963,44,1,"2","2",2,18,52,"+2.264","5252048","52","3","1:31.245","232.424",2018,10,"British Grand Prix",2018-07-08,"13:10:00","hamilton","44","HAM","Lewis","Hamilton",1985-01-07,"British","mercedes","Mercedes","German","Finished","silverstone","Silverstone Circuit","Silverstone","UK",52.0786,-1.01694,"153"
9,11,15,831,957,23129,12,21,"15","15",15,0,51,"\N","\N","43","17","1:38.710","214.847",2016,10,"British Grand Prix",2016-07-10,"12:00:00","nasr","12","NAS","Felipe","Nasr",1992-08-21,"Brazilian","sauber","Sauber","Swiss","+1 Lap","silverstone","Silverstone Circuit","Silverstone","UK",52.0786,-1.01694,"153"
9,1,5,842,998,23974,10,14,"13","13",13,0,52,"+39.129","5288913","48","8","1:33.465","226.904",2018,10,"British Grand Prix",2018-07-08,"13:10:00","gasly","10","GAS","Pierre","Gasly",1996-02-07,"French","toro_rosso","Toro Rosso","Italian","Finished","silverstone","Silverstone Circuit","Silverstone","UK",52.0786,-1.01694,"153"
9,1,9,848,1034,24693,23,12,"8","8",8,4,52,"+32.670","5313953","52","2","1:28.689","239.123",2020,4,"British Grand Prix",2020-08-02,"13:10:00","albon","23","ALB","Alexander","Albon",1996-03-23,"Thai","red_bull","Red Bull","Austrian","Finished","silverstone","Silverstone Circuit","Silverstone","UK",52.0786,-1.01694,"153"
9,1,213,852,1061,25155,22,16,"10","10",10,1,52,"+1:22.065","7185349","51","6","1:30.826","233.497",2021,10,"British Grand Prix",2021-07-18,"14:00:00","tsunoda","22","TSU","Yuki","Tsunoda",2000-05-11,"Japanese","alphatauri","AlphaTauri","Italian","Finished","silverstone","Silverstone Circuit","Silverstone","UK",52.0786,-1.01694,"153"
9,1,4,808,849,20979,10,14,"12","12",12,0,52,"+1:20.681","5401877","40","6","1:36.308","220.206",2011,9,"British Grand Prix",2011-07-10,"12:00:00","petrov","\N","PET","Vitaly","Petrov",1984-09-08,"Russian","renault","Renault","French","Finished","silverstone","Silverstone Circuit","Silverstone","UK",52.0786,-1.01694,"153"
9,1,6,844,1061,25147,16,4,"2","2",2,18,52,"+3.871","7107155","45","5","1:30.569","234.159",2021,10,"British Grand Prix",2021-07-18,"14:00:00","leclerc","16","LEC","Charles","Leclerc",1997-10-16,"Monegasque","ferrari","Ferrari","Italian","Finished","silverstone","Silverstone Circuit","Silverstone","UK",52.0786,-1.01694,"153"
9,1,6,13,868,21427,6,5,"4","4",4,12,52,"+9.519","5120807","50","5","1:35.041","223.141",2012,9,"British Grand Prix",2012-07-08,"12:00:00","massa","19","MAS","Felipe","Massa",1981-04-25,"Brazilian","ferrari","Ferrari","Italian","Finished","silverstone","Silverstone Circuit","Silverstone","UK",52.0786,-1.01694,"153"
9,4,210,154,998,23978,8,8,"\N","R",16,0,37,"\N","\N","28","16","1:34.391","224.678",2018,10,"British Grand Prix",2018-07-08,"13:10:00","grosjean","8","GRO","Romain","Grosjean",1986-04-17,"French","haas","Haas F1 Team","American","Collision","silverstone","Silverstone Circuit","Silverstone","UK",52.0786,-1.01694,"153"
9,1,4,807,998,23967,27,11,"6","6",6,8,52,"+28.220","5278004","48","7","1:33.405","227.049",2018,10,"British Grand Prix",2018-07-08,"13:10:00","hulkenberg","27","HUL","Nico","Hülkenberg",1987-08-19,"German","renault","Renault","French","Finished","silverstone","Silverstone Circuit","Silverstone","UK",52.0786,-1.01694,"153"
9,44,205,15,849,20990,21,21,"\N","R",23,0,10,"\N","\N","9","23","1:55.491","183.629",2011,9,"British Grand Prix",2011-07-10,"12:00:00","trulli","\N","TRU","Jarno","Trulli",1974-07-13,"Italian","lotus_racing","Lotus","Malaysian","Oil leak","silverstone","Silverstone Circuit","Silverstone","UK",52.0786,-1.01694,"153"
9,1,210,154,1034,24701,8,17,"16","16",16,0,52,"+55.050","5336333","49","8","1:29.782","236.212",2020,4,"British Grand Prix",2020-08-02,"13:10:00","grosjean","8","GRO","Romain","Grosjean",1986-04-17,"French","haas","Haas F1 Team","American","Finished","silverstone","Silverstone Circuit","Silverstone","UK",52.0786,-1.01694,"153"
9,1,117,840,1061,25153,18,14,"8","8",8,4,52,"+1:14.289","7177573","48","12","1:31.992","230.537",2021,10,"British Grand Prix",2021-07-18,"14:00:00","stroll","18","STR","Lance","Stroll",1998-10-29,"Canadian","aston_martin","Aston Martin","British","Finished","silverstone","Silverstone Circuit","Silverstone","UK",52.0786,-1.01694,"153"
9,12,164,39,868,21444,23,22,"21","21",21,0,50,"\N","\N","50","20","1:38.339","215.658",2012,9,"British Grand Prix",2012-07-08,"12:00:00","karthikeyan","\N","KAR","Narain","Karthikeyan",1977-01-14,"Indian","hrt","HRT","Spanish","+2 Laps","silverstone","Silverstone Circuit","Silverstone","UK",52.0786,-1.01694,"153"
9,1,9,20,849,20969,1,2,"2","2",2,18,52,"+16.511","5337707","38","3","1:35.565","221.918",2011,9,"British Grand Prix",2011-07-10,"12:00:00","vettel","5","VET","Sebastian","Vettel",1987-07-03,"German","red_bull","Red Bull","Austrian","Finished","silverstone","Silverstone Circuit","Silverstone","UK",52.0786,-1.01694,"153"
9,1,213,842,1034,24692,10,11,"7","7",7,6,52,"+31.188","5312471","52","7","1:29.603","236.684",2020,4,"British Grand Prix",2020-08-02,"13:10:00","gasly","10","GAS","Pierre","Gasly",1996-02-07,"French","alphatauri","AlphaTauri","Italian","Finished","silverstone","Silverstone Circuit","Silverstone","UK",52.0786,-1.01694,"153"
9,1,9,830,978,23565,33,4,"4","4",4,12,51,"+52.125","4939555","51","2","1:30.678","233.878",2017,10,"British Grand Prix",2017-07-16,"12:00:00","max_verstappen","33","VER","Max","Verstappen",1997-09-30,"Dutch","red_bull","Red Bull","Austrian","Finished","silverstone","Silverstone Circuit","Silverstone","UK",52.0786,-1.01694,"153"
9,12,164,37,868,21443,22,21,"20","20",20,0,50,"\N","\N","44","21","1:39.618","212.889",2012,9,"British Grand Prix",2012-07-08,"12:00:00","rosa","\N","DLR","Pedro","de la Rosa",1971-02-24,"Spanish","hrt","HRT","Spanish","+2 Laps","silverstone","Silverstone Circuit","Silverstone","UK",52.0786,-1.01694,"153"
9,11,3,822,957,23128,77,6,"14","14",14,0,51,"\N","\N","45","9","1:37.383","217.775",2016,10,"British Grand Prix",2016-07-10,"12:00:00","bottas","77","BOT","Valtteri","Bottas",1989-08-28,"Finnish","williams","Williams","British","+1 Lap","silverstone","Silverstone Circuit","Silverstone","UK",52.0786,-1.01694,"153"
9,1,131,1,887,21869,10,1,"4","4",4,12,52,"+7.756","5587212","51","4","1:34.159","225.231",2013,8,"British Grand Prix",2013-06-30,"12:00:00","hamilton","44","HAM","Lewis","Hamilton",1985-01-07,"British","mercedes","Mercedes","German","Finished","silverstone","Silverstone Circuit","Silverstone","UK",52.0786,-1.01694,"153"
9,130,5,832,978,23580,55,13,"\N","R",19,0,0,"\N","\N","\N","0","\N","\N",2017,10,"British Grand Prix",2017-07-16,"12:00:00","sainz","55","SAI","Carlos","Sainz",1994-09-01,"Spanish","toro_rosso","Toro Rosso","Italian","Collision damage","silverstone","Silverstone Circuit","Silverstone","UK",52.0786,-1.01694,"153"
9,11,3,847,1035,24723,63,15,"18","18",18,0,51,"\N","\N","50","17","1:31.408","232.010",2020,5,"70th Anniversary Grand Prix",2020-08-09,"13:10:00","russell","63","RUS","George","Russell",1998-02-15,"British","williams","Williams","British","+1 Lap","silverstone","Silverstone Circuit","Silverstone","UK",52.0786,-1.01694,"153"
9,1,214,839,1061,25154,31,9,"9","9",9,2,52,"+1:16.162","7179446","48","14","1:32.210","229.992",2021,10,"British Grand Prix",2021-07-18,"14:00:00","ocon","31","OCO","Esteban","Ocon",1996-09-17,"French","alpine","Alpine F1 Team","French","Finished","silverstone","Silverstone Circuit","Silverstone","UK",52.0786,-1.01694,"153"
9,1,6,4,849,20968,5,3,"1","1",1,25,52,"1:28:41.196","5321196","41","1","1:34.908","223.454",2011,9,"British Grand Prix",2011-07-10,"12:00:00","alonso","14","ALO","Fernando","Alonso",1981-07-29,"Spanish","ferrari","Ferrari","Italian","Finished","silverstone","Silverstone Circuit","Silverstone","UK",52.0786,-1.01694,"153"
9,11,15,16,908,22318,99,13,"13","13",13,0,51,"\N","\N","34","15","1:40.041","211.989",2014,9,"British Grand Prix",2014-07-06,"12:00:00","sutil","99","SUT","Adrian","Sutil",1983-01-11,"German","sauber","Sauber","Swiss","+1 Lap","silverstone","Silverstone Circuit","Silverstone","UK",52.0786,-1.01694,"153"
9,1,9,817,908,22308,3,8,"3","3",3,15,52,"+46.495","8858589","34","7","1:38.459","215.395",2014,9,"British Grand Prix",2014-07-06,"12:00:00","ricciardo","3","RIC","Daniel","Ricciardo",1989-07-01,"Australian","red_bull","Red Bull","Austrian","Finished","silverstone","Silverstone Circuit","Silverstone","UK",52.0786,-1.01694,"153"
9,1,206,824,887,21881,22,19,"16","16",16,0,52,"+36.097","5615553","51","19","1:37.978","216.452",2013,8,"British Grand Prix",2013-06-30,"12:00:00","jules_bianchi","17","BIA","Jules","Bianchi",1989-08-03,"French","marussia","Marussia","Russian","Finished","silverstone","Silverstone Circuit","Silverstone","UK",52.0786,-1.01694,"153"
9,11,9,815,1061,25161,11,0,"16","16",16,0,51,"\N","\N","50","1","1:28.617","239.317",2021,10,"British Grand Prix",2021-07-18,"14:00:00","perez","11","PER","Sergio","Pérez",1990-01-26,"Mexican","red_bull","Red Bull","Austrian","+1 Lap","silverstone","Silverstone Circuit","Silverstone","UK",52.0786,-1.01694,"153"
9,1,208,8,868,21428,9,6,"5","5",5,10,52,"+10.314","5121602","50","1","1:34.661","224.037",2012,9,"British Grand Prix",2012-07-08,"12:00:00","raikkonen","7","RAI","Kimi","Räikkönen",1979-10-17,"Finnish","lotus_f1","Lotus F1","British","Finished","silverstone","Silverstone Circuit","Silverstone","UK",52.0786,-1.01694,"153"
9,11,51,841,1035,24722,99,19,"17","17",17,0,51,"\N","\N","37","19","1:31.826","230.954",2020,5,"70th Anniversary Grand Prix",2020-08-09,"13:10:00","giovinazzi","99","GIO","Antonio","Giovinazzi",1993-12-14,"Italian","alfa","Alfa Romeo","Swiss","+1 Lap","silverstone","Silverstone Circuit","Silverstone","UK",52.0786,-1.01694,"153"
9,1,131,1,1034,24686,44,1,"1","1",1,25,52,"1:28:01.283","5281283","45","3","1:29.238","237.652",2020,4,"British Grand Prix",2020-08-02,"13:10:00","hamilton","44","HAM","Lewis","Hamilton",1985-01-07,"British","mercedes","Mercedes","German","Finished","silverstone","Silverstone Circuit","Silverstone","UK",52.0786,-1.01694,"153"
9,11,4,817,1035,24719,3,5,"14","14",14,0,51,"\N","\N","39","16","1:31.168","232.621",2020,5,"70th Anniversary Grand Prix",2020-08-09,"13:10:00","ricciardo","3","RIC","Daniel","Ricciardo",1989-07-01,"Australian","renault","Renault","French","+1 Lap","silverstone","Silverstone Circuit","Silverstone","UK",52.0786,-1.01694,"153"
9,1,9,830,1034,24687,33,3,"2","2",2,19,52,"+5.856","5287139","52","1","1:27.097","243.494",2020,4,"British Grand Prix",2020-08-02,"13:10:00","max_verstappen","33","VER","Max","Verstappen",1997-09-30,"Dutch","red_bull","Red Bull","Austrian","Finished","silverstone","Silverstone Circuit","Silverstone","UK",52.0786,-1.01694,"153"
9,1,6,4,908,22311,14,16,"6","6",6,8,52,"+59.946","8872040","52","8","1:38.587","215.115",2014,9,"British Grand Prix",2014-07-06,"12:00:00","alonso","14","ALO","Fernando","Alonso",1981-07-29,"Spanish","ferrari","Ferrari","Italian","Finished","silverstone","Silverstone Circuit","Silverstone","UK",52.0786,-1.01694,"153"
9,1,4,817,1019,24392,3,7,"7","7",7,6,52,"+54.401","4922853","50","9","1:29.624","236.628",2019,10,"British Grand Prix",2019-07-14,"13:10:00","ricciardo","3","RIC","Daniel","Ricciardo",1989-07-01,"Australian","renault","Renault","French","Finished","silverstone","Silverstone Circuit","Silverstone","UK",52.0786,-1.01694,"153"
9,4,210,825,1034,24704,20,14,"\N","R",19,0,1,"\N","\N","\N","0","\N","\N",2020,4,"British Grand Prix",2020-08-02,"13:10:00","kevin_magnussen","20","MAG","Kevin","Magnussen",1992-10-05,"Danish","haas","Haas F1 Team","American","Collision","silverstone","Silverstone Circuit","Silverstone","UK",52.0786,-1.01694,"153"
9,1,213,826,1035,24715,26,16,"10","10",10,1,52,"+1:09.669","4851662","52","12","1:30.738","233.723",2020,5,"70th Anniversary Grand Prix",2020-08-09,"13:10:00","kvyat","26","KVY","Daniil","Kvyat",1994-04-26,"Russian","alphatauri","AlphaTauri","Italian","Finished","silverstone","Silverstone Circuit","Silverstone","UK",52.0786,-1.01694,"153"
9,1,10,839,998,23968,31,10,"7","7",7,6,52,"+29.930","5279714","48","13","1:33.606","226.562",2018,10,"British Grand Prix",2018-07-08,"13:10:00","ocon","31","OCO","Esteban","Ocon",1996-09-17,"French","force_india","Force India","Indian","Finished","silverstone","Silverstone Circuit","Silverstone","UK",52.0786,-1.01694,"153"
9,11,210,821,957,23130,21,14,"16","16",16,0,51,"\N","\N","44","14","1:37.713","217.039",2016,10,"British Grand Prix",2016-07-10,"12:00:00","gutierrez","21","GUT","Esteban","Gutiérrez",1991-08-05,"Mexican","haas","Haas F1 Team","American","+1 Lap","silverstone","Silverstone Circuit","Silverstone","UK",52.0786,-1.01694,"153"
9,1,4,807,978,23567,27,5,"6","6",6,8,51,"+1:08.109","4955539","43","8","1:32.577","229.080",2017,10,"British Grand Prix",2017-07-16,"12:00:00","hulkenberg","27","HUL","Nico","Hülkenberg",1987-08-19,"German","renault","Renault","French","Finished","silverstone","Silverstone Circuit","Silverstone","UK",52.0786,-1.01694,"153"
9,1,6,4,887,21868,3,9,"3","3",3,15,52,"+7.124","5586580","50","3","1:34.090","225.396",2013,8,"British Grand Prix",2013-06-30,"12:00:00","alonso","14","ALO","Fernando","Alonso",1981-07-29,"Spanish","ferrari","Ferrari","Italian","Finished","silverstone","Silverstone Circuit","Silverstone","UK",52.0786,-1.01694,"153"
9,5,15,155,849,20989,16,8,"\N","R",22,0,23,"\N","\N","23","21","1:40.703","210.595",2011,9,"British Grand Prix",2011-07-10,"12:00:00","kobayashi","10","KOB","Kamui","Kobayashi",1986-09-13,"Japanese","sauber","Sauber","Swiss","Engine","silverstone","Silverstone Circuit","Silverstone","UK",52.0786,-1.01694,"153"
9,1,6,844,1019,24388,16,3,"3","3",3,15,52,"+30.117","4898569","47","5","1:29.313","237.452",2019,10,"British Grand Prix",2019-07-14,"13:10:00","leclerc","16","LEC","Charles","Leclerc",1997-10-16,"Monegasque","ferrari","Ferrari","Italian","Finished","silverstone","Silverstone Circuit","Silverstone","UK",52.0786,-1.01694,"153"
9,1,6,844,1034,24688,16,4,"3","3",3,15,52,"+18.474","5299757","49","9","1:29.813","236.130",2020,4,"British Grand Prix",2020-08-02,"13:10:00","leclerc","16","LEC","Charles","Leclerc",1997-10-16,"Monegasque","ferrari","Ferrari","Italian","Finished","silverstone","Silverstone Circuit","Silverstone","UK",52.0786,-1.01694,"153"
9,1,9,830,1035,24706,33,4,"1","1",1,25,52,"1:19:41.993","4781993","46","2","1:29.465","237.049",2020,5,"70th Anniversary Grand Prix",2020-08-09,"13:10:00","max_verstappen","33","VER","Max","Verstappen",1997-09-30,"Dutch","red_bull","Red Bull","Austrian","Finished","silverstone","Silverstone Circuit","Silverstone","UK",52.0786,-1.01694,"153"
9,1,131,822,978,23563,77,9,"2","2",2,18,51,"+14.063","4901493","46","3","1:30.905","233.294",2017,10,"British Grand Prix",2017-07-16,"12:00:00","bottas","77","BOT","Valtteri","Bottas",1989-08-28,"Finnish","mercedes","Mercedes","German","Finished","silverstone","Silverstone Circuit","Silverstone","UK",52.0786,-1.01694,"153"
9,1,1,846,1019,24396,4,8,"11","11",11,0,52,"+1:14.281","4942733","50","10","1:29.636","236.596",2019,10,"British Grand Prix",2019-07-14,"13:10:00","norris","4","NOR","Lando","Norris",1999-11-13,"British","mclaren","McLaren","British","Finished","silverstone","Silverstone Circuit","Silverstone","UK",52.0786,-1.01694,"153"
9,1,1,18,908,22309,22,3,"4","4",4,12,52,"+47.390","8859484","52","5","1:38.284","215.778",2014,9,"British Grand Prix",2014-07-06,"12:00:00","button","22","BUT","Jenson","Button",1980-01-19,"British","mclaren","McLaren","British","Finished","silverstone","Silverstone Circuit","Silverstone","UK",52.0786,-1.01694,"153"
9,11,3,9,1019,24400,88,20,"15","15",15,0,51,"\N","\N","50","17","1:31.509","231.754",2019,10,"British Grand Prix",2019-07-14,"13:10:00","kubica","88","KUB","Robert","Kubica",1984-12-07,"Polish","williams","Williams","British","+1 Lap","silverstone","Silverstone Circuit","Silverstone","UK",52.0786,-1.01694,"153"
9,1,131,1,908,22306,44,6,"1","1",1,25,52,"2:26:52.094","8812094","26","1","1:37.176","218.239",2014,9,"British Grand Prix",2014-07-06,"12:00:00","hamilton","44","HAM","Lewis","Hamilton",1985-01-07,"British","mercedes","Mercedes","German","Finished","silverstone","Silverstone Circuit","Silverstone","UK",52.0786,-1.01694,"153"
9,20,209,837,957,23133,88,19,"\N","R",19,0,24,"\N","\N","23","19","1:41.380","209.189",2016,10,"British Grand Prix",2016-07-10,"12:00:00","haryanto","88","HAR","Rio","Haryanto",1993-01-22,"Indonesian","manor","Manor Marussia","British","Spun off","silverstone","Silverstone Circuit","Silverstone","UK",52.0786,-1.01694,"153"
9,1,1,817,1061,25150,3,6,"5","5",5,10,52,"+42.624","7145908","51","8","1:31.284","232.325",2021,10,"British Grand Prix",2021-07-18,"14:00:00","ricciardo","3","RIC","Daniel","Ricciardo",1989-07-01,"Australian","mclaren","McLaren","British","Finished","silverstone","Silverstone Circuit","Silverstone","UK",52.0786,-1.01694,"153"
9,11,10,815,908,22316,11,7,"11","11",11,0,51,"\N","\N","41","11","1:38.716","214.834",2014,9,"British Grand Prix",2014-07-06,"12:00:00","perez","11","PER","Sergio","Pérez",1990-01-26,"Mexican","force_india","Force India","Indian","+1 Lap","silverstone","Silverstone Circuit","Silverstone","UK",52.0786,-1.01694,"153"
9,1,10,16,887,21872,15,6,"7","7",7,6,52,"+16.335","5595791","35","12","1:35.961","221.002",2013,8,"British Grand Prix",2013-06-30,"12:00:00","sutil","99","SUT","Adrian","Sutil",1983-01-11,"German","force_india","Force India","Indian","Finished","silverstone","Silverstone Circuit","Silverstone","UK",52.0786,-1.01694,"153"
9,1,6,20,957,23123,5,11,"9","9",9,2,52,"+1:31.654","5787485","44","7","1:36.933","218.786",2016,10,"British Grand Prix",2016-07-10,"12:00:00","vettel","5","VET","Sebastian","Vettel",1987-07-03,"German","ferrari","Ferrari","Italian","Finished","silverstone","Silverstone Circuit","Silverstone","UK",52.0786,-1.01694,"153"
9,1,207,823,887,21883,21,22,"18","18",18,0,52,"+1:07.759","5647215","50","21","1:38.722","214.821",2013,8,"British Grand Prix",2013-06-30,"12:00:00","garde","\N","VDG","Giedo","van der Garde",1985-04-25,"Dutch","caterham","Caterham","Malaysian","Finished","silverstone","Silverstone Circuit","Silverstone","UK",52.0786,-1.01694,"153"
9,1,131,3,887,21866,9,2,"1","1",1,25,52,"1:32:59.456","5579456","50","2","1:33.531","226.744",2013,8,"British Grand Prix",2013-06-30,"12:00:00","rosberg","6","ROS","Nico","Rosberg",1985-06-27,"German","mercedes","Mercedes","German","Finished","silverstone","Silverstone Circuit","Silverstone","UK",52.0786,-1.01694,"153"
9,1,131,1,1035,24707,44,2,"2","2",2,19,52,"+11.326","4793319","43","1","1:28.451","239.766",2020,5,"70th Anniversary Grand Prix",2020-08-09,"13:10:00","hamilton","44","HAM","Lewis","Hamilton",1985-01-07,"British","mercedes","Mercedes","German","Finished","silverstone","Silverstone Circuit","Silverstone","UK",52.0786,-1.01694,"153"
9,1,10,807,908,22313,27,4,"8","8",8,4,52,"+1:28.692","8900786","52","9","1:38.625","215.032",2014,9,"British Grand Prix",2014-07-06,"12:00:00","hulkenberg","27","HUL","Nico","Hülkenberg",1987-08-19,"German","force_india","Force India","Indian","Finished","silverstone","Silverstone Circuit","Silverstone","UK",52.0786,-1.01694,"153"
9,1,15,155,868,21434,14,17,"11","11",11,0,52,"+45.370","5156658","48","9","1:35.478","222.120",2012,9,"British Grand Prix",2012-07-08,"12:00:00","kobayashi","10","KOB","Kamui","Kobayashi",1986-09-13,"Japanese","sauber","Sauber","Swiss","Finished","silverstone","Silverstone Circuit","Silverstone","UK",52.0786,-1.01694,"153"
9,1,207,819,887,21880,20,18,"15","15",15,0,52,"+31.613","5611069","52","18","1:37.091","218.430",2013,8,"British Grand Prix",2013-06-30,"12:00:00","pic","\N","PIC","Charles","Pic",1990-02-15,"French","caterham","Caterham","Malaysian","Finished","silverstone","Silverstone Circuit","Silverstone","UK",52.0786,-1.01694,"153"
9,1,131,1,934,22696,44,1,"1","1",1,25,52,"1:31:27.729","5487729","29","1","1:37.093","218.425",2015,9,"British Grand Prix",2015-07-05,"12:00:00","hamilton","44","HAM","Lewis","Hamilton",1985-01-07,"British","mercedes","Mercedes","German","Finished","silverstone","Silverstone Circuit","Silverstone","UK",52.0786,-1.01694,"153"
9,11,15,828,978,23575,9,18,"14","14",14,0,50,"\N","\N","30","10","1:33.119","227.747",2017,10,"British Grand Prix",2017-07-16,"12:00:00","ericsson","9","ERI","Marcus","Ericsson",1990-09-02,"Swedish","sauber","Sauber","Swiss","+1 Lap","silverstone","Silverstone Circuit","Silverstone","UK",52.0786,-1.01694,"153"
9,1,211,840,1019,24398,18,18,"13","13",13,0,52,"+1:21.086","4949538","49","6","1:29.390","237.248",2019,10,"British Grand Prix",2019-07-14,"13:10:00","stroll","18","STR","Lance","Stroll",1998-10-29,"Canadian","racing_point","Racing Point","British","Finished","silverstone","Silverstone Circuit","Silverstone","UK",52.0786,-1.01694,"153"
9,1,9,830,1019,24390,33,4,"5","5",5,10,52,"+39.458","4907910","45","4","1:29.272","237.561",2019,10,"British Grand Prix",2019-07-14,"13:10:00","max_verstappen","33","VER","Max","Verstappen",1997-09-30,"Dutch","red_bull","Red Bull","Austrian","Finished","silverstone","Silverstone Circuit","Silverstone","UK",52.0786,-1.01694,"153"
9,1,9,817,998,23966,3,6,"5","5",5,10,52,"+9.500","5259284","46","5","1:31.589","231.551",2018,10,"British Grand Prix",2018-07-08,"13:10:00","ricciardo","3","RIC","Daniel","Ricciardo",1989-07-01,"Australian","red_bull","Red Bull","Austrian","Finished","silverstone","Silverstone Circuit","Silverstone","UK",52.0786,-1.01694,"153"
9,1,210,825,998,23970,20,7,"9","9",9,2,52,"+33.188","5282972","48","12","1:33.604","226.567",2018,10,"British Grand Prix",2018-07-08,"13:10:00","kevin_magnussen","20","MAG","Kevin","Magnussen",1992-10-05,"Danish","haas","Haas F1 Team","American","Finished","silverstone","Silverstone Circuit","Silverstone","UK",52.0786,-1.01694,"153"
9,1,6,20,1035,24717,5,11,"12","12",12,0,52,"+1:13.370","4855363","49","13","1:30.785","233.602",2020,5,"70th Anniversary Grand Prix",2020-08-09,"13:10:00","vettel","5","VET","Sebastian","Vettel",1987-07-03,"German","ferrari","Ferrari","Italian","Finished","silverstone","Silverstone Circuit","Silverstone","UK",52.0786,-1.01694,"153"
9,11,51,8,1035,24720,7,20,"15","15",15,0,51,"\N","\N","30","18","1:31.756","231.130",2020,5,"70th Anniversary Grand Prix",2020-08-09,"13:10:00","raikkonen","7","RAI","Kimi","Räikkönen",1979-10-17,"Finnish","alfa","Alfa Romeo","Swiss","+1 Lap","silverstone","Silverstone Circuit","Silverstone","UK",52.0786,-1.01694,"153"
9,31,210,154,957,23134,8,13,"\N","R",20,0,17,"\N","\N","14","20","1:55.507","183.604",2016,10,"British Grand Prix",2016-07-10,"12:00:00","grosjean","8","GRO","Romain","Grosjean",1986-04-17,"French","haas","Haas F1 Team","American","Retired","silverstone","Silverstone Circuit","Silverstone","UK",52.0786,-1.01694,"153"
9,1,10,815,957,23120,11,10,"6","6",6,8,52,"+1:16.941","5772772","35","15","1:37.900","216.625",2016,10,"British Grand Prix",2016-07-10,"12:00:00","perez","11","PER","Sergio","Pérez",1990-01-26,"Mexican","force_india","Force India","Indian","Finished","silverstone","Silverstone Circuit","Silverstone","UK",52.0786,-1.01694,"153"
9,1,6,832,1061,25151,55,10,"6","6",6,8,52,"+43.454","7146738","51","7","1:31.223","232.480",2021,10,"British Grand Prix",2021-07-18,"14:00:00","sainz","55","SAI","Carlos","Sainz",1994-09-01,"Spanish","ferrari","Ferrari","Italian","Finished","silverstone","Silverstone Circuit","Silverstone","UK",52.0786,-1.01694,"153"
9,4,1,18,934,22713,22,18,"\N","R",19,0,0,"\N","\N","\N","0","\N","\N",2015,9,"British Grand Prix",2015-07-05,"12:00:00","button","22","BUT","Jenson","Button",1980-01-19,"British","mclaren","McLaren","British","Collision","silverstone","Silverstone Circuit","Silverstone","UK",52.0786,-1.01694,"153"
9,1,213,842,1061,25156,10,11,"11","11",11,0,52,"+1:25.327","7188611","52","3","1:30.266","234.945",2021,10,"British Grand Prix",2021-07-18,"14:00:00","gasly","10","GAS","Pierre","Gasly",1996-02-07,"French","alphatauri","AlphaTauri","Italian","Finished","silverstone","Silverstone Circuit","Silverstone","UK",52.0786,-1.01694,"153"
9,131,15,828,957,23135,9,22,"\N","R",21,0,11,"\N","\N","9","21","2:00.286","176.309",2016,10,"British Grand Prix",2016-07-10,"12:00:00","ericsson","9","ERI","Marcus","Ericsson",1990-09-02,"Swedish","sauber","Sauber","Swiss","Power Unit","silverstone","Silverstone Circuit","Silverstone","UK",52.0786,-1.01694,"153"
9,1,211,807,1035,24712,27,3,"7","7",7,6,52,"+55.951","4837944","52","6","1:30.087","235.412",2020,5,"70th Anniversary Grand Prix",2020-08-09,"13:10:00","hulkenberg","27","HUL","Nico","Hülkenberg",1987-08-19,"German","racing_point","Racing Point","British","Finished","silverstone","Silverstone Circuit","Silverstone","UK",52.0786,-1.01694,"153"
9,11,206,819,868,21442,25,24,"19","19",19,0,51,"\N","\N","50","18","1:38.008","216.386",2012,9,"British Grand Prix",2012-07-08,"12:00:00","pic","\N","PIC","Charles","Pic",1990-02-15,"French","marussia","Marussia","Russian","+1 Lap","silverstone","Silverstone Circuit","Silverstone","UK",52.0786,-1.01694,"153"
9,11,3,813,849,20981,12,7,"14","14",14,0,51,"\N","\N","41","12","1:37.036","218.553",2011,9,"British Grand Prix",2011-07-10,"12:00:00","maldonado","13","MAL","Pastor","Maldonado",1985-03-09,"Venezuelan","williams","Williams","British","+1 Lap","silverstone","Silverstone Circuit","Silverstone","UK",52.0786,-1.01694,"153"
9,1,131,822,1061,25148,77,3,"3","3",3,16,52,"+11.125","7114409","45","4","1:30.524","234.275",2021,10,"British Grand Prix",2021-07-18,"14:00:00","bottas","77","BOT","Valtteri","Bottas",1989-08-28,"Finnish","mercedes","Mercedes","German","Finished","silverstone","Silverstone Circuit","Silverstone","UK",52.0786,-1.01694,"153"
9,27,15,844,998,23981,16,9,"\N","R",19,0,18,"\N","\N","3","19","1:35.209","222.747",2018,10,"British Grand Prix",2018-07-08,"13:10:00","leclerc","16","LEC","Charles","Leclerc",1997-10-16,"Monegasque","sauber","Sauber","Swiss","Tyre","silverstone","Silverstone Circuit","Silverstone","UK",52.0786,-1.01694,"153"
9,1,15,815,849,20974,17,12,"7","7",7,6,52,"+1:05.590","5386786","35","7","1:36.656","219.413",2011,9,"British Grand Prix",2011-07-10,"12:00:00","perez","11","PER","Sergio","Pérez",1990-01-26,"Mexican","sauber","Sauber","Swiss","Finished","silverstone","Silverstone Circuit","Silverstone","UK",52.0786,-1.01694,"153"
9,1,9,842,1019,24389,10,5,"4","4",4,12,52,"+34.692","4903144","48","8","1:29.544","236.839",2019,10,"British Grand Prix",2019-07-14,"13:10:00","gasly","10","GAS","Pierre","Gasly",1996-02-07,"French","red_bull","Red Bull","Austrian","Finished","silverstone","Silverstone Circuit","Silverstone","UK",52.0786,-1.01694,"153"
9,6,4,835,957,23132,30,18,"\N","R",18,0,37,"\N","\N","36","18","1:39.755","212.596",2016,10,"British Grand Prix",2016-07-10,"12:00:00","jolyon_palmer","30","PAL","Jolyon","Palmer",1991-01-20,"British","renault","Renault","French","Gearbox","silverstone","Silverstone Circuit","Silverstone","UK",52.0786,-1.01694,"153"
9,1,1,18,887,21878,5,10,"13","13",13,0,52,"+25.969","5605425","39","16","1:36.356","220.096",2013,8,"British Grand Prix",2013-06-30,"12:00:00","button","22","BUT","Jenson","Button",1980-01-19,"British","mclaren","McLaren","British","Finished","silverstone","Silverstone Circuit","Silverstone","UK",52.0786,-1.01694,"153"
9,1,5,826,908,22314,26,9,"9","9",9,2,52,"+1:29.340","8901434","45","6","1:38.407","215.509",2014,9,"British Grand Prix",2014-07-06,"12:00:00","kvyat","26","KVY","Daniil","Kvyat",1994-04-26,"Russian","toro_rosso","Toro Rosso","Italian","Finished","silverstone","Silverstone Circuit","Silverstone","UK",52.0786,-1.01694,"153"
9,12,166,816,849,20984,25,22,"17","17",17,0,50,"\N","\N","30","20","1:40.560","210.894",2011,9,"British Grand Prix",2011-07-10,"12:00:00","ambrosio","\N","DAM","Jérôme","d'Ambrosio",1985-12-27,"Belgian","virgin","Virgin","British","+2 Laps","silverstone","Silverstone Circuit","Silverstone","UK",52.0786,-1.01694,"153"
9,11,10,815,978,23570,11,6,"9","9",9,2,50,"\N","\N","42","14","1:33.504","226.809",2017,10,"British Grand Prix",2017-07-16,"12:00:00","perez","11","PER","Sergio","Pérez",1990-01-26,"Mexican","force_india","Force India","Indian","+1 Lap","silverstone","Silverstone Circuit","Silverstone","UK",52.0786,-1.01694,"153"
9,1,10,16,849,20978,14,11,"11","11",11,0,52,"+1:19.712","5400908","42","9","1:36.744","219.213",2011,9,"British Grand Prix",2011-07-10,"12:00:00","sutil","99","SUT","Adrian","Sutil",1983-01-11,"German","force_india","Force India","Indian","Finished","silverstone","Silverstone Circuit","Silverstone","UK",52.0786,-1.01694,"153"
9,1,3,813,887,21876,16,15,"11","11",11,0,52,"+21.135","5600591","52","10","1:35.907","221.126",2013,8,"British Grand Prix",2013-06-30,"12:00:00","maldonado","13","MAL","Pastor","Maldonado",1985-03-09,"Venezuelan","williams","Williams","British","Finished","silverstone","Silverstone Circuit","Silverstone","UK",52.0786,-1.01694,"153"
9,11,3,849,1061,25159,6,17,"14","14",14,0,51,"\N","\N","51","16","1:32.477","229.328",2021,10,"British Grand Prix",2021-07-18,"14:00:00","latifi","6","LAT","Nicholas","Latifi",1995-06-29,"Canadian","williams","Williams","British","+1 Lap","silverstone","Silverstone Circuit","Silverstone","UK",52.0786,-1.01694,"153"
9,11,3,22,849,20980,11,15,"13","13",13,0,51,"\N","\N","38","8","1:36.733","219.238",2011,9,"British Grand Prix",2011-07-10,"12:00:00","barrichello","\N","BAR","Rubens","Barrichello",1972-05-23,"Brazilian","williams","Williams","British","+1 Lap","silverstone","Silverstone Circuit","Silverstone","UK",52.0786,-1.01694,"153"
9,1,9,17,887,21867,2,4,"2","2",2,18,52,"+0.765","5580221","52","1","1:33.401","227.059",2013,8,"British Grand Prix",2013-06-30,"12:00:00","webber","\N","WEB","Mark","Webber",1976-08-27,"Australian","red_bull","Red Bull","Austrian","Finished","silverstone","Silverstone Circuit","Silverstone","UK",52.0786,-1.01694,"153"
9,1,208,154,868,21429,10,9,"6","6",6,8,52,"+17.101","5128389","50","2","1:34.884","223.510",2012,9,"British Grand Prix",2012-07-08,"12:00:00","grosjean","8","GRO","Romain","Grosjean",1986-04-17,"French","lotus_f1","Lotus F1","British","Finished","silverstone","Silverstone Circuit","Silverstone","UK",52.0786,-1.01694,"153"
9,1,211,840,1034,24694,18,6,"9","9",9,2,52,"+37.311","5318594","44","13","1:30.475","234.402",2020,4,"British Grand Prix",2020-08-02,"13:10:00","stroll","18","STR","Lance","Stroll",1998-10-29,"Canadian","racing_point","Racing Point","British","Finished","silverstone","Silverstone Circuit","Silverstone","UK",52.0786,-1.01694,"153"
9,131,5,843,998,23982,28,0,"\N","R",20,0,1,"\N","\N","\N","0","\N","\N",2018,10,"British Grand Prix",2018-07-08,"13:10:00","brendon_hartley","28","HAR","Brendon","Hartley",1989-11-10,"New Zealander","toro_rosso","Toro Rosso","Italian","Power Unit","silverstone","Silverstone Circuit","Silverstone","UK",52.0786,-1.01694,"153"
9,1,131,822,1019,24387,77,1,"2","2",2,18,52,"+24.928","4893380","47","2","1:27.406","242.633",2019,10,"British Grand Prix",2019-07-14,"13:10:00","bottas","77","BOT","Valtteri","Bottas",1989-08-28,"Finnish","mercedes","Mercedes","German","Finished","silverstone","Silverstone Circuit","Silverstone","UK",52.0786,-1.01694,"153"
9,1,10,814,887,21874,14,21,"9","9",9,2,52,"+17.943","5597399","52","7","1:35.330","222.465",2013,8,"British Grand Prix",2013-06-30,"12:00:00","resta","\N","DIR","Paul","di Resta",1986-04-16,"British","force_india","Force India","Indian","Finished","silverstone","Silverstone Circuit","Silverstone","UK",52.0786,-1.01694,"153"
9,1,4,817,1034,24689,3,8,"4","4",4,12,52,"+19.650","5300933","49","5","1:29.482","237.004",2020,4,"British Grand Prix",2020-08-02,"13:10:00","ricciardo","3","RIC","Daniel","Ricciardo",1989-07-01,"Australian","renault","Renault","French","Finished","silverstone","Silverstone Circuit","Silverstone","UK",52.0786,-1.01694,"153"
9,4,210,825,1019,24405,20,16,"\N","R",20,0,6,"\N","\N","5","19","1:33.425","227.001",2019,10,"British Grand Prix",2019-07-14,"13:10:00","kevin_magnussen","20","MAG","Kevin","Magnussen",1992-10-05,"Danish","haas","Haas F1 Team","American","Collision","silverstone","Silverstone Circuit","Silverstone","UK",52.0786,-1.01694,"153"
9,1,3,822,908,22307,77,14,"2","2",2,18,52,"+30.135","8842229","34","4","1:38.264","215.822",2014,9,"British Grand Prix",2014-07-06,"12:00:00","bottas","77","BOT","Valtteri","Bottas",1989-08-28,"Finnish","williams","Williams","British","Finished","silverstone","Silverstone Circuit","Silverstone","UK",52.0786,-1.01694,"153"
9,1,6,8,998,23964,7,3,"3","3",3,15,52,"+3.652","5253436","51","2","1:30.795","233.576",2018,10,"British Grand Prix",2018-07-08,"13:10:00","raikkonen","7","RAI","Kimi","Räikkönen",1979-10-17,"Finnish","ferrari","Ferrari","Italian","Finished","silverstone","Silverstone Circuit","Silverstone","UK",52.0786,-1.01694,"153"
9,23,9,830,998,23977,33,5,"\N","R",15,0,46,"\N","\N","42","6","1:32.007","230.499",2018,10,"British Grand Prix",2018-07-08,"13:10:00","max_verstappen","33","VER","Max","Verstappen",1997-09-30,"Dutch","red_bull","Red Bull","Austrian","Brakes","silverstone","Silverstone Circuit","Silverstone","UK",52.0786,-1.01694,"153"
9,1,51,8,1019,24393,7,12,"8","8",8,4,52,"+1:05.540","4933992","51","14","1:30.034","235.551",2019,10,"British Grand Prix",2019-07-14,"13:10:00","raikkonen","7","RAI","Kimi","Räikkönen",1979-10-17,"Finnish","alfa","Alfa Romeo","Swiss","Finished","silverstone","Silverstone Circuit","Silverstone","UK",52.0786,-1.01694,"153"
9,1,51,841,1034,24699,99,15,"14","14",14,0,52,"+54.205","5335488","49","17","1:30.977","233.109",2020,4,"British Grand Prix",2020-08-02,"13:10:00","giovinazzi","99","GIO","Antonio","Giovinazzi",1993-12-14,"Italian","alfa","Alfa Romeo","Swiss","Finished","silverstone","Silverstone Circuit","Silverstone","UK",52.0786,-1.01694,"153"
9,4,15,815,868,21445,15,15,"\N","R",22,0,11,"\N","\N","3","22","1:39.781","212.541",2012,9,"British Grand Prix",2012-07-08,"12:00:00","perez","11","PER","Sergio","Pérez",1990-01-26,"Mexican","sauber","Sauber","Swiss","Collision","silverstone","Silverstone Circuit","Silverstone","UK",52.0786,-1.01694,"153"
9,4,210,154,1019,24404,8,14,"\N","R",19,0,9,"\N","\N","4","20","1:34.350","224.775",2019,10,"British Grand Prix",2019-07-14,"13:10:00","grosjean","8","GRO","Romain","Grosjean",1986-04-17,"French","haas","Haas F1 Team","American","Collision","silverstone","Silverstone Circuit","Silverstone","UK",52.0786,-1.01694,"153"
9,31,208,154,887,21884,8,7,"19","19",19,0,51,"\N","\N","48","9","1:35.614","221.804",2013,8,"British Grand Prix",2013-06-30,"12:00:00","grosjean","8","GRO","Romain","Grosjean",1986-04-17,"French","lotus_f1","Lotus F1","British","Retired","silverstone","Silverstone Circuit","Silverstone","UK",52.0786,-1.01694,"153"
9,11,5,826,978,23576,26,12,"15","15",15,0,50,"\N","\N","29","17","1:33.594","226.591",2017,10,"British Grand Prix",2017-07-16,"12:00:00","kvyat","26","KVY","Daniil","Kvyat",1994-04-26,"Russian","toro_rosso","Toro Rosso","Italian","+1 Lap","silverstone","Silverstone Circuit","Silverstone","UK",52.0786,-1.01694,"153"
9,11,210,154,978,23574,8,10,"13","13",13,0,50,"\N","\N","45","7","1:32.290","229.793",2017,10,"British Grand Prix",2017-07-16,"12:00:00","grosjean","8","GRO","Romain","Grosjean",1986-04-17,"French","haas","Haas F1 Team","American","+1 Lap","silverstone","Silverstone Circuit","Silverstone","UK",52.0786,-1.01694,"153"
9,1,213,842,1035,24716,10,7,"11","11",11,0,52,"+1:10.642","4852635","52","7","1:30.092","235.399",2020,5,"70th Anniversary Grand Prix",2020-08-09,"13:10:00","gasly","10","GAS","Pierre","Gasly",1996-02-07,"French","alphatauri","AlphaTauri","Italian","Finished","silverstone","Silverstone Circuit","Silverstone","UK",52.0786,-1.01694,"153"
9,1,208,8,887,21870,7,8,"5","5",5,10,52,"+11.257","5590713","49","8","1:35.384","222.339",2013,8,"British Grand Prix",2013-06-30,"12:00:00","raikkonen","7","RAI","Kimi","Räikkönen",1979-10-17,"Finnish","lotus_f1","Lotus F1","British","Finished","silverstone","Silverstone Circuit","Silverstone","UK",52.0786,-1.01694,"153"
9,1,3,849,1034,24700,6,18,"15","15",15,0,52,"+54.549","5335832","44","14","1:30.501","234.335",2020,4,"British Grand Prix",2020-08-02,"13:10:00","latifi","6","LAT","Nicholas","Latifi",1995-06-29,"Canadian","williams","Williams","British","Finished","silverstone","Silverstone Circuit","Silverstone","UK",52.0786,-1.01694,"153"
9,1,5,818,868,21437,17,23,"14","14",14,0,52,"+53.313","5164601","49","10","1:35.514","222.036",2012,9,"British Grand Prix",2012-07-08,"12:00:00","vergne","25","VER","Jean-Éric","Vergne",1990-04-25,"French","toro_rosso","Toro Rosso","Italian","Finished","silverstone","Silverstone Circuit","Silverstone","UK",52.0786,-1.01694,"153"
9,11,3,847,1061,25157,63,12,"12","12",12,0,51,"\N","\N","49","13","1:32.049","230.394",2021,10,"British Grand Prix",2021-07-18,"14:00:00","russell","63","RUS","George","Russell",1998-02-15,"British","williams","Williams","British","+1 Lap","silverstone","Silverstone Circuit","Silverstone","UK",52.0786,-1.01694,"153"
9,1,131,3,957,23117,6,2,"3","3",3,15,52,"+16.911","5712742","44","1","1:35.548","221.957",2016,10,"British Grand Prix",2016-07-10,"12:00:00","rosberg","6","ROS","Nico","Rosberg",1985-06-27,"German","mercedes","Mercedes","German","Finished","silverstone","Silverstone Circuit","Silverstone","UK",52.0786,-1.01694,"153"
9,11,51,841,1061,25158,99,15,"13","13",13,0,51,"\N","\N","49","15","1:32.346","229.653",2021,10,"British Grand Prix",2021-07-18,"14:00:00","giovinazzi","99","GIO","Antonio","Giovinazzi",1993-12-14,"Italian","alfa","Alfa Romeo","Swiss","+1 Lap","silverstone","Silverstone Circuit","Silverstone","UK",52.0786,-1.01694,"153"
9,11,1,4,934,22705,14,17,"10","10",10,1,51,"\N","\N","30","12","1:38.883","214.471",2015,9,"British Grand Prix",2015-07-05,"12:00:00","alonso","14","ALO","Fernando","Alonso",1981-07-29,"Spanish","mclaren","McLaren","British","+1 Lap","silverstone","Silverstone Circuit","Silverstone","UK",52.0786,-1.01694,"153"
9,11,210,853,1061,25162,9,19,"17","17",17,0,51,"\N","\N","51","18","1:32.909","228.262",2021,10,"British Grand Prix",2021-07-18,"14:00:00","mazepin","9","MAZ","Nikita","Mazepin",1999-03-02,"Russian","haas","Haas F1 Team","American","+1 Lap","silverstone","Silverstone Circuit","Silverstone","UK",52.0786,-1.01694,"153"
9,1,131,1,1019,24386,44,2,"1","1",1,26,52,"1:21:08.452","4868452","52","1","1:27.369","242.735",2019,10,"British Grand Prix",2019-07-14,"13:10:00","hamilton","44","HAM","Lewis","Hamilton",1985-01-07,"British","mercedes","Mercedes","German","Finished","silverstone","Silverstone Circuit","Silverstone","UK",52.0786,-1.01694,"153"
9,22,207,828,908,22324,9,21,"\N","R",19,0,11,"\N","\N","7","20","1:44.319","203.295",2014,9,"British Grand Prix",2014-07-06,"12:00:00","ericsson","9","ERI","Marcus","Ericsson",1990-09-02,"Swedish","caterham","Caterham","Malaysian","Suspension","silverstone","Silverstone Circuit","Silverstone","UK",52.0786,-1.01694,"153"
9,1,3,845,998,23975,35,18,"14","14",14,0,52,"+48.113","5297897","52","18","1:34.620","224.134",2018,10,"British Grand Prix",2018-07-08,"13:10:00","sirotkin","35","SIR","Sergey","Sirotkin",1995-08-27,"Russian","williams","Williams","British","Finished","silverstone","Silverstone Circuit","Silverstone","UK",52.0786,-1.01694,"153"
9,11,10,839,978,23569,31,7,"8","8",8,4,50,"\N","\N","39","15","1:33.521","226.768",2017,10,"British Grand Prix",2017-07-16,"12:00:00","ocon","31","OCO","Esteban","Ocon",1996-09-17,"French","force_india","Force India","Indian","+1 Lap","silverstone","Silverstone Circuit","Silverstone","UK",52.0786,-1.01694,"153"
9,11,5,818,908,22315,25,10,"10","10",10,1,51,"\N","\N","44","13","1:39.261","213.654",2014,9,"British Grand Prix",2014-07-06,"12:00:00","vergne","25","VER","Jean-Éric","Vergne",1990-04-25,"French","toro_rosso","Toro Rosso","Italian","+1 Lap","silverstone","Silverstone Circuit","Silverstone","UK",52.0786,-1.01694,"153"
9,11,51,8,1061,25160,7,13,"15","15",15,0,51,"\N","\N","48","11","1:31.895","230.780",2021,10,"British Grand Prix",2021-07-18,"14:00:00","raikkonen","7","RAI","Kimi","Räikkönen",1979-10-17,"Finnish","alfa","Alfa Romeo","Swiss","+1 Lap","silverstone","Silverstone Circuit","Silverstone","UK",52.0786,-1.01694,"153"
9,4,15,821,908,22325,21,19,"\N","R",20,0,9,"\N","\N","7","19","1:42.566","206.770",2014,9,"British Grand Prix",2014-07-06,"12:00:00","gutierrez","21","GUT","Esteban","Gutiérrez",1991-08-05,"Mexican","sauber","Sauber","Swiss","Collision","silverstone","Silverstone Circuit","Silverstone","UK",52.0786,-1.01694,"153"
9,11,1,18,957,23126,22,17,"12","12",12,0,51,"\N","\N","36","16","1:37.907","216.609",2016,10,"British Grand Prix",2016-07-10,"12:00:00","button","22","BUT","Jenson","Button",1980-01-19,"British","mclaren","McLaren","British","+1 Lap","silverstone","Silverstone Circuit","Silverstone","UK",52.0786,-1.01694,"153"
9,4,4,832,998,23979,55,16,"\N","R",17,0,37,"\N","\N","25","17","1:34.602","224.177",2018,10,"British Grand Prix",2018-07-08,"13:10:00","sainz","55","SAI","Carlos","Sainz",1994-09-01,"Spanish","renault","Renault","French","Collision","silverstone","Silverstone Circuit","Silverstone","UK",52.0786,-1.01694,"153"
9,3,213,826,1034,24703,26,19,"\N","R",18,0,11,"\N","\N","11","18","1:32.443","229.412",2020,4,"British Grand Prix",2020-08-02,"13:10:00","kvyat","26","KVY","Daniil","Kvyat",1994-04-26,"Russian","alphatauri","AlphaTauri","Italian","Accident","silverstone","Silverstone Circuit","Silverstone","UK",52.0786,-1.01694,"153"
9,1,1,846,1034,24690,4,5,"5","5",5,10,52,"+22.277","5303560","41","12","1:30.058","235.488",2020,4,"British Grand Prix",2020-08-02,"13:10:00","norris","4","NOR","Lando","Norris",1999-11-13,"British","mclaren","McLaren","British","Finished","silverstone","Silverstone Circuit","Silverstone","UK",52.0786,-1.01694,"153"
9,11,207,5,868,21440,20,19,"17","17",17,0,51,"\N","\N","37","19","1:38.050","216.293",2012,9,"British Grand Prix",2012-07-08,"12:00:00","kovalainen","\N","KOV","Heikki","Kovalainen",1981-10-19,"Finnish","caterham","Caterham","Malaysian","+1 Lap","silverstone","Silverstone Circuit","Silverstone","UK",52.0786,-1.01694,"153"
9,9,4,835,978,23581,30,11,"\N","R",20,0,0,"\N","\N","\N","0","\N","\N",2017,10,"British Grand Prix",2017-07-16,"12:00:00","jolyon_palmer","30","PAL","Jolyon","Palmer",1991-01-20,"British","renault","Renault","French","Hydraulics","silverstone","Silverstone Circuit","Silverstone","UK",52.0786,-1.01694,"153"
9,1,15,807,887,21875,11,14,"10","10",10,1,52,"+19.709","5599165","48","13","1:36.013","220.882",2013,8,"British Grand Prix",2013-06-30,"12:00:00","hulkenberg","27","HUL","Nico","Hülkenberg",1987-08-19,"German","sauber","Sauber","Swiss","Finished","silverstone","Silverstone Circuit","Silverstone","UK",52.0786,-1.01694,"153"
9,6,15,831,934,22715,12,16,"\N","W",20,0,0,"\N","\N","\N","0","\N","\N",2015,9,"British Grand Prix",2015-07-05,"12:00:00","nasr","12","NAS","Felipe","Nasr",1992-08-21,"Brazilian","sauber","Sauber","Swiss","Gearbox","silverstone","Silverstone Circuit","Silverstone","UK",52.0786,-1.01694,"153"
9,1,211,840,1035,24711,18,6,"6","6",6,8,52,"+42.538","4824531","45","15","1:30.877","233.365",2020,5,"70th Anniversary Grand Prix",2020-08-09,"13:10:00","stroll","18","STR","Lance","Stroll",1998-10-29,"Canadian","racing_point","Racing Point","British","Finished","silverstone","Silverstone Circuit","Silverstone","UK",52.0786,-1.01694,"153"
9,1,1,825,908,22312,20,5,"7","7",7,6,52,"+1:02.563","8874657","32","10","1:38.677","214.919",2014,9,"British Grand Prix",2014-07-06,"12:00:00","kevin_magnussen","20","MAG","Kevin","Magnussen",1992-10-05,"Danish","mclaren","McLaren","British","Finished","silverstone","Silverstone Circuit","Silverstone","UK",52.0786,-1.01694,"153"
9,1,4,807,1019,24395,27,10,"10","10",10,1,52,"+1:12.733","4941185","51","13","1:29.949","235.773",2019,10,"British Grand Prix",2019-07-14,"13:10:00","hulkenberg","27","HUL","Nico","Hülkenberg",1987-08-19,"German","renault","Renault","French","Finished","silverstone","Silverstone Circuit","Silverstone","UK",52.0786,-1.01694,"153"
9,1,131,822,1035,24708,77,1,"3","3",3,15,52,"+19.231","4801224","44","4","1:29.765","236.256",2020,5,"70th Anniversary Grand Prix",2020-08-09,"13:10:00","bottas","77","BOT","Valtteri","Bottas",1989-08-28,"Finnish","mercedes","Mercedes","German","Finished","silverstone","Silverstone Circuit","Silverstone","UK",52.0786,-1.01694,"153"
9,10,9,817,934,22710,3,10,"\N","R",15,0,21,"\N","\N","14","13","1:39.940","212.203",2015,9,"British Grand Prix",2015-07-05,"12:00:00","ricciardo","3","RIC","Daniel","Ricciardo",1989-07-01,"Australian","red_bull","Red Bull","Austrian","Electrical","silverstone","Silverstone Circuit","Silverstone","UK",52.0786,-1.01694,"153"
9,1,6,8,978,23564,7,2,"3","3",3,15,51,"+36.570","4924000","44","4","1:31.517","231.733",2017,10,"British Grand Prix",2017-07-16,"12:00:00","raikkonen","7","RAI","Kimi","Räikkönen",1979-10-17,"Finnish","ferrari","Ferrari","Italian","Finished","silverstone","Silverstone Circuit","Silverstone","UK",52.0786,-1.01694,"153"
9,1,1,4,998,23969,14,13,"8","8",8,4,52,"+31.115","5280899","52","10","1:33.482","226.862",2018,10,"British Grand Prix",2018-07-08,"13:10:00","alonso","14","ALO","Fernando","Alonso",1981-07-29,"Spanish","mclaren","McLaren","British","Finished","silverstone","Silverstone Circuit","Silverstone","UK",52.0786,-1.01694,"153"
9,4,6,8,908,22327,7,18,"\N","R",22,0,0,"\N","\N","\N","0","\N","\N",2014,9,"British Grand Prix",2014-07-06,"12:00:00","raikkonen","7","RAI","Kimi","Räikkönen",1979-10-17,"Finnish","ferrari","Ferrari","Italian","Collision","silverstone","Silverstone Circuit","Silverstone","UK",52.0786,-1.01694,"153"
9,11,10,815,934,22704,11,11,"9","9",9,2,51,"\N","\N","25","10","1:38.466","215.379",2015,9,"British Grand Prix",2015-07-05,"12:00:00","perez","11","PER","Sergio","Pérez",1990-01-26,"Mexican","force_india","Force India","Indian","+1 Lap","silverstone","Silverstone Circuit","Silverstone","UK",52.0786,-1.01694,"153"
9,1,9,826,934,22701,26,7,"6","6",6,8,52,"+1:03.955","5551684","28","7","1:37.910","216.603",2015,9,"British Grand Prix",2015-07-05,"12:00:00","kvyat","26","KVY","Daniil","Kvyat",1994-04-26,"Russian","red_bull","Red Bull","Austrian","Finished","silverstone","Silverstone Circuit","Silverstone","UK",52.0786,-1.01694,"153"
9,1,5,848,1019,24397,23,9,"12","12",12,0,52,"+1:15.617","4944069","46","15","1:30.872","233.378",2019,10,"British Grand Prix",2019-07-14,"13:10:00","albon","23","ALB","Alexander","Albon",1996-03-23,"Thai","toro_rosso","Toro Rosso","Italian","Finished","silverstone","Silverstone Circuit","Silverstone","UK",52.0786,-1.01694,"153"
9,4,208,813,934,22712,13,14,"\N","R",18,0,0,"\N","\N","\N","0","\N","\N",2015,9,"British Grand Prix",2015-07-05,"12:00:00","maldonado","13","MAL","Pastor","Maldonado",1985-03-09,"Venezuelan","lotus_f1","Lotus F1","British","Collision","silverstone","Silverstone Circuit","Silverstone","UK",52.0786,-1.01694,"153"
9,11,51,8,1034,24702,7,16,"17","17",17,0,51,"\N","\N","49","11","1:29.973","235.710",2020,4,"British Grand Prix",2020-08-02,"13:10:00","raikkonen","7","RAI","Kimi","Räikkönen",1979-10-17,"Finnish","alfa","Alfa Romeo","Swiss","+1 Lap","silverstone","Silverstone Circuit","Silverstone","UK",52.0786,-1.01694,"153"
9,10,5,832,934,22709,55,8,"\N","R",14,0,31,"\N","\N","26","11","1:38.697","214.875",2015,9,"British Grand Prix",2015-07-05,"12:00:00","sainz","55","SAI","Carlos","Sainz",1994-09-01,"Spanish","toro_rosso","Toro Rosso","Italian","Electrical","silverstone","Silverstone Circuit","Silverstone","UK",52.0786,-1.01694,"153"
9,11,3,13,978,23571,19,14,"10","10",10,1,50,"\N","\N","39","16","1:33.562","226.668",2017,10,"British Grand Prix",2017-07-16,"12:00:00","massa","19","MAS","Felipe","Massa",1981-04-25,"Brazilian","williams","Williams","British","+1 Lap","silverstone","Silverstone Circuit","Silverstone","UK",52.0786,-1.01694,"153"
9,12,164,24,849,20985,23,23,"18","18",18,0,50,"\N","\N","40","19","1:40.524","210.970",2011,9,"British Grand Prix",2011-07-10,"12:00:00","liuzzi","\N","LIU","Vitantonio","Liuzzi",1980-08-06,"Italian","hrt","HRT","Spanish","+2 Laps","silverstone","Silverstone Circuit","Silverstone","UK",52.0786,-1.01694,"153"
9,1,5,817,887,21873,19,5,"8","8",8,4,52,"+16.543","5595999","37","11","1:35.927","221.080",2013,8,"British Grand Prix",2013-06-30,"12:00:00","ricciardo","3","RIC","Daniel","Ricciardo",1989-07-01,"Australian","toro_rosso","Toro Rosso","Italian","Finished","silverstone","Silverstone Circuit","Silverstone","UK",52.0786,-1.01694,"153"
9,1,10,807,934,22702,27,9,"7","7",7,6,52,"+1:18.744","5566473","32","9","1:38.296","215.752",2015,9,"British Grand Prix",2015-07-05,"12:00:00","hulkenberg","27","HUL","Nico","Hülkenberg",1987-08-19,"German","force_india","Force India","Indian","Finished","silverstone","Silverstone Circuit","Silverstone","UK",52.0786,-1.01694,"153"
9,1,6,844,1035,24709,16,8,"4","4",4,12,52,"+29.289","4811282","39","8","1:30.552","234.203",2020,5,"70th Anniversary Grand Prix",2020-08-09,"13:10:00","leclerc","16","LEC","Charles","Leclerc",1997-10-16,"Monegasque","ferrari","Ferrari","Italian","Finished","silverstone","Silverstone Circuit","Silverstone","UK",52.0786,-1.01694,"153"
9,11,6,20,1019,24401,5,6,"16","16",16,0,51,"\N","\N","46","3","1:28.733","239.004",2019,10,"British Grand Prix",2019-07-14,"13:10:00","vettel","5","VET","Sebastian","Vettel",1987-07-03,"German","ferrari","Ferrari","Italian","+1 Lap","silverstone","Silverstone Circuit","Silverstone","UK",52.0786,-1.01694,"153"
9,1,9,817,957,23118,3,4,"4","4",4,12,52,"+26.211","5722042","52","4","1:36.013","220.882",2016,10,"British Grand Prix",2016-07-10,"12:00:00","ricciardo","3","RIC","Daniel","Ricciardo",1989-07-01,"Australian","red_bull","Red Bull","Austrian","Finished","silverstone","Silverstone Circuit","Silverstone","UK",52.0786,-1.01694,"153"
9,11,10,814,849,20982,15,6,"15","15",15,0,51,"\N","\N","48","16","1:37.936","216.545",2011,9,"British Grand Prix",2011-07-10,"12:00:00","resta","\N","DIR","Paul","di Resta",1986-04-16,"British","force_india","Force India","Indian","+1 Lap","silverstone","Silverstone Circuit","Silverstone","UK",52.0786,-1.01694,"153"
9,1,1,1,849,20971,3,10,"4","4",4,12,52,"+28.986","5350182","39","5","1:36.180","220.499",2011,9,"British Grand Prix",2011-07-10,"12:00:00","hamilton","44","HAM","Lewis","Hamilton",1985-01-07,"British","mclaren","McLaren","British","Finished","silverstone","Silverstone Circuit","Silverstone","UK",52.0786,-1.01694,"153"
9,4,3,13,908,22326,19,15,"\N","R",21,0,0,"\N","\N","\N","0","\N","\N",2014,9,"British Grand Prix",2014-07-06,"12:00:00","massa","19","MAS","Felipe","Massa",1981-04-25,"Brazilian","williams","Williams","British","Collision","silverstone","Silverstone Circuit","Silverstone","UK",52.0786,-1.01694,"153"
9,1,131,822,998,23965,77,4,"4","4",4,12,52,"+8.883","5258667","43","4","1:31.377","232.089",2018,10,"British Grand Prix",2018-07-08,"13:10:00","bottas","77","BOT","Valtteri","Bottas",1989-08-28,"Finnish","mercedes","Mercedes","German","Finished","silverstone","Silverstone Circuit","Silverstone","UK",52.0786,-1.01694,"153"
9,12,207,155,908,22320,10,22,"15","15",15,0,50,"\N","\N","31","18","1:41.462","209.020",2014,9,"British Grand Prix",2014-07-06,"12:00:00","kobayashi","10","KOB","Kamui","Kobayashi",1986-09-13,"Japanese","caterham","Caterham","Malaysian","+2 Laps","silverstone","Silverstone Circuit","Silverstone","UK",52.0786,-1.01694,"153"
9,1,4,2,849,20975,9,16,"8","8",8,4,52,"+1:15.542","5396738","37","14","1:37.117","218.371",2011,9,"British Grand Prix",2011-07-10,"12:00:00","heidfeld","\N","HEI","Nick","Heidfeld",1977-05-10,"German","renault","Renault","French","Finished","silverstone","Silverstone Circuit","Silverstone","UK",52.0786,-1.01694,"153"
9,11,1,838,978,23572,2,8,"11","11",11,0,50,"\N","\N","43","13","1:33.464","226.906",2017,10,"British Grand Prix",2017-07-16,"12:00:00","vandoorne","2","VAN","Stoffel","Vandoorne",1992-03-26,"Belgian","mclaren","McLaren","British","+1 Lap","silverstone","Silverstone Circuit","Silverstone","UK",52.0786,-1.01694,"153"
9,13,209,829,934,22708,28,19,"13","13",13,0,49,"\N","\N","28","14","1:41.919","208.082",2015,9,"British Grand Prix",2015-07-05,"12:00:00","stevens","28","STE","Will","Stevens",1991-06-28,"British","manor","Manor Marussia","British","+3 Laps","silverstone","Silverstone Circuit","Silverstone","UK",52.0786,-1.01694,"153"
9,1,131,3,934,22697,6,2,"2","2",2,18,52,"+10.956","5498685","24","2","1:37.403","217.730",2015,9,"British Grand Prix",2015-07-05,"12:00:00","rosberg","6","ROS","Nico","Rosberg",1985-06-27,"German","mercedes","Mercedes","German","Finished","silverstone","Silverstone Circuit","Silverstone","UK",52.0786,-1.01694,"153"
9,1,3,811,868,21432,19,13,"9","9",9,2,52,"+43.347","5154635","48","12","1:35.863","221.228",2012,9,"British Grand Prix",2012-07-08,"12:00:00","bruno_senna","\N","SEN","Bruno","Senna",1983-10-15,"Brazilian","williams","Williams","British","Finished","silverstone","Silverstone Circuit","Silverstone","UK",52.0786,-1.01694,"153"
9,11,210,825,978,23573,20,16,"12","12",12,0,50,"\N","\N","41","9","1:32.683","228.818",2017,10,"British Grand Prix",2017-07-16,"12:00:00","kevin_magnussen","20","MAG","Kevin","Magnussen",1992-10-05,"Danish","haas","Haas F1 Team","American","+1 Lap","silverstone","Silverstone Circuit","Silverstone","UK",52.0786,-1.01694,"153"
9,27,5,818,887,21887,18,12,"\N","R",22,0,35,"\N","\N","30","20","1:38.370","215.590",2013,8,"British Grand Prix",2013-06-30,"12:00:00","vergne","25","VER","Jean-Éric","Vergne",1990-04-25,"French","toro_rosso","Toro Rosso","Italian","Tyre","silverstone","Silverstone Circuit","Silverstone","UK",52.0786,-1.01694,"153"
9,6,205,5,849,20991,20,17,"\N","R",24,0,2,"\N","\N","2","24","2:10.404","162.629",2011,9,"British Grand Prix",2011-07-10,"12:00:00","kovalainen","\N","KOV","Heikki","Kovalainen",1981-10-19,"Finnish","lotus_racing","Lotus","Malaysian","Gearbox","silverstone","Silverstone Circuit","Silverstone","UK",52.0786,-1.01694,"153"
9,1,6,4,868,21425,5,1,"2","2",2,18,52,"+3.060","5114348","49","7","1:35.385","222.336",2012,9,"British Grand Prix",2012-07-08,"12:00:00","alonso","14","ALO","Fernando","Alonso",1981-07-29,"Spanish","ferrari","Ferrari","Italian","Finished","silverstone","Silverstone Circuit","Silverstone","UK",52.0786,-1.01694,"153"
9,11,3,847,1019,24399,63,19,"14","14",14,0,51,"\N","\N","50","16","1:31.013","233.017",2019,10,"British Grand Prix",2019-07-14,"13:10:00","russell","63","RUS","George","Russell",1998-02-15,"British","williams","Williams","British","+1 Lap","silverstone","Silverstone Circuit","Silverstone","UK",52.0786,-1.01694,"153"
9,1,131,3,849,20973,8,9,"6","6",6,8,52,"+1:00.665","5381861","32","13","1:37.073","218.470",2011,9,"British Grand Prix",2011-07-10,"12:00:00","rosberg","6","ROS","Nico","Rosberg",1985-06-27,"German","mercedes","Mercedes","German","Finished","silverstone","Silverstone Circuit","Silverstone","UK",52.0786,-1.01694,"153"
9,1,5,817,868,21436,16,12,"13","13",13,0,52,"+51.241","5162529","49","8","1:35.448","222.190",2012,9,"British Grand Prix",2012-07-08,"12:00:00","ricciardo","3","RIC","Daniel","Ricciardo",1989-07-01,"Australian","toro_rosso","Toro Rosso","Italian","Finished","silverstone","Silverstone Circuit","Silverstone","UK",52.0786,-1.01694,"153"
9,1,15,821,887,21879,12,17,"14","14",14,0,52,"+26.285","5605741","32","17","1:36.439","219.906",2013,8,"British Grand Prix",2013-06-30,"12:00:00","gutierrez","21","GUT","Esteban","Gutiérrez",1991-08-05,"Mexican","sauber","Sauber","Swiss","Finished","silverstone","Silverstone Circuit","Silverstone","UK",52.0786,-1.01694,"153"
9,11,3,840,978,23577,18,15,"16","16",16,0,50,"\N","\N","44","12","1:33.400","227.062",2017,10,"British Grand Prix",2017-07-16,"12:00:00","stroll","18","STR","Lance","Stroll",1998-10-29,"Canadian","williams","Williams","British","+1 Lap","silverstone","Silverstone Circuit","Silverstone","UK",52.0786,-1.01694,"153"
9,1,1,832,1034,24698,55,7,"13","13",13,0,52,"+53.370","5334653","47","10","1:29.948","235.776",2020,4,"British Grand Prix",2020-08-02,"13:10:00","sainz","55","SAI","Carlos","Sainz",1994-09-01,"Spanish","mclaren","McLaren","British","Finished","silverstone","Silverstone Circuit","Silverstone","UK",52.0786,-1.01694,"153"
9,1,4,839,1034,24691,31,9,"6","6",6,8,52,"+26.937","5308220","50","6","1:29.491","236.980",2020,4,"British Grand Prix",2020-08-02,"13:10:00","ocon","31","OCO","Esteban","Ocon",1996-09-17,"French","renault","Renault","French","Finished","silverstone","Silverstone Circuit","Silverstone","UK",52.0786,-1.01694,"153"
9,6,4,825,957,23131,20,16,"17","17",17,0,49,"\N","\N","43","12","1:37.619","217.248",2016,10,"British Grand Prix",2016-07-10,"12:00:00","kevin_magnussen","20","MAG","Kevin","Magnussen",1992-10-05,"Danish","renault","Renault","French","Gearbox","silverstone","Silverstone Circuit","Silverstone","UK",52.0786,-1.01694,"153"
9,1,131,1,1061,25146,44,2,"1","1",1,27,52,"1:58:23.284","7103284","45","2","1:29.699","236.430",2021,10,"British Grand Prix",2021-07-18,"14:00:00","hamilton","44","HAM","Lewis","Hamilton",1985-01-07,"British","mercedes","Mercedes","German","Finished","silverstone","Silverstone Circuit","Silverstone","UK",52.0786,-1.01694,"153"
9,12,206,820,908,22321,4,17,"16","16",16,0,50,"\N","\N","50","17","1:40.399","211.233",2014,9,"British Grand Prix",2014-07-06,"12:00:00","chilton","4","CHI","Max","Chilton",1991-04-21,"British","marussia","Marussia","Russian","+2 Laps","silverstone","Silverstone Circuit","Silverstone","UK",52.0786,-1.01694,"153"
9,1,9,17,868,21424,2,2,"1","1",1,25,52,"1:25:11.288","5111288","49","4","1:34.934","223.393",2012,9,"British Grand Prix",2012-07-08,"12:00:00","webber","\N","WEB","Mark","Webber",1976-08-27,"Australian","red_bull","Red Bull","Austrian","Finished","silverstone","Silverstone Circuit","Silverstone","UK",52.0786,-1.01694,"153"
9,11,206,10,868,21441,24,20,"18","18",18,0,51,"\N","\N","50","16","1:37.422","217.687",2012,9,"British Grand Prix",2012-07-08,"12:00:00","glock","\N","GLO","Timo","Glock",1982-03-18,"German","marussia","Marussia","Russian","+1 Lap","silverstone","Silverstone Circuit","Silverstone","UK",52.0786,-1.01694,"153"
9,1,1,838,998,23972,2,17,"11","11",11,0,52,"+35.774","5285558","48","11","1:33.551","226.695",2018,10,"British Grand Prix",2018-07-08,"13:10:00","vandoorne","2","VAN","Stoffel","Vandoorne",1992-03-26,"Belgian","mclaren","McLaren","British","Finished","silverstone","Silverstone Circuit","Silverstone","UK",52.0786,-1.01694,"153"
9,11,15,828,934,22706,9,15,"11","11",11,0,51,"\N","\N","31","8","1:38.131","216.115",2015,9,"British Grand Prix",2015-07-05,"12:00:00","ericsson","9","ERI","Marcus","Ericsson",1990-09-02,"Swedish","sauber","Sauber","Swiss","+1 Lap","silverstone","Silverstone Circuit","Silverstone","UK",52.0786,-1.01694,"153"
9,1,6,20,978,23568,5,3,"7","7",7,6,51,"+1:33.989","4981419","38","5","1:31.872","230.838",2017,10,"British Grand Prix",2017-07-16,"12:00:00","vettel","5","VET","Sebastian","Vettel",1987-07-03,"German","ferrari","Ferrari","Italian","Finished","silverstone","Silverstone Circuit","Silverstone","UK",52.0786,-1.01694,"153"
9,4,208,154,934,22714,8,12,"\N","R",17,0,0,"\N","\N","\N","0","\N","\N",2015,9,"British Grand Prix",2015-07-05,"12:00:00","grosjean","8","GRO","Romain","Grosjean",1986-04-17,"French","lotus_f1","Lotus F1","British","Collision","silverstone","Silverstone Circuit","Silverstone","UK",52.0786,-1.01694,"153"
9,1,9,817,978,23566,3,19,"5","5",5,10,51,"+1:05.955","4953385","47","6","1:31.874","230.833",2017,10,"British Grand Prix",2017-07-16,"12:00:00","ricciardo","3","RIC","Daniel","Ricciardo",1989-07-01,"Australian","red_bull","Red Bull","Austrian","Finished","silverstone","Silverstone Circuit","Silverstone","UK",52.0786,-1.01694,"153"
9,1,9,20,908,22310,1,2,"5","5",5,10,52,"+53.864","8865958","52","2","1:37.481","217.556",2014,9,"British Grand Prix",2014-07-06,"12:00:00","vettel","5","VET","Sebastian","Vettel",1987-07-03,"German","red_bull","Red Bull","Austrian","Finished","silverstone","Silverstone Circuit","Silverstone","UK",52.0786,-1.01694,"153"
9,1,214,4,1061,25152,14,7,"7","7",7,6,52,"+1:12.093","7175377","48","10","1:31.698","231.276",2021,10,"British Grand Prix",2021-07-18,"14:00:00","alonso","14","ALO","Fernando","Alonso",1981-07-29,"Spanish","alpine","Alpine F1 Team","French","Finished","silverstone","Silverstone Circuit","Silverstone","UK",52.0786,-1.01694,"153"
9,31,117,20,1061,25164,5,8,"\N","R",19,0,40,"\N","\N","35","19","1:33.059","227.894",2021,10,"British Grand Prix",2021-07-18,"14:00:00","vettel","5","VET","Sebastian","Vettel",1987-07-03,"German","aston_martin","Aston Martin","British","Retired","silverstone","Silverstone Circuit","Silverstone","UK",52.0786,-1.01694,"153"
9,11,15,836,978,23578,94,17,"17","17",17,0,50,"\N","\N","34","11","1:33.342","227.203",2017,10,"British Grand Prix",2017-07-16,"12:00:00","wehrlein","94","WEH","Pascal","Wehrlein",1994-10-18,"German","sauber","Sauber","Swiss","+1 Lap","silverstone","Silverstone Circuit","Silverstone","UK",52.0786,-1.01694,"153"
9,1,5,826,957,23124,26,15,"10","10",10,1,52,"+1:32.600","5788431","35","13","1:37.667","217.141",2016,10,"British Grand Prix",2016-07-10,"12:00:00","kvyat","26","KVY","Daniil","Kvyat",1994-04-26,"Russian","toro_rosso","Toro Rosso","Italian","Finished","silverstone","Silverstone Circuit","Silverstone","UK",52.0786,-1.01694,"153"
9,131,211,807,1034,24705,27,13,"\N","W",20,0,0,"\N","\N","\N","0","\N","\N",2020,4,"British Grand Prix",2020-08-02,"13:10:00","hulkenberg","27","HUL","Nico","Hülkenberg",1987-08-19,"German","racing_point","Racing Point","British","Power Unit","silverstone","Silverstone Circuit","Silverstone","UK",52.0786,-1.01694,"153"
9,1,10,807,868,21435,12,14,"12","12",12,0,52,"+47.856","5159144","37","13","1:35.981","220.956",2012,9,"British Grand Prix",2012-07-08,"12:00:00","hulkenberg","27","HUL","Nico","Hülkenberg",1987-08-19,"German","force_india","Force India","Indian","Finished","silverstone","Silverstone Circuit","Silverstone","UK",52.0786,-1.01694,"153"
9,61,1,18,849,20987,4,5,"\N","R",20,0,39,"\N","\N","31","10","1:36.982","218.675",2011,9,"British Grand Prix",2011-07-10,"12:00:00","button","22","BUT","Jenson","Button",1980-01-19,"British","mclaren","McLaren","British","Wheel nut","silverstone","Silverstone Circuit","Silverstone","UK",52.0786,-1.01694,"153"
9,1,131,30,868,21430,7,3,"7","7",7,6,52,"+29.153","5140441","52","6","1:35.191","222.789",2012,9,"British Grand Prix",2012-07-08,"12:00:00","michael_schumacher","\N","MSC","Michael","Schumacher",1969-01-03,"German","mercedes","Mercedes","German","Finished","silverstone","Silverstone Circuit","Silverstone","UK",52.0786,-1.01694,"153"
9,131,1,4,978,23579,14,20,"\N","R",18,0,32,"\N","\N","22","18","1:34.263","224.983",2017,10,"British Grand Prix",2017-07-16,"12:00:00","alonso","14","ALO","Fernando","Alonso",1981-07-29,"Spanish","mclaren","McLaren","British","Power Unit","silverstone","Silverstone Circuit","Silverstone","UK",52.0786,-1.01694,"153"
9,1,6,13,849,20972,6,4,"5","5",5,10,52,"+29.010","5350206","49","2","1:35.474","222.129",2011,9,"British Grand Prix",2011-07-10,"12:00:00","massa","19","MAS","Felipe","Massa",1981-04-25,"Brazilian","ferrari","Ferrari","Italian","Finished","silverstone","Silverstone Circuit","Silverstone","UK",52.0786,-1.01694,"153"
9,1,1,832,1019,24391,55,13,"6","6",6,8,52,"+53.639","4922091","50","11","1:29.757","236.277",2019,10,"British Grand Prix",2019-07-14,"13:10:00","sainz","55","SAI","Carlos","Sainz",1994-09-01,"Spanish","mclaren","McLaren","British","Finished","silverstone","Silverstone Circuit","Silverstone","UK",52.0786,-1.01694,"153"
9,11,210,854,1061,25163,47,18,"18","18",18,0,51,"\N","\N","50","17","1:32.862","228.377",2021,10,"British Grand Prix",2021-07-18,"14:00:00","mick_schumacher","47","MSC","Mick","Schumacher",1999-03-22,"German","haas","Haas F1 Team","American","+1 Lap","silverstone","Silverstone Circuit","Silverstone","UK",52.0786,-1.01694,"153"
9,1,9,848,1035,24710,23,9,"5","5",5,10,52,"+39.146","4821139","46","3","1:29.477","237.017",2020,5,"70th Anniversary Grand Prix",2020-08-09,"13:10:00","albon","23","ALB","Alexander","Albon",1996-03-23,"Thai","red_bull","Red Bull","Austrian","Finished","silverstone","Silverstone Circuit","Silverstone","UK",52.0786,-1.01694,"153"
9,20,51,841,1019,24403,99,11,"\N","R",18,0,18,"\N","\N","17","18","1:32.464","229.360",2019,10,"British Grand Prix",2019-07-14,"13:10:00","giovinazzi","99","GIO","Antonio","Giovinazzi",1993-12-14,"Italian","alfa","Alfa Romeo","Swiss","Spun off","silverstone","Silverstone Circuit","Silverstone","UK",52.0786,-1.01694,"153"
9,13,209,833,934,22707,98,20,"12","12",12,0,49,"\N","\N","26","15","1:42.324","207.259",2015,9,"British Grand Prix",2015-07-05,"12:00:00","merhi","98","MER","Roberto","Merhi",1991-03-22,"Spanish","manor","Manor Marussia","British","+3 Laps","silverstone","Silverstone Circuit","Silverstone","UK",52.0786,-1.01694,"153"
9,6,131,3,908,22323,6,1,"\N","R",18,0,28,"\N","\N","26","3","1:38.091","216.203",2014,9,"British Grand Prix",2014-07-06,"12:00:00","rosberg","6","ROS","Nico","Rosberg",1985-06-27,"German","mercedes","Mercedes","German","Gearbox","silverstone","Silverstone Circuit","Silverstone","UK",52.0786,-1.01694,"153"
9,20,5,830,934,22711,33,13,"\N","R",16,0,3,"\N","\N","3","16","2:20.776","150.647",2015,9,"British Grand Prix",2015-07-05,"12:00:00","max_verstappen","33","VER","Max","Verstappen",1997-09-30,"Dutch","toro_rosso","Toro Rosso","Italian","Spun off","silverstone","Silverstone Circuit","Silverstone","UK",52.0786,-1.01694,"153"
9,1,9,17,849,20970,2,1,"3","3",3,15,52,"+16.947","5338143","49","4","1:35.665","221.686",2011,9,"British Grand Prix",2011-07-10,"12:00:00","webber","\N","WEB","Mark","Webber",1976-08-27,"Australian","red_bull","Red Bull","Austrian","Finished","silverstone","Silverstone Circuit","Silverstone","UK",52.0786,-1.01694,"153"
9,1,6,13,887,21871,4,11,"6","6",6,8,52,"+14.573","5594029","51","6","1:35.273","222.598",2013,8,"British Grand Prix",2013-06-30,"12:00:00","massa","19","MAS","Felipe","Massa",1981-04-25,"Brazilian","ferrari","Ferrari","Italian","Finished","silverstone","Silverstone Circuit","Silverstone","UK",52.0786,-1.01694,"153"
9,11,3,13,957,23125,19,12,"11","11",11,0,51,"\N","\N","40","5","1:36.141","220.588",2016,10,"British Grand Prix",2016-07-10,"12:00:00","massa","19","MAS","Felipe","Massa",1981-04-25,"Brazilian","williams","Williams","British","+1 Lap","silverstone","Silverstone Circuit","Silverstone","UK",52.0786,-1.01694,"153"
9,1,1,846,1061,25149,4,5,"4","4",4,12,52,"+28.573","7131857","44","9","1:31.420","231.979",2021,10,"British Grand Prix",2021-07-18,"14:00:00","norris","4","NOR","Lando","Norris",1999-11-13,"British","mclaren","McLaren","British","Finished","silverstone","Silverstone Circuit","Silverstone","UK",52.0786,-1.01694,"153"
9,1,131,1,957,23115,44,1,"1","1",1,25,52,"1:34:55.831","5695831","45","3","1:35.771","221.440",2016,10,"British Grand Prix",2016-07-10,"12:00:00","hamilton","44","HAM","Lewis","Hamilton",1985-01-07,"British","mercedes","Mercedes","German","Finished","silverstone","Silverstone Circuit","Silverstone","UK",52.0786,-1.01694,"153"
9,1,1,846,1035,24714,4,10,"9","9",9,2,52,"+1:05.544","4847537","49","11","1:30.698","233.826",2020,5,"70th Anniversary Grand Prix",2020-08-09,"13:10:00","norris","4","NOR","Lando","Norris",1999-11-13,"British","mclaren","McLaren","British","Finished","silverstone","Silverstone Circuit","Silverstone","UK",52.0786,-1.01694,"153"
9,1,6,20,998,23962,5,2,"1","1",1,25,52,"1:27:29.784","5249784","47","1","1:30.696","233.831",2018,10,"British Grand Prix",2018-07-08,"13:10:00","vettel","5","VET","Sebastian","Vettel",1987-07-03,"German","ferrari","Ferrari","Italian","Finished","silverstone","Silverstone Circuit","Silverstone","UK",52.0786,-1.01694,"153"
9,1,1,832,1035,24718,55,12,"13","13",13,0,52,"+1:14.070","4856063","49","9","1:30.556","234.193",2020,5,"70th Anniversary Grand Prix",2020-08-09,"13:10:00","sainz","55","SAI","Carlos","Sainz",1994-09-01,"Spanish","mclaren","McLaren","British","Finished","silverstone","Silverstone Circuit","Silverstone","UK",52.0786,-1.01694,"153"
9,1,9,830,957,23116,33,3,"2","2",2,18,52,"+8.250","5704081","41","6","1:36.407","219.979",2016,10,"British Grand Prix",2016-07-10,"12:00:00","max_verstappen","33","VER","Max","Verstappen",1997-09-30,"Dutch","red_bull","Red Bull","Austrian","Finished","silverstone","Silverstone Circuit","Silverstone","UK",52.0786,-1.01694,"153"
9,13,208,813,908,22322,13,20,"17","17",17,0,49,"\N","\N","48","16","1:40.314","211.412",2014,9,"British Grand Prix",2014-07-06,"12:00:00","maldonado","13","MAL","Pastor","Maldonado",1985-03-09,"Venezuelan","lotus_f1","Lotus F1","British","+3 Laps","silverstone","Silverstone Circuit","Silverstone","UK",52.0786,-1.01694,"153"
9,1,5,153,849,20977,19,18,"10","10",10,1,52,"+1:19.108","5400304","38","15","1:37.160","218.275",2011,9,"British Grand Prix",2011-07-10,"12:00:00","alguersuari","\N","ALG","Jaime","Alguersuari",1990-03-23,"Spanish","toro_rosso","Toro Rosso","Italian","Finished","silverstone","Silverstone Circuit","Silverstone","UK",52.0786,-1.01694,"153"
9,1,3,13,934,22699,19,3,"4","4",4,12,52,"+36.839","5524568","26","3","1:37.466","217.589",2015,9,"British Grand Prix",2015-07-05,"12:00:00","massa","19","MAS","Felipe","Massa",1981-04-25,"Brazilian","williams","Williams","British","Finished","silverstone","Silverstone Circuit","Silverstone","UK",52.0786,-1.01694,"153"
9,13,164,817,849,20986,22,24,"19","19",19,0,49,"\N","\N","30","22","1:40.910","210.163",2011,9,"British Grand Prix",2011-07-10,"12:00:00","ricciardo","3","RIC","Daniel","Ricciardo",1989-07-01,"Australian","hrt","HRT","Spanish","+3 Laps","silverstone","Silverstone Circuit","Silverstone","UK",52.0786,-1.01694,"153"
9,1,131,3,868,21438,8,11,"15","15",15,0,52,"+57.394","5168682","49","11","1:35.750","221.489",2012,9,"British Grand Prix",2012-07-08,"12:00:00","rosberg","6","ROS","Nico","Rosberg",1985-06-27,"German","mercedes","Mercedes","German","Finished","silverstone","Silverstone Circuit","Silverstone","UK",52.0786,-1.01694,"153"
9,3,15,828,998,23980,9,15,"\N","R",18,0,31,"\N","\N","26","14","1:33.675","226.395",2018,10,"British Grand Prix",2018-07-08,"13:10:00","ericsson","9","ERI","Marcus","Ericsson",1990-09-02,"Swedish","sauber","Sauber","Swiss","Accident","silverstone","Silverstone Circuit","Silverstone","UK",52.0786,-1.01694,"153"
9,31,210,825,1035,24725,20,17,"\N","R",20,0,43,"\N","\N","39","20","1:31.830","230.944",2020,5,"70th Anniversary Grand Prix",2020-08-09,"13:10:00","kevin_magnussen","20","MAG","Kevin","Magnussen",1992-10-05,"Danish","haas","Haas F1 Team","American","Retired","silverstone","Silverstone Circuit","Silverstone","UK",52.0786,-1.01694,"153"
9,4,9,830,1061,25165,33,1,"\N","R",20,3,0,"\N","\N","\N","0","\N","\N",2021,10,"British Grand Prix",2021-07-18,"14:00:00","max_verstappen","33","VER","Max","Verstappen",1997-09-30,"Dutch","red_bull","Red Bull","Austrian","Collision","silverstone","Silverstone Circuit","Silverstone","UK",52.0786,-1.01694,"153"
9,1,6,20,934,22698,5,6,"3","3",3,15,52,"+25.443","5513172","31","6","1:37.707","217.053",2015,9,"British Grand Prix",2015-07-05,"12:00:00","vettel","5","VET","Sebastian","Vettel",1987-07-03,"German","ferrari","Ferrari","Italian","Finished","silverstone","Silverstone Circuit","Silverstone","UK",52.0786,-1.01694,"153"
9,1,131,1,978,23562,44,1,"1","1",1,25,51,"1:21:27.430","4887430","48","1","1:30.621","234.025",2017,10,"British Grand Prix",2017-07-16,"12:00:00","hamilton","44","HAM","Lewis","Hamilton",1985-01-07,"British","mercedes","Mercedes","German","Finished","silverstone","Silverstone Circuit","Silverstone","UK",52.0786,-1.01694,"153"
9,36,1,815,887,21885,6,13,"20","20",20,0,46,"\N","\N","37","14","1:36.131","220.611",2013,8,"British Grand Prix",2013-06-30,"12:00:00","perez","11","PER","Sergio","Pérez",1990-01-26,"Mexican","mclaren","McLaren","British","Wheel","silverstone","Silverstone Circuit","Silverstone","UK",52.0786,-1.01694,"153"
10,1,3,9,1020,24415,88,18,"10","10",10,1,64,"+24.987","6296262","63","13","1:19.062","208.271",2019,11,"German Grand Prix",2019-07-28,"13:10:00","kubica","88","KUB","Robert","Kubica",1984-12-07,"Polish","williams","Williams","British","Finished","hockenheimring","Hockenheimring","Hockenheim","Germany",49.3278,8.56583,"103"
10,1,10,807,869,21456,12,4,"9","9",9,2,67,"+48.162","5514024","56","7","1:19.372","207.458",2012,10,"German Grand Prix",2012-07-22,"12:00:00","hulkenberg","27","HUL","Nico","Hülkenberg",1987-08-19,"German","force_india","Force India","Indian","Finished","hockenheimring","Hockenheimring","Hockenheim","Germany",49.3278,8.56583,"103"
10,1,211,840,1020,24409,18,15,"4","4",4,12,64,"+8.966","6280241","61","8","1:17.831","211.566",2019,11,"German Grand Prix",2019-07-28,"13:10:00","stroll","18","STR","Lance","Stroll",1998-10-29,"Canadian","racing_point","Racing Point","British","Finished","hockenheimring","Hockenheimring","Hockenheim","Germany",49.3278,8.56583,"103"
10,131,15,831,959,23179,12,21,"\N","R",21,0,57,"\N","\N","45","19","1:21.420","202.240",2016,12,"German Grand Prix",2016-07-31,"12:00:00","nasr","12","NAS","Felipe","Nasr",1992-08-21,"Brazilian","sauber","Sauber","Swiss","Power Unit","hockenheimring","Hockenheimring","Hockenheim","Germany",49.3278,8.56583,"103"
10,1,131,1,909,22330,44,20,"3","3",3,15,67,"+22.530","5645444","53","1","1:19.908","206.066",2014,10,"German Grand Prix",2014-07-20,"12:00:00","hamilton","44","HAM","Lewis","Hamilton",1985-01-07,"British","mercedes","Mercedes","German","Finished","hockenheimring","Hockenheimring","Hockenheim","Germany",49.3278,8.56583,"103"
10,11,1,4,959,23170,14,13,"12","12",12,0,66,"\N","\N","50","13","1:20.132","205.490",2016,12,"German Grand Prix",2016-07-31,"12:00:00","alonso","14","ALO","Fernando","Alonso",1981-07-29,"Spanish","mclaren","McLaren","British","+1 Lap","hockenheimring","Hockenheimring","Hockenheim","Germany",49.3278,8.56583,"103"
10,11,5,826,959,23173,26,18,"15","15",15,0,66,"\N","\N","51","7","1:19.585","206.903",2016,12,"German Grand Prix",2016-07-31,"12:00:00","kvyat","26","KVY","Daniil","Kvyat",1994-04-26,"Russian","toro_rosso","Toro Rosso","Italian","+1 Lap","hockenheimring","Hockenheimring","Hockenheim","Germany",49.3278,8.56583,"103"
10,5,3,840,999,23999,18,18,"\N","R",17,0,53,"\N","\N","35","19","1:18.861","208.802",2018,11,"German Grand Prix",2018-07-22,"13:10:00","stroll","18","STR","Lance","Stroll",1998-10-29,"Canadian","williams","Williams","British","Engine","hockenheimring","Hockenheimring","Hockenheim","Germany",49.3278,8.56583,"103"
10,47,208,154,909,22348,8,14,"\N","R",21,0,26,"\N","\N","26","21","1:24.137","195.709",2014,10,"German Grand Prix",2014-07-20,"12:00:00","grosjean","8","GRO","Romain","Grosjean",1986-04-17,"French","lotus_f1","Lotus F1","British","Water leak","hockenheimring","Hockenheimring","Hockenheim","Germany",49.3278,8.56583,"103"
10,1,3,847,1020,24416,63,17,"11","11",11,0,64,"+26.404","6297679","60","3","1:17.485","212.510",2019,11,"German Grand Prix",2019-07-28,"13:10:00","russell","63","RUS","George","Russell",1998-02-15,"British","williams","Williams","British","Finished","hockenheimring","Hockenheimring","Hockenheim","Germany",49.3278,8.56583,"103"
10,11,208,813,909,22339,13,18,"12","12",12,0,66,"\N","\N","41","15","1:22.305","200.065",2014,10,"German Grand Prix",2014-07-20,"12:00:00","maldonado","13","MAL","Pastor","Maldonado",1985-03-09,"Venezuelan","lotus_f1","Lotus F1","British","+1 Lap","hockenheimring","Hockenheimring","Hockenheim","Germany",49.3278,8.56583,"103"
10,5,3,845,999,24001,35,12,"\N","R",19,0,51,"\N","\N","36","20","1:18.934","208.609",2018,11,"German Grand Prix",2018-07-22,"13:10:00","sirotkin","35","SIR","Sergey","Sirotkin",1995-08-27,"Russian","williams","Williams","British","Engine","hockenheimring","Hockenheimring","Hockenheim","Germany",49.3278,8.56583,"103"
10,1,10,807,909,22334,27,9,"7","7",7,6,67,"+1:04.178","5687092","44","13","1:22.098","200.570",2014,10,"German Grand Prix",2014-07-20,"12:00:00","hulkenberg","27","HUL","Nico","Hülkenberg",1987-08-19,"German","force_india","Force India","Indian","Finished","hockenheimring","Hockenheimring","Hockenheim","Germany",49.3278,8.56583,"103"
10,12,207,5,869,21466,20,16,"19","19",19,0,65,"\N","\N","61","20","1:20.596","204.307",2012,10,"German Grand Prix",2012-07-22,"12:00:00","kovalainen","\N","KOV","Heikki","Kovalainen",1981-10-19,"Finnish","caterham","Caterham","Malaysian","+2 Laps","hockenheimring","Hockenheimring","Hockenheim","Germany",49.3278,8.56583,"103"
10,11,3,811,869,21464,19,14,"17","17",17,0,66,"\N","\N","62","15","1:19.894","206.103",2012,10,"German Grand Prix",2012-07-22,"12:00:00","bruno_senna","\N","SEN","Bruno","Senna",1983-10-15,"Brazilian","williams","Williams","British","+1 Lap","hockenheimring","Hockenheimring","Hockenheim","Germany",49.3278,8.56583,"103"
10,1,131,30,869,21454,7,3,"7","7",7,6,67,"+28.970","5494832","57","1","1:18.725","209.163",2012,10,"German Grand Prix",2012-07-22,"12:00:00","michael_schumacher","\N","MSC","Michael","Schumacher",1969-01-03,"German","mercedes","Mercedes","German","Finished","hockenheimring","Hockenheimring","Hockenheim","Germany",49.3278,8.56583,"103"
10,12,207,155,909,22343,10,19,"16","16",16,0,65,"\N","\N","50","18","1:22.866","198.711",2014,10,"German Grand Prix",2014-07-20,"12:00:00","kobayashi","10","KOB","Kamui","Kobayashi",1986-09-13,"Japanese","caterham","Caterham","Malaysian","+2 Laps","hockenheimring","Hockenheimring","Hockenheim","Germany",49.3278,8.56583,"103"
10,20,211,815,1020,24425,11,8,"\N","R",20,0,1,"\N","\N","\N","0","\N","\N",2019,11,"German Grand Prix",2019-07-28,"13:10:00","perez","11","PER","Sergio","Pérez",1990-01-26,"Mexican","racing_point","Racing Point","British","Spun off","hockenheimring","Hockenheimring","Hockenheim","Germany",49.3278,8.56583,"103"
10,1,5,826,1020,24408,26,14,"3","3",3,15,64,"+8.305","6279580","61","6","1:17.708","211.900",2019,11,"German Grand Prix",2019-07-28,"13:10:00","kvyat","26","KVY","Daniil","Kvyat",1994-04-26,"Russian","toro_rosso","Toro Rosso","Italian","Finished","hockenheimring","Hockenheimring","Hockenheim","Germany",49.3278,8.56583,"103"
10,1,5,818,869,21461,17,15,"14","14",14,0,67,"+76.965","5542827","59","11","1:19.645","206.747",2012,10,"German Grand Prix",2012-07-22,"12:00:00","vergne","25","VER","Jean-Éric","Vergne",1990-04-25,"French","toro_rosso","Toro Rosso","Italian","Finished","hockenheimring","Hockenheimring","Hockenheim","Germany",49.3278,8.56583,"103"
10,1,9,830,1020,24406,33,2,"1","1",1,26,64,"1:44:31.275","6271275","61","1","1:16.645","214.839",2019,11,"German Grand Prix",2019-07-28,"13:10:00","max_verstappen","33","VER","Max","Verstappen",1997-09-30,"Dutch","red_bull","Red Bull","Austrian","Finished","hockenheimring","Hockenheimring","Hockenheim","Germany",49.3278,8.56583,"103"
10,11,5,818,909,22340,25,13,"13","13",13,0,66,"\N","\N","58","11","1:21.876","201.113",2014,10,"German Grand Prix",2014-07-20,"12:00:00","vergne","25","VER","Jean-Éric","Vergne",1990-04-25,"French","toro_rosso","Toro Rosso","Italian","+1 Lap","hockenheimring","Hockenheimring","Hockenheim","Germany",49.3278,8.56583,"103"
10,11,6,8,909,22338,7,12,"11","11",11,0,66,"\N","\N","55","7","1:21.338","202.444",2014,10,"German Grand Prix",2014-07-20,"12:00:00","raikkonen","7","RAI","Kimi","Räikkönen",1979-10-17,"Finnish","ferrari","Ferrari","Italian","+1 Lap","hockenheimring","Hockenheimring","Hockenheim","Germany",49.3278,8.56583,"103"
10,11,1,18,959,23166,22,12,"8","8",8,4,66,"\N","\N","48","9","1:19.781","206.395",2016,12,"German Grand Prix",2016-07-31,"12:00:00","button","22","BUT","Jenson","Button",1980-01-19,"British","mclaren","McLaren","British","+1 Lap","hockenheimring","Hockenheimring","Hockenheim","Germany",49.3278,8.56583,"103"
10,11,206,824,909,22342,17,17,"15","15",15,0,66,"\N","\N","57","16","1:22.522","199.539",2014,10,"German Grand Prix",2014-07-20,"12:00:00","jules_bianchi","17","BIA","Jules","Bianchi",1989-08-03,"French","marussia","Marussia","Russian","+1 Lap","hockenheimring","Hockenheimring","Hockenheim","Germany",49.3278,8.56583,"103"
10,44,5,826,909,22347,26,8,"\N","R",20,0,44,"\N","\N","34","14","1:22.179","200.372",2014,10,"German Grand Prix",2014-07-20,"12:00:00","kvyat","26","KVY","Daniil","Kvyat",1994-04-26,"Russian","toro_rosso","Toro Rosso","Italian","Oil leak","hockenheimring","Hockenheimring","Hockenheim","Germany",49.3278,8.56583,"103"
10,11,10,815,909,22337,11,10,"10","10",10,1,66,"\N","\N","54","4","1:20.752","203.913",2014,10,"German Grand Prix",2014-07-20,"12:00:00","perez","11","PER","Sergio","Pérez",1990-01-26,"Mexican","force_india","Force India","Indian","+1 Lap","hockenheimring","Hockenheimring","Hockenheim","Germany",49.3278,8.56583,"103"
10,1,9,20,869,21452,1,2,"5","5",5,10,67,"+23.732","5489594","61","4","1:19.161","208.011",2012,10,"German Grand Prix",2012-07-22,"12:00:00","vettel","5","VET","Sebastian","Vettel",1987-07-03,"German","red_bull","Red Bull","Austrian","Finished","hockenheimring","Hockenheimring","Hockenheim","Germany",49.3278,8.56583,"103"
10,11,15,844,999,23997,16,9,"15","15",15,0,66,"\N","\N","64","14","1:17.852","211.509",2018,11,"German Grand Prix",2018-07-22,"13:10:00","leclerc","16","LEC","Charles","Leclerc",1997-10-16,"Monegasque","sauber","Sauber","Swiss","+1 Lap","hockenheimring","Hockenheimring","Hockenheim","Germany",49.3278,8.56583,"103"
10,23,15,16,909,22346,99,15,"\N","R",19,0,47,"\N","\N","41","17","1:22.529","199.522",2014,10,"German Grand Prix",2014-07-20,"12:00:00","sutil","99","SUT","Adrian","Sutil",1983-01-11,"German","sauber","Sauber","Swiss","Brakes","hockenheimring","Hockenheimring","Hockenheim","Germany",49.3278,8.56583,"103"
10,11,3,813,869,21462,18,5,"15","15",15,0,66,"\N","\N","59","10","1:19.607","206.846",2012,10,"German Grand Prix",2012-07-22,"12:00:00","maldonado","13","MAL","Pastor","Maldonado",1985-03-09,"Venezuelan","williams","Williams","British","+1 Lap","hockenheimring","Hockenheimring","Hockenheim","Germany",49.3278,8.56583,"103"
10,11,4,825,959,23174,20,16,"16","16",16,0,66,"\N","\N","42","21","1:21.649","201.673",2016,12,"German Grand Prix",2016-07-31,"12:00:00","kevin_magnussen","20","MAG","Kevin","Magnussen",1992-10-05,"Danish","renault","Renault","French","+1 Lap","hockenheimring","Hockenheimring","Hockenheim","Germany",49.3278,8.56583,"103"
10,1,15,828,999,23991,9,13,"9","9",9,2,67,"+32.362","5582207","65","12","1:17.745","211.800",2018,11,"German Grand Prix",2018-07-22,"13:10:00","ericsson","9","ERI","Marcus","Ericsson",1990-09-02,"Swedish","sauber","Sauber","Swiss","Finished","hockenheimring","Hockenheimring","Hockenheim","Germany",49.3278,8.56583,"103"
10,1,6,13,869,21459,6,13,"12","12",12,0,67,"+71.428","5537290","67","5","1:19.225","207.843",2012,10,"German Grand Prix",2012-07-22,"12:00:00","massa","19","MAS","Felipe","Massa",1981-04-25,"Brazilian","ferrari","Ferrari","Italian","Finished","hockenheimring","Hockenheimring","Hockenheim","Germany",49.3278,8.56583,"103"
10,1,10,815,999,23989,11,10,"7","7",7,6,67,"+30.556","5580401","66","15","1:17.867","211.468",2018,11,"German Grand Prix",2018-07-22,"13:10:00","perez","11","PER","Sergio","Pérez",1990-01-26,"Mexican","force_india","Force India","Indian","Finished","hockenheimring","Hockenheimring","Hockenheim","Germany",49.3278,8.56583,"103"
10,1,1,832,1020,24410,55,7,"5","5",5,10,64,"+9.583","6280858","63","9","1:17.841","211.538",2019,11,"German Grand Prix",2019-07-28,"13:10:00","sainz","55","SAI","Carlos","Sainz",1994-09-01,"Spanish","mclaren","McLaren","British","Finished","hockenheimring","Hockenheimring","Hockenheim","Germany",49.3278,8.56583,"103"
10,1,9,817,909,22333,3,5,"6","6",6,8,67,"+52.549","5675463","53","5","1:20.846","203.676",2014,10,"German Grand Prix",2014-07-20,"12:00:00","ricciardo","3","RIC","Daniel","Ricciardo",1989-07-01,"Australian","red_bull","Red Bull","Austrian","Finished","hockenheimring","Hockenheimring","Hockenheim","Germany",49.3278,8.56583,"103"
10,1,9,17,869,21455,2,8,"8","8",8,4,67,"+46.941","5512803","59","14","1:19.794","206.361",2012,10,"German Grand Prix",2012-07-22,"12:00:00","webber","\N","WEB","Mark","Webber",1976-08-27,"Australian","red_bull","Red Bull","Austrian","Finished","hockenheimring","Hockenheimring","Hockenheim","Germany",49.3278,8.56583,"103"
10,1,5,843,999,23992,28,17,"10","10",10,1,67,"+34.197","5584042","66","9","1:17.681","211.974",2018,11,"German Grand Prix",2018-07-22,"13:10:00","brendon_hartley","28","HAR","Brendon","Hartley",1989-11-10,"New Zealander","toro_rosso","Toro Rosso","Italian","Finished","hockenheimring","Hockenheimring","Hockenheim","Germany",49.3278,8.56583,"103"
10,1,6,20,959,23163,5,6,"5","5",5,10,67,"+32.570","5476770","48","2","1:18.710","209.203",2016,12,"German Grand Prix",2016-07-31,"12:00:00","vettel","5","VET","Sebastian","Vettel",1987-07-03,"German","ferrari","Ferrari","Italian","Finished","hockenheimring","Hockenheimring","Hockenheim","Germany",49.3278,8.56583,"103"
10,1,210,154,999,23988,8,6,"6","6",6,8,67,"+28.871","5578716","66","5","1:16.716","214.641",2018,11,"German Grand Prix",2018-07-22,"13:10:00","grosjean","8","GRO","Romain","Grosjean",1986-04-17,"French","haas","Haas F1 Team","American","Finished","hockenheimring","Hockenheimring","Hockenheim","Germany",49.3278,8.56583,"103"
10,12,209,837,959,23178,88,19,"20","20",20,0,65,"\N","\N","56","22","1:21.845","201.190",2016,12,"German Grand Prix",2016-07-31,"12:00:00","haryanto","88","HAR","Rio","Haryanto",1993-01-22,"Indonesian","manor","Manor Marussia","British","+2 Laps","hockenheimring","Hockenheimring","Hockenheim","Germany",49.3278,8.56583,"103"
10,1,131,3,959,23162,6,1,"4","4",4,12,67,"+15.845","5460045","51","5","1:19.122","208.114",2016,12,"German Grand Prix",2016-07-31,"12:00:00","rosberg","6","ROS","Nico","Rosberg",1985-06-27,"German","mercedes","Mercedes","German","Finished","hockenheimring","Hockenheimring","Hockenheim","Germany",49.3278,8.56583,"103"
10,3,4,807,1020,24421,27,9,"\N","R",16,0,39,"\N","\N","18","17","1:29.576","183.826",2019,11,"German Grand Prix",2019-07-28,"13:10:00","hulkenberg","27","HUL","Nico","Hülkenberg",1987-08-19,"German","renault","Renault","French","Accident","hockenheimring","Hockenheimring","Hockenheim","Germany",49.3278,8.56583,"103"
10,1,131,3,869,21457,8,21,"10","10",10,1,67,"+48.889","5514751","59","3","1:19.105","208.158",2012,10,"German Grand Prix",2012-07-22,"12:00:00","rosberg","6","ROS","Nico","Rosberg",1985-06-27,"German","mercedes","Mercedes","German","Finished","hockenheimring","Hockenheimring","Hockenheim","Germany",49.3278,8.56583,"103"
10,1,131,1,959,23159,44,2,"1","1",1,25,67,"1:30:44.200","5444200","52","3","1:18.746","209.107",2016,12,"German Grand Prix",2016-07-31,"12:00:00","hamilton","44","HAM","Lewis","Hamilton",1985-01-07,"British","mercedes","Mercedes","German","Finished","hockenheimring","Hockenheimring","Hockenheim","Germany",49.3278,8.56583,"103"
10,3,6,20,999,24000,5,1,"\N","R",18,0,51,"\N","\N","39","6","1:17.290","213.046",2018,11,"German Grand Prix",2018-07-22,"13:10:00","vettel","5","VET","Sebastian","Vettel",1987-07-03,"German","ferrari","Ferrari","Italian","Accident","hockenheimring","Hockenheimring","Hockenheim","Germany",49.3278,8.56583,"103"
10,12,206,820,909,22344,4,21,"17","17",17,0,65,"\N","\N","50","19","1:23.035","198.306",2014,10,"German Grand Prix",2014-07-20,"12:00:00","chilton","4","CHI","Max","Chilton",1991-04-21,"British","marussia","Marussia","Russian","+2 Laps","hockenheimring","Hockenheimring","Hockenheim","Germany",49.3278,8.56583,"103"
10,11,10,815,959,23168,11,9,"10","10",10,1,66,"\N","\N","46","8","1:19.606","206.848",2016,12,"German Grand Prix",2016-07-31,"12:00:00","perez","11","PER","Sergio","Pérez",1990-01-26,"Mexican","force_india","Force India","Indian","+1 Lap","hockenheimring","Hockenheimring","Hockenheim","Germany",49.3278,8.56583,"103"
10,12,4,835,959,23177,30,14,"19","19",19,0,65,"\N","\N","55","17","1:21.127","202.970",2016,12,"German Grand Prix",2016-07-31,"12:00:00","jolyon_palmer","30","PAL","Jolyon","Palmer",1991-01-20,"British","renault","Renault","French","+2 Laps","hockenheimring","Hockenheimring","Hockenheim","Germany",49.3278,8.56583,"103"
10,1,4,807,999,23987,27,7,"5","5",5,10,67,"+26.609","5576454","66","16","1:17.910","211.351",2018,11,"German Grand Prix",2018-07-22,"13:10:00","hulkenberg","27","HUL","Nico","Hülkenberg",1987-08-19,"German","renault","Renault","French","Finished","hockenheimring","Hockenheimring","Hockenheim","Germany",49.3278,8.56583,"103"
10,11,207,808,869,21463,21,18,"16","16",16,0,66,"\N","\N","62","16","1:19.997","205.837",2012,10,"German Grand Prix",2012-07-22,"12:00:00","petrov","\N","PET","Vitaly","Petrov",1984-09-08,"Russian","caterham","Caterham","Malaysian","+1 Lap","hockenheimring","Hockenheimring","Hockenheim","Germany",49.3278,8.56583,"103"
10,1,15,815,869,21453,15,17,"6","6",6,8,67,"+27.896","5493758","62","6","1:19.270","207.725",2012,10,"German Grand Prix",2012-07-22,"12:00:00","perez","11","PER","Sergio","Pérez",1990-01-26,"Mexican","sauber","Sauber","Swiss","Finished","hockenheimring","Hockenheimring","Hockenheim","Germany",49.3278,8.56583,"103"
10,13,206,10,869,21469,24,22,"22","22",22,0,64,"\N","\N","54","24","1:22.778","198.922",2012,10,"German Grand Prix",2012-07-22,"12:00:00","glock","\N","GLO","Timo","Glock",1982-03-18,"German","marussia","Marussia","Russian","+3 Laps","hockenheimring","Hockenheimring","Hockenheim","Germany",49.3278,8.56583,"103"
10,1,9,830,999,23986,33,4,"4","4",4,12,67,"+7.654","5557499","66","3","1:15.852","217.085",2018,11,"German Grand Prix",2018-07-22,"13:10:00","max_verstappen","33","VER","Max","Verstappen",1997-09-30,"Dutch","red_bull","Red Bull","Austrian","Finished","hockenheimring","Hockenheimring","Hockenheim","Germany",49.3278,8.56583,"103"
10,11,1,825,909,22336,20,4,"9","9",9,2,66,"\N","\N","56","2","1:20.224","205.255",2014,10,"German Grand Prix",2014-07-20,"12:00:00","kevin_magnussen","20","MAG","Kevin","Magnussen",1992-10-05,"Danish","mclaren","McLaren","British","+1 Lap","hockenheimring","Hockenheimring","Hockenheim","Germany",49.3278,8.56583,"103"
10,1,10,839,999,23990,31,15,"8","8",8,4,67,"+31.750","5581595","64","17","1:17.941","211.267",2018,11,"German Grand Prix",2018-07-22,"13:10:00","ocon","31","OCO","Esteban","Ocon",1996-09-17,"French","force_india","Force India","Indian","Finished","hockenheimring","Hockenheimring","Hockenheim","Germany",49.3278,8.56583,"103"
10,1,6,4,869,21448,5,1,"1","1",1,25,67,"1:31:05.862","5465862","66","2","1:19.044","208.319",2012,10,"German Grand Prix",2012-07-22,"12:00:00","alonso","14","ALO","Fernando","Alonso",1981-07-29,"Spanish","ferrari","Ferrari","Italian","Finished","hockenheimring","Hockenheimring","Hockenheim","Germany",49.3278,8.56583,"103"
10,1,6,4,909,22332,14,7,"5","5",5,10,67,"+52.467","5675381","57","3","1:20.548","204.429",2014,10,"German Grand Prix",2014-07-20,"12:00:00","alonso","14","ALO","Fernando","Alonso",1981-07-29,"Spanish","ferrari","Ferrari","Italian","Finished","hockenheimring","Hockenheimring","Hockenheim","Germany",49.3278,8.56583,"103"
10,3,6,844,1020,24422,16,10,"\N","R",17,0,27,"\N","\N","17","16","1:27.697","187.764",2019,11,"German Grand Prix",2019-07-28,"13:10:00","leclerc","16","LEC","Charles","Leclerc",1997-10-16,"Monegasque","ferrari","Ferrari","Italian","Accident","hockenheimring","Hockenheimring","Hockenheim","Germany",49.3278,8.56583,"103"
10,75,1,846,1020,24423,4,19,"\N","R",18,0,25,"\N","\N","16","18","1:31.081","180.788",2019,11,"German Grand Prix",2019-07-28,"13:10:00","norris","4","NOR","Lando","Norris",1999-11-13,"British","mclaren","McLaren","British","Power loss","hockenheimring","Hockenheimring","Hockenheim","Germany",49.3278,8.56583,"103"
10,1,1,18,909,22335,22,11,"8","8",8,4,67,"+1:24.711","5707625","64","8","1:21.346","202.424",2014,10,"German Grand Prix",2014-07-20,"12:00:00","button","22","BUT","Jenson","Button",1980-01-19,"British","mclaren","McLaren","British","Finished","hockenheimring","Hockenheimring","Hockenheim","Germany",49.3278,8.56583,"103"
10,45,1,1,869,21471,4,7,"\N","R",24,0,56,"\N","\N","34","19","1:20.091","205.596",2012,10,"German Grand Prix",2012-07-22,"12:00:00","hamilton","44","HAM","Lewis","Hamilton",1985-01-07,"British","mclaren","McLaren","British","+11 Laps","hockenheimring","Hockenheimring","Hockenheim","Germany",49.3278,8.56583,"103"
10,1,1,18,869,21449,3,6,"2","2",2,18,67,"+6.949","5472811","67","8","1:19.469","207.205",2012,10,"German Grand Prix",2012-07-22,"12:00:00","button","22","BUT","Jenson","Button",1980-01-19,"British","mclaren","McLaren","British","Finished","hockenheimring","Hockenheimring","Hockenheim","Germany",49.3278,8.56583,"103"
10,31,1,4,999,23998,14,11,"16","16",16,0,65,"\N","\N","60","11","1:17.741","211.811",2018,11,"German Grand Prix",2018-07-22,"13:10:00","alonso","14","ALO","Fernando","Alonso",1981-07-29,"Spanish","mclaren","McLaren","British","Retired","hockenheimring","Hockenheimring","Hockenheim","Germany",49.3278,8.56583,"103"
10,13,164,37,869,21468,22,23,"21","21",21,0,64,"\N","\N","51","23","1:22.407","199.817",2012,10,"German Grand Prix",2012-07-22,"12:00:00","rosa","\N","DLR","Pedro","de la Rosa",1971-02-24,"Spanish","hrt","HRT","Spanish","+3 Laps","hockenheimring","Hockenheimring","Hockenheim","Germany",49.3278,8.56583,"103"
10,1,131,822,999,23984,77,2,"2","2",2,18,67,"+4.535","5554380","65","2","1:15.721","217.461",2018,11,"German Grand Prix",2018-07-22,"13:10:00","bottas","77","BOT","Valtteri","Bottas",1989-08-28,"Finnish","mercedes","Mercedes","German","Finished","hockenheimring","Hockenheimring","Hockenheim","Germany",49.3278,8.56583,"103"
10,11,5,832,959,23172,55,15,"14","14",14,0,66,"\N","\N","54","11","1:19.957","205.940",2016,12,"German Grand Prix",2016-07-31,"12:00:00","sainz","55","SAI","Carlos","Sainz",1994-09-01,"Spanish","toro_rosso","Toro Rosso","Italian","+1 Lap","hockenheimring","Hockenheimring","Hockenheim","Germany",49.3278,8.56583,"103"
10,5,9,817,999,24002,3,20,"\N","R",20,0,27,"\N","\N","22","18","1:18.262","210.400",2018,11,"German Grand Prix",2018-07-22,"13:10:00","ricciardo","3","RIC","Daniel","Ricciardo",1989-07-01,"Australian","red_bull","Red Bull","Austrian","Engine","hockenheimring","Hockenheimring","Hockenheim","Germany",49.3278,8.56583,"103"
10,13,164,39,869,21470,23,24,"23","23",23,0,64,"\N","\N","55","22","1:21.788","201.330",2012,10,"German Grand Prix",2012-07-22,"12:00:00","karthikeyan","\N","KAR","Narain","Karthikeyan",1977-01-14,"Indian","hrt","HRT","Spanish","+3 Laps","hockenheimring","Hockenheimring","Hockenheim","Germany",49.3278,8.56583,"103"
10,4,3,13,909,22349,19,3,"\N","R",22,0,0,"\N","\N","\N","0","\N","\N",2014,10,"German Grand Prix",2014-07-20,"12:00:00","massa","19","MAS","Felipe","Massa",1981-04-25,"Brazilian","williams","Williams","British","Collision","hockenheimring","Hockenheimring","Hockenheim","Germany",49.3278,8.56583,"103"
10,4,9,842,1020,24419,10,4,"14","14",14,0,61,"\N","\N","56","4","1:17.495","212.483",2019,11,"German Grand Prix",2019-07-28,"13:10:00","gasly","10","GAS","Pierre","Gasly",1996-02-07,"French","red_bull","Red Bull","Austrian","Collision","hockenheimring","Hockenheimring","Hockenheim","Germany",49.3278,8.56583,"103"
10,1,210,825,999,23993,20,5,"11","11",11,0,67,"+34.919","5584764","66","10","1:17.697","211.930",2018,11,"German Grand Prix",2018-07-22,"13:10:00","kevin_magnussen","20","MAG","Kevin","Magnussen",1992-10-05,"Danish","haas","Haas F1 Team","American","Finished","hockenheimring","Hockenheimring","Hockenheim","Germany",49.3278,8.56583,"103"
10,1,9,817,959,23160,3,3,"2","2",2,18,67,"+6.996","5451196","48","1","1:18.442","209.918",2016,12,"German Grand Prix",2016-07-31,"12:00:00","ricciardo","3","RIC","Daniel","Ricciardo",1989-07-01,"Australian","red_bull","Red Bull","Austrian","Finished","hockenheimring","Hockenheimring","Hockenheim","Germany",49.3278,8.56583,"103"
10,3,131,822,1020,24420,77,3,"\N","R",15,0,56,"\N","\N","54","11","1:18.272","210.374",2019,11,"German Grand Prix",2019-07-28,"13:10:00","bottas","77","BOT","Valtteri","Bottas",1989-08-28,"Finnish","mercedes","Mercedes","German","Accident","hockenheimring","Hockenheimring","Hockenheim","Germany",49.3278,8.56583,"103"
10,11,5,842,999,23996,10,16,"14","14",14,0,66,"\N","\N","66","13","1:17.762","211.753",2018,11,"German Grand Prix",2018-07-22,"13:10:00","gasly","10","GAS","Pierre","Gasly",1996-02-07,"French","toro_rosso","Toro Rosso","Italian","+1 Lap","hockenheimring","Hockenheimring","Hockenheim","Germany",49.3278,8.56583,"103"
10,1,9,20,909,22331,1,6,"4","4",4,12,67,"+44.014","5666928","39","10","1:21.545","201.930",2014,10,"German Grand Prix",2014-07-20,"12:00:00","vettel","5","VET","Sebastian","Vettel",1987-07-03,"German","red_bull","Red Bull","Austrian","Finished","hockenheimring","Hockenheimring","Hockenheim","Germany",49.3278,8.56583,"103"
10,1,4,832,999,23994,55,8,"12","12",12,0,67,"+43.069","5592914","63","7","1:17.430","212.661",2018,11,"German Grand Prix",2018-07-22,"13:10:00","sainz","55","SAI","Carlos","Sainz",1994-09-01,"Spanish","renault","Renault","French","Finished","hockenheimring","Hockenheimring","Hockenheim","Germany",49.3278,8.56583,"103"
10,11,208,154,869,21465,10,19,"18","18",18,0,66,"\N","\N","60","17","1:20.013","205.796",2012,10,"German Grand Prix",2012-07-22,"12:00:00","grosjean","8","GRO","Romain","Grosjean",1986-04-17,"French","lotus_f1","Lotus F1","British","+1 Lap","hockenheimring","Hockenheimring","Hockenheim","Germany",49.3278,8.56583,"103"
10,12,209,836,959,23175,94,17,"17","17",17,0,65,"\N","\N","49","16","1:20.710","204.019",2016,12,"German Grand Prix",2016-07-31,"12:00:00","wehrlein","94","WEH","Pascal","Wehrlein",1994-10-18,"German","manor","Manor Marussia","British","+2 Laps","hockenheimring","Hockenheimring","Hockenheim","Germany",49.3278,8.56583,"103"
10,12,207,828,909,22345,9,22,"18","18",18,0,65,"\N","\N","49","20","1:23.230","197.842",2014,10,"German Grand Prix",2014-07-20,"12:00:00","ericsson","9","ERI","Marcus","Ericsson",1990-09-02,"Swedish","caterham","Caterham","Malaysian","+2 Laps","hockenheimring","Hockenheimring","Hockenheim","Germany",49.3278,8.56583,"103"
10,1,6,8,999,23985,7,3,"3","3",3,15,67,"+6.732","5556577","64","4","1:15.990","216.691",2018,11,"German Grand Prix",2018-07-22,"13:10:00","raikkonen","7","RAI","Kimi","Räikkönen",1979-10-17,"Finnish","ferrari","Ferrari","Italian","Finished","hockenheimring","Hockenheimring","Hockenheim","Germany",49.3278,8.56583,"103"
10,43,4,817,1020,24424,3,13,"\N","R",19,0,13,"\N","\N","10","19","1:32.654","177.719",2019,11,"German Grand Prix",2019-07-28,"13:10:00","ricciardo","3","RIC","Daniel","Ricciardo",1989-07-01,"Australian","renault","Renault","French","Exhaust","hockenheimring","Hockenheimring","Hockenheim","Germany",49.3278,8.56583,"103"
10,1,1,838,999,23995,2,19,"13","13",13,0,67,"+46.617","5596462","67","8","1:17.537","212.368",2018,11,"German Grand Prix",2018-07-22,"13:10:00","vandoorne","2","VAN","Stoffel","Vandoorne",1992-03-26,"Belgian","mclaren","McLaren","British","Finished","hockenheimring","Hockenheimring","Hockenheim","Germany",49.3278,8.56583,"103"
10,1,210,825,1020,24413,20,12,"8","8",8,4,64,"+18.765","6290040","62","5","1:17.507","212.450",2019,11,"German Grand Prix",2019-07-28,"13:10:00","kevin_magnussen","20","MAG","Kevin","Magnussen",1992-10-05,"Danish","haas","Haas F1 Team","American","Finished","hockenheimring","Hockenheimring","Hockenheim","Germany",49.3278,8.56583,"103"
10,11,210,154,959,23171,8,20,"13","13",13,0,66,"\N","\N","58","14","1:20.250","205.188",2016,12,"German Grand Prix",2016-07-31,"12:00:00","grosjean","8","GRO","Romain","Grosjean",1986-04-17,"French","haas","Haas F1 Team","American","+1 Lap","hockenheimring","Hockenheimring","Hockenheim","Germany",49.3278,8.56583,"103"
10,1,131,3,909,22328,6,1,"1","1",1,25,67,"1:33:42.914","5622914","67","6","1:21.298","202.543",2014,10,"German Grand Prix",2014-07-20,"12:00:00","rosberg","6","ROS","Nico","Rosberg",1985-06-27,"German","mercedes","Mercedes","German","Finished","hockenheimring","Hockenheimring","Hockenheim","Germany",49.3278,8.56583,"103"
10,22,3,13,959,23180,19,10,"\N","R",22,0,36,"\N","\N","31","20","1:21.476","202.101",2016,12,"German Grand Prix",2016-07-31,"12:00:00","massa","19","MAS","Felipe","Massa",1981-04-25,"Brazilian","williams","Williams","British","Suspension","hockenheimring","Hockenheimring","Hockenheim","Germany",49.3278,8.56583,"103"
10,11,15,821,909,22341,21,16,"14","14",14,0,66,"\N","\N","61","12","1:22.008","200.790",2014,10,"German Grand Prix",2014-07-20,"12:00:00","gutierrez","21","GUT","Esteban","Gutiérrez",1991-08-05,"Mexican","sauber","Sauber","Swiss","+1 Lap","hockenheimring","Hockenheimring","Hockenheim","Germany",49.3278,8.56583,"103"
10,1,5,848,1020,24411,23,16,"6","6",6,8,64,"+10.052","6281327","63","10","1:17.850","211.514",2019,11,"German Grand Prix",2019-07-28,"13:10:00","albon","23","ALB","Alexander","Albon",1996-03-23,"Thai","toro_rosso","Toro Rosso","Italian","Finished","hockenheimring","Hockenheimring","Hockenheim","Germany",49.3278,8.56583,"103"
10,1,131,1,999,23983,44,14,"1","1",1,25,67,"1:32:29.845","5549845","66","1","1:15.545","217.968",2018,11,"German Grand Prix",2018-07-22,"13:10:00","hamilton","44","HAM","Lewis","Hamilton",1985-01-07,"British","mercedes","Mercedes","German","Finished","hockenheimring","Hockenheimring","Hockenheim","Germany",49.3278,8.56583,"103"
10,1,10,807,959,23165,27,8,"7","7",7,6,67,"+1:10.049","5514249","46","12","1:20.056","205.686",2016,12,"German Grand Prix",2016-07-31,"12:00:00","hulkenberg","27","HUL","Nico","Hülkenberg",1987-08-19,"German","force_india","Force India","Indian","Finished","hockenheimring","Hockenheimring","Hockenheim","Germany",49.3278,8.56583,"103"
10,1,15,155,869,21451,14,12,"4","4",4,12,67,"+21.925","5487787","56","9","1:19.485","207.163",2012,10,"German Grand Prix",2012-07-22,"12:00:00","kobayashi","10","KOB","Kamui","Kobayashi",1986-09-13,"Japanese","sauber","Sauber","Swiss","Finished","hockenheimring","Hockenheimring","Hockenheim","Germany",49.3278,8.56583,"103"
10,1,51,8,1020,24417,7,5,"12","12",12,0,64,"+42.214","6313489","60","15","1:19.563","206.960",2019,11,"German Grand Prix",2019-07-28,"13:10:00","raikkonen","7","RAI","Kimi","Räikkönen",1979-10-17,"Finnish","alfa","Alfa Romeo","Swiss","Finished","hockenheimring","Hockenheimring","Hockenheim","Germany",49.3278,8.56583,"103"
10,11,3,822,959,23167,77,7,"9","9",9,2,66,"\N","\N","36","15","1:20.442","204.699",2016,12,"German Grand Prix",2016-07-31,"12:00:00","bottas","77","BOT","Valtteri","Bottas",1989-08-28,"Finnish","williams","Williams","British","+1 Lap","hockenheimring","Hockenheimring","Hockenheim","Germany",49.3278,8.56583,"103"
10,1,6,20,1020,24407,5,20,"2","2",2,18,64,"+7.333","6278608","63","2","1:16.794","214.423",2019,11,"German Grand Prix",2019-07-28,"13:10:00","vettel","5","VET","Sebastian","Vettel",1987-07-03,"German","ferrari","Ferrari","Italian","Finished","hockenheimring","Hockenheimring","Hockenheim","Germany",49.3278,8.56583,"103"
10,12,15,828,959,23176,9,22,"18","18",18,0,65,"\N","\N","35","18","1:21.212","202.758",2016,12,"German Grand Prix",2016-07-31,"12:00:00","ericsson","9","ERI","Marcus","Ericsson",1990-09-02,"Swedish","sauber","Sauber","Swiss","+2 Laps","hockenheimring","Hockenheimring","Hockenheim","Germany",49.3278,8.56583,"103"
10,11,210,821,959,23169,21,11,"11","11",11,0,66,"\N","\N","56","10","1:19.883","206.131",2016,12,"German Grand Prix",2016-07-31,"12:00:00","gutierrez","21","GUT","Esteban","Gutiérrez",1991-08-05,"Mexican","haas","Haas F1 Team","American","+1 Lap","hockenheimring","Hockenheimring","Hockenheim","Germany",49.3278,8.56583,"103"
10,1,208,8,869,21450,9,10,"3","3",3,15,67,"+16.409","5482271","62","13","1:19.719","206.555",2012,10,"German Grand Prix",2012-07-22,"12:00:00","raikkonen","7","RAI","Kimi","Räikkönen",1979-10-17,"Finnish","lotus_f1","Lotus F1","British","Finished","hockenheimring","Hockenheimring","Hockenheim","Germany",49.3278,8.56583,"103"
10,1,10,814,869,21458,11,9,"11","11",11,0,67,"+59.227","5525089","67","12","1:19.717","206.560",2012,10,"German Grand Prix",2012-07-22,"12:00:00","resta","\N","DIR","Paul","di Resta",1986-04-16,"British","force_india","Force India","Indian","Finished","hockenheimring","Hockenheimring","Hockenheim","Germany",49.3278,8.56583,"103"
10,1,9,830,959,23161,33,4,"3","3",3,15,67,"+13.413","5457613","47","4","1:18.910","208.673",2016,12,"German Grand Prix",2016-07-31,"12:00:00","max_verstappen","33","VER","Max","Verstappen",1997-09-30,"Dutch","red_bull","Red Bull","Austrian","Finished","hockenheimring","Hockenheimring","Hockenheim","Germany",49.3278,8.56583,"103"
10,1,3,822,909,22329,77,2,"2","2",2,18,67,"+20.789","5643703","45","9","1:21.494","202.056",2014,10,"German Grand Prix",2014-07-20,"12:00:00","bottas","77","BOT","Valtteri","Bottas",1989-08-28,"Finnish","williams","Williams","British","Finished","hockenheimring","Hockenheimring","Hockenheim","Germany",49.3278,8.56583,"103"
10,1,131,1,1020,24414,44,1,"9","9",9,2,64,"+19.667","6290942","64","12","1:18.811","208.935",2019,11,"German Grand Prix",2019-07-28,"13:10:00","hamilton","44","HAM","Lewis","Hamilton",1985-01-07,"British","mercedes","Mercedes","German","Finished","hockenheimring","Hockenheimring","Hockenheim","Germany",49.3278,8.56583,"103"
10,1,6,8,959,23164,7,5,"6","6",6,8,67,"+37.023","5481223","36","6","1:19.572","206.937",2016,12,"German Grand Prix",2016-07-31,"12:00:00","raikkonen","7","RAI","Kimi","Räikkönen",1979-10-17,"Finnish","ferrari","Ferrari","Italian","Finished","hockenheimring","Hockenheimring","Hockenheim","Germany",49.3278,8.56583,"103"
10,12,206,819,869,21467,25,20,"20","20",20,0,65,"\N","\N","45","21","1:21.753","201.416",2012,10,"German Grand Prix",2012-07-22,"12:00:00","pic","\N","PIC","Charles","Pic",1990-02-15,"French","marussia","Marussia","Russian","+2 Laps","hockenheimring","Hockenheimring","Hockenheim","Germany",49.3278,8.56583,"103"
10,1,51,841,1020,24418,99,11,"13","13",13,0,64,"+43.849","6315124","60","14","1:19.300","207.646",2019,11,"German Grand Prix",2019-07-28,"13:10:00","giovinazzi","99","GIO","Antonio","Giovinazzi",1993-12-14,"Italian","alfa","Alfa Romeo","Swiss","Finished","hockenheimring","Hockenheimring","Hockenheim","Germany",49.3278,8.56583,"103"
10,1,5,817,869,21460,16,11,"13","13",13,0,67,"+76.829","5542691","44","18","1:20.066","205.660",2012,10,"German Grand Prix",2012-07-22,"12:00:00","ricciardo","3","RIC","Daniel","Ricciardo",1989-07-01,"Australian","toro_rosso","Toro Rosso","Italian","Finished","hockenheimring","Hockenheimring","Hockenheim","Germany",49.3278,8.56583,"103"
10,1,210,154,1020,24412,8,6,"7","7",7,6,64,"+16.838","6288113","55","7","1:17.746","211.797",2019,11,"German Grand Prix",2019-07-28,"13:10:00","grosjean","8","GRO","Romain","Grosjean",1986-04-17,"French","haas","Haas F1 Team","American","Finished","hockenheimring","Hockenheimring","Hockenheim","Germany",49.3278,8.56583,"103"
11,1,1,4,979,23587,14,7,"6","6",6,8,70,"+1:11.223","6057936","69","1","1:20.182","196.697",2017,11,"Hungarian Grand Prix",2017-07-30,"12:00:00","alonso","14","ALO","Fernando","Alonso",1981-07-29,"Spanish","mclaren","McLaren","British","Finished","hungaroring","Hungaroring","Budapest","Hungary",47.5789,19.2486,"264"
11,15,3,849,1033,24684,6,15,"19","19",19,0,65,"\N","\N","64","19","1:21.198","194.236",2020,3,"Hungarian Grand Prix",2020-07-19,"13:10:00","latifi","6","LAT","Nicholas","Latifi",1995-06-29,"Canadian","williams","Williams","British","+5 Laps","hungaroring","Hungaroring","Budapest","Hungary",47.5789,19.2486,"264"
11,1,3,813,870,21484,18,8,"13","13",13,0,69,"+1:03.606","6129109","63","5","1:25.723","183.983",2012,11,"Hungarian Grand Prix",2012-07-29,"12:00:00","maldonado","13","MAL","Pastor","Maldonado",1985-03-09,"Venezuelan","williams","Williams","British","Finished","hungaroring","Hungaroring","Budapest","Hungary",47.5789,19.2486,"264"
11,12,3,22,851,21028,11,15,"13","13",13,0,68,"\N","\N","65","11","1:25.018","185.508",2011,11,"Hungarian Grand Prix",2011-07-31,"12:00:00","barrichello","\N","BAR","Rubens","Barrichello",1972-05-23,"Brazilian","williams","Williams","British","+2 Laps","hungaroring","Hungaroring","Budapest","Hungary",47.5789,19.2486,"264"
11,34,210,154,1021,24445,8,9,"\N","R",20,0,49,"\N","\N","46","18","1:22.809","190.457",2019,12,"Hungarian Grand Prix",2019-08-04,"13:10:00","grosjean","8","GRO","Romain","Grosjean",1986-04-17,"French","haas","Haas F1 Team","American","Water pressure","hungaroring","Hungaroring","Budapest","Hungary",47.5789,19.2486,"264"
11,12,15,828,1000,24017,9,14,"15","15",15,0,68,"\N","\N","53","17","1:23.671","188.495",2018,12,"Hungarian Grand Prix",2018-07-29,"13:10:00","ericsson","9","ERI","Marcus","Ericsson",1990-09-02,"Swedish","sauber","Sauber","Swiss","+2 Laps","hungaroring","Hungaroring","Budapest","Hungary",47.5789,19.2486,"264"
11,13,206,10,870,21492,24,22,"21","21",21,0,66,"\N","\N","55","21","1:28.447","178.316",2012,11,"Hungarian Grand Prix",2012-07-29,"12:00:00","glock","\N","GLO","Timo","Glock",1982-03-18,"German","marussia","Marussia","Russian","+3 Laps","hungaroring","Hungaroring","Budapest","Hungary",47.5789,19.2486,"264"
11,4,1,846,1062,25180,4,6,"\N","R",15,0,2,"\N","\N","\N","0","\N","\N",2021,11,"Hungarian Grand Prix",2021-08-01,"13:00:00","norris","4","NOR","Lando","Norris",1999-11-13,"British","mclaren","McLaren","British","Collision","hungaroring","Hungaroring","Budapest","Hungary",47.5789,19.2486,"264"
11,11,4,817,1021,24439,3,20,"14","14",14,0,69,"\N","\N","49","8","1:20.839","195.098",2019,12,"Hungarian Grand Prix",2019-08-04,"13:10:00","ricciardo","3","RIC","Daniel","Ricciardo",1989-07-01,"Australian","renault","Renault","French","+1 Lap","hungaroring","Hungaroring","Budapest","Hungary",47.5789,19.2486,"264"
11,1,9,830,958,23141,33,4,"5","5",5,10,70,"+48.659","6078774","40","7","1:24.687","186.234",2016,11,"Hungarian Grand Prix",2016-07-24,"12:00:00","max_verstappen","33","VER","Max","Verstappen",1997-09-30,"Dutch","red_bull","Red Bull","Austrian","Finished","hungaroring","Hungaroring","Budapest","Hungary",47.5789,19.2486,"264"
11,12,207,819,890,21924,20,19,"15","15",15,0,68,"\N","\N","54","18","1:27.725","179.784",2013,10,"Hungarian Grand Prix",2013-07-28,"12:00:00","pic","\N","PIC","Charles","Pic",1990-02-15,"French","caterham","Caterham","Malaysian","+2 Laps","hungaroring","Hungaroring","Budapest","Hungary",47.5789,19.2486,"264"
11,1,6,20,936,22716,5,3,"1","1",1,25,69,"1:46:09.985","6369985","63","5","1:26.772","181.759",2015,10,"Hungarian Grand Prix",2015-07-26,"12:00:00","vettel","5","VET","Sebastian","Vettel",1987-07-03,"German","ferrari","Ferrari","Italian","Finished","hungaroring","Hungaroring","Budapest","Hungary",47.5789,19.2486,"264"
11,11,4,835,979,23593,30,10,"12","12",12,0,69,"\N","\N","68","7","1:21.589","193.305",2017,11,"Hungarian Grand Prix",2017-07-30,"12:00:00","jolyon_palmer","30","PAL","Jolyon","Palmer",1991-01-20,"British","renault","Renault","French","+1 Lap","hungaroring","Hungaroring","Budapest","Hungary",47.5789,19.2486,"264"
11,22,15,844,1000,24022,16,17,"\N","R",20,0,0,"\N","\N","\N","0","\N","\N",2018,12,"Hungarian Grand Prix",2018-07-29,"13:10:00","leclerc","16","LEC","Charles","Leclerc",1997-10-16,"Monegasque","sauber","Sauber","Swiss","Suspension","hungaroring","Hungaroring","Budapest","Hungary",47.5789,19.2486,"264"
11,11,210,154,1033,24681,8,0,"16","16",16,0,69,"\N","\N","61","12","1:20.232","196.574",2020,3,"Hungarian Grand Prix",2020-07-19,"13:10:00","grosjean","8","GRO","Romain","Grosjean",1986-04-17,"French","haas","Haas F1 Team","American","+1 Lap","hungaroring","Hungaroring","Budapest","Hungary",47.5789,19.2486,"264"
11,1,6,4,870,21476,5,6,"5","5",5,10,69,"+26.653","6092156","65","7","1:25.738","183.951",2012,11,"Hungarian Grand Prix",2012-07-29,"12:00:00","alonso","14","ALO","Fernando","Alonso",1981-07-29,"Spanish","ferrari","Ferrari","Italian","Finished","hungaroring","Hungaroring","Budapest","Hungary",47.5789,19.2486,"264"
11,4,9,817,979,23601,3,6,"\N","R",20,0,0,"\N","\N","\N","0","\N","\N",2017,11,"Hungarian Grand Prix",2017-07-30,"12:00:00","ricciardo","3","RIC","Daniel","Ricciardo",1989-07-01,"Australian","red_bull","Red Bull","Austrian","Collision","hungaroring","Hungaroring","Budapest","Hungary",47.5789,19.2486,"264"
11,3,10,815,910,22368,11,12,"\N","R",19,0,23,"\N","\N","21","17","1:30.280","174.696",2014,11,"Hungarian Grand Prix",2014-07-27,"12:00:00","perez","11","PER","Sergio","Pérez",1990-01-26,"Mexican","force_india","Force India","Indian","Accident","hungaroring","Hungaroring","Budapest","Hungary",47.5789,19.2486,"264"
11,1,3,13,936,22727,19,8,"12","12",12,0,69,"+1:14.278","6444263","59","6","1:26.864","181.566",2015,10,"Hungarian Grand Prix",2015-07-26,"12:00:00","massa","19","MAS","Felipe","Massa",1981-04-25,"Brazilian","williams","Williams","British","Finished","hungaroring","Hungaroring","Budapest","Hungary",47.5789,19.2486,"264"
11,1,131,3,910,22353,6,1,"4","4",4,12,70,"+6.361s","6791419","64","1","1:25.724","183.981",2014,11,"Hungarian Grand Prix",2014-07-27,"12:00:00","rosberg","6","ROS","Nico","Rosberg",1985-06-27,"German","mercedes","Mercedes","German","Finished","hungaroring","Hungaroring","Budapest","Hungary",47.5789,19.2486,"264"
11,11,206,820,910,22365,4,18,"16","16",16,0,69,"\N","\N","47","15","1:29.499","176.220",2014,11,"Hungarian Grand Prix",2014-07-27,"12:00:00","chilton","4","CHI","Max","Chilton",1991-04-21,"British","marussia","Marussia","Russian","+1 Lap","hungaroring","Hungaroring","Budapest","Hungary",47.5789,19.2486,"264"
11,11,131,822,1021,24433,77,2,"8","8",8,4,69,"\N","\N","59","3","1:19.331","198.807",2019,12,"Hungarian Grand Prix",2019-08-04,"13:10:00","bottas","77","BOT","Valtteri","Bottas",1989-08-28,"Finnish","mercedes","Mercedes","German","+1 Lap","hungaroring","Hungaroring","Budapest","Hungary",47.5789,19.2486,"264"
11,1,6,832,1062,25168,55,15,"3","3",3,15,70,"+15.018","7498217","54","6","1:21.423","193.699",2021,11,"Hungarian Grand Prix",2021-08-01,"13:00:00","sainz","55","SAI","Carlos","Sainz",1994-09-01,"Spanish","ferrari","Ferrari","Italian","Finished","hungaroring","Hungaroring","Budapest","Hungary",47.5789,19.2486,"264"
11,11,1,817,1062,25176,3,11,"11","11",11,0,69,"\N","\N","58","13","1:22.802","190.473",2021,11,"Hungarian Grand Prix",2021-08-01,"13:00:00","ricciardo","3","RIC","Daniel","Ricciardo",1989-07-01,"Australian","mclaren","McLaren","British","+1 Lap","hungaroring","Hungaroring","Budapest","Hungary",47.5789,19.2486,"264"
11,11,51,8,1033,24680,7,20,"15","15",15,0,69,"\N","\N","67","17","1:20.889","194.978",2020,3,"Hungarian Grand Prix",2020-07-19,"13:10:00","raikkonen","7","RAI","Kimi","Räikkönen",1979-10-17,"Finnish","alfa","Alfa Romeo","Swiss","+1 Lap","hungaroring","Hungaroring","Budapest","Hungary",47.5789,19.2486,"264"
11,1,208,154,870,21474,10,2,"3","3",3,15,69,"+10.518","6076021","59","13","1:26.050","183.284",2012,11,"Hungarian Grand Prix",2012-07-29,"12:00:00","grosjean","8","GRO","Romain","Grosjean",1986-04-17,"French","lotus_f1","Lotus F1","British","Finished","hungaroring","Hungaroring","Budapest","Hungary",47.5789,19.2486,"264"
11,11,3,822,958,23145,77,10,"9","9",9,2,69,"\N","\N","59","11","1:25.273","184.954",2016,11,"Hungarian Grand Prix",2016-07-24,"12:00:00","bottas","77","BOT","Valtteri","Bottas",1989-08-28,"Finnish","williams","Williams","British","+1 Lap","hungaroring","Hungaroring","Budapest","Hungary",47.5789,19.2486,"264"
11,1,6,8,910,22355,7,16,"6","6",6,8,70,"+31.491","6816549","47","6","1:27.983","179.257",2014,11,"Hungarian Grand Prix",2014-07-27,"12:00:00","raikkonen","7","RAI","Kimi","Räikkönen",1979-10-17,"Finnish","ferrari","Ferrari","Italian","Finished","hungaroring","Hungaroring","Budapest","Hungary",47.5789,19.2486,"264"
11,11,1,4,1000,24010,14,11,"8","8",8,4,69,"\N","\N","68","9","1:22.090","192.125",2018,12,"Hungarian Grand Prix",2018-07-29,"13:10:00","alonso","14","ALO","Fernando","Alonso",1981-07-29,"Spanish","mclaren","McLaren","British","+1 Lap","hungaroring","Hungaroring","Budapest","Hungary",47.5789,19.2486,"264"
11,75,9,830,1000,24021,33,7,"\N","R",19,0,5,"\N","\N","5","19","1:23.985","187.790",2018,12,"Hungarian Grand Prix",2018-07-29,"13:10:00","max_verstappen","33","VER","Max","Verstappen",1997-09-30,"Dutch","red_bull","Red Bull","Austrian","Power loss","hungaroring","Hungaroring","Budapest","Hungary",47.5789,19.2486,"264"
11,11,5,843,1000,24013,28,8,"11","11",11,0,69,"\N","\N","62","11","1:22.612","190.911",2018,12,"Hungarian Grand Prix",2018-07-29,"13:10:00","brendon_hartley","28","HAR","Brendon","Hartley",1989-11-10,"New Zealander","toro_rosso","Toro Rosso","Italian","+1 Lap","hungaroring","Hungaroring","Budapest","Hungary",47.5789,19.2486,"264"
11,15,166,816,851,21034,25,24,"19","19",19,0,65,"\N","\N","58","20","1:29.068","177.073",2011,11,"Hungarian Grand Prix",2011-07-31,"12:00:00","ambrosio","\N","DAM","Jérôme","d'Ambrosio",1985-12-27,"Belgian","virgin","Virgin","British","+5 Laps","hungaroring","Hungaroring","Budapest","Hungary",47.5789,19.2486,"264"
11,11,206,824,910,22364,17,15,"15","15",15,0,69,"\N","\N","49","16","1:29.883","175.468",2014,11,"Hungarian Grand Prix",2014-07-27,"12:00:00","jules_bianchi","17","BIA","Jules","Bianchi",1989-08-03,"French","marussia","Marussia","Russian","+1 Lap","hungaroring","Hungaroring","Budapest","Hungary",47.5789,19.2486,"264"
11,1,131,822,1033,24668,77,2,"3","3",3,15,70,"+9.452","5781925","66","2","1:17.665","203.072",2020,3,"Hungarian Grand Prix",2020-07-19,"13:10:00","bottas","77","BOT","Valtteri","Bottas",1989-08-28,"Finnish","mercedes","Mercedes","German","Finished","hungaroring","Hungaroring","Budapest","Hungary",47.5789,19.2486,"264"
11,11,5,826,910,22363,26,10,"14","14",14,0,69,"\N","\N","51","14","1:29.401","176.414",2014,11,"Hungarian Grand Prix",2014-07-27,"12:00:00","kvyat","26","KVY","Daniil","Kvyat",1994-04-26,"Russian","toro_rosso","Toro Rosso","Italian","+1 Lap","hungaroring","Hungaroring","Budapest","Hungary",47.5789,19.2486,"264"
11,11,4,808,851,21027,10,12,"12","12",12,0,69,"\N","\N","68","8","1:24.664","186.284",2011,11,"Hungarian Grand Prix",2011-07-31,"12:00:00","petrov","\N","PET","Vitaly","Petrov",1984-09-08,"Russian","renault","Renault","French","+1 Lap","hungaroring","Hungaroring","Budapest","Hungary",47.5789,19.2486,"264"
11,11,210,825,1000,24009,20,9,"7","7",7,6,69,"\N","\N","60","6","1:21.302","193.987",2018,12,"Hungarian Grand Prix",2018-07-29,"13:10:00","kevin_magnussen","20","MAG","Kevin","Magnussen",1992-10-05,"Danish","haas","Haas F1 Team","American","+1 Lap","hungaroring","Hungaroring","Budapest","Hungary",47.5789,19.2486,"264"
11,1,131,1,1021,24426,44,3,"1","1",1,25,70,"1:35:03.796","5703796","60","2","1:18.528","200.840",2019,12,"Hungarian Grand Prix",2019-08-04,"13:10:00","hamilton","44","HAM","Lewis","Hamilton",1985-01-07,"British","mercedes","Mercedes","German","Finished","hungaroring","Hungaroring","Budapest","Hungary",47.5789,19.2486,"264"
11,12,15,155,870,21489,14,15,"18","18",18,0,67,"\N","\N","61","8","1:25.745","183.936",2012,11,"Hungarian Grand Prix",2012-07-29,"12:00:00","kobayashi","10","KOB","Kamui","Kobayashi",1986-09-13,"Japanese","sauber","Sauber","Swiss","+2 Laps","hungaroring","Hungaroring","Budapest","Hungary",47.5789,19.2486,"264"
11,1,6,20,1000,24004,5,4,"2","2",2,18,70,"+17.123","5853550","70","2","1:20.056","197.007",2018,12,"Hungarian Grand Prix",2018-07-29,"13:10:00","vettel","5","VET","Sebastian","Vettel",1987-07-03,"German","ferrari","Ferrari","Italian","Finished","hungaroring","Hungaroring","Budapest","Hungary",47.5789,19.2486,"264"
11,11,51,8,1021,24432,7,10,"7","7",7,6,69,"\N","\N","65","9","1:20.880","195.000",2019,12,"Hungarian Grand Prix",2019-08-04,"13:10:00","raikkonen","7","RAI","Kimi","Räikkönen",1979-10-17,"Finnish","alfa","Alfa Romeo","Swiss","+1 Lap","hungaroring","Hungaroring","Budapest","Hungary",47.5789,19.2486,"264"
11,1,15,831,936,22726,12,18,"11","11",11,0,69,"+1:13.458","6443443","51","15","1:28.268","178.678",2015,10,"Hungarian Grand Prix",2015-07-26,"12:00:00","nasr","12","NAS","Felipe","Nasr",1992-08-21,"Brazilian","sauber","Sauber","Swiss","Finished","hungaroring","Hungaroring","Budapest","Hungary",47.5789,19.2486,"264"
11,1,6,4,910,22351,14,5,"2","2",2,18,70,"+5.225","6790283","40","5","1:27.419","180.413",2014,11,"Hungarian Grand Prix",2014-07-27,"12:00:00","alonso","14","ALO","Fernando","Alonso",1981-07-29,"Spanish","ferrari","Ferrari","Italian","Finished","hungaroring","Hungaroring","Budapest","Hungary",47.5789,19.2486,"264"
11,1,9,17,870,21479,2,11,"8","8",8,4,69,"+34.458","6099961","41","3","1:25.402","184.674",2012,11,"Hungarian Grand Prix",2012-07-29,"12:00:00","webber","\N","WEB","Mark","Webber",1976-08-27,"Australian","red_bull","Red Bull","Austrian","Finished","hungaroring","Hungaroring","Budapest","Hungary",47.5789,19.2486,"264"
11,12,209,836,958,23155,94,20,"19","19",19,0,68,"\N","\N","47","20","1:26.524","182.280",2016,11,"Hungarian Grand Prix",2016-07-24,"12:00:00","wehrlein","94","WEH","Pascal","Wehrlein",1994-10-18,"German","manor","Manor Marussia","British","+2 Laps","hungaroring","Hungaroring","Budapest","Hungary",47.5789,19.2486,"264"
11,1,208,8,870,21473,9,5,"2","2",2,18,69,"+1.032","6066535","41","6","1:25.728","183.972",2012,11,"Hungarian Grand Prix",2012-07-29,"12:00:00","raikkonen","7","RAI","Kimi","Räikkönen",1979-10-17,"Finnish","lotus_f1","Lotus F1","British","Finished","hungaroring","Hungaroring","Budapest","Hungary",47.5789,19.2486,"264"
11,61,210,154,979,23600,8,14,"\N","R",19,0,20,"\N","\N","19","19","1:24.702","186.201",2017,11,"Hungarian Grand Prix",2017-07-30,"12:00:00","grosjean","8","GRO","Romain","Grosjean",1986-04-17,"French","haas","Haas F1 Team","American","Wheel nut","hungaroring","Hungaroring","Budapest","Hungary",47.5789,19.2486,"264"
11,1,213,852,1062,25171,22,16,"6","6",6,8,70,"+1:15.803","7559002","43","10","1:22.450","191.286",2021,11,"Hungarian Grand Prix",2021-08-01,"13:00:00","tsunoda","22","TSU","Yuki","Tsunoda",2000-05-11,"Japanese","alphatauri","AlphaTauri","Italian","Finished","hungaroring","Hungaroring","Budapest","Hungary",47.5789,19.2486,"264"
11,9,10,16,890,21931,15,11,"\N","R",22,0,19,"\N","\N","12","21","1:28.548","178.113",2013,10,"Hungarian Grand Prix",2013-07-28,"12:00:00","sutil","99","SUT","Adrian","Sutil",1983-01-11,"German","force_india","Force India","Indian","Hydraulics","hungaroring","Hungaroring","Budapest","Hungary",47.5789,19.2486,"264"
11,12,209,837,958,23157,88,21,"21","21",21,0,68,"\N","\N","64","22","1:27.791","179.649",2016,11,"Hungarian Grand Prix",2016-07-24,"12:00:00","haryanto","88","HAR","Rio","Haryanto",1993-01-22,"Indonesian","manor","Manor Marussia","British","+2 Laps","hungaroring","Hungaroring","Budapest","Hungary",47.5789,19.2486,"264"
11,45,131,30,870,21495,7,17,"\N","R",24,0,58,"\N","\N","56","19","1:26.778","181.746",2012,11,"Hungarian Grand Prix",2012-07-29,"12:00:00","michael_schumacher","\N","MSC","Michael","Schumacher",1969-01-03,"German","mercedes","Mercedes","German","+11 Laps","hungaroring","Hungaroring","Budapest","Hungary",47.5789,19.2486,"264"
11,1,131,3,870,21481,8,13,"10","10",10,1,69,"+51.234","6116737","58","9","1:25.830","183.753",2012,11,"Hungarian Grand Prix",2012-07-29,"12:00:00","rosberg","6","ROS","Nico","Rosberg",1985-06-27,"German","mercedes","Mercedes","German","Finished","hungaroring","Hungaroring","Budapest","Hungary",47.5789,19.2486,"264"
11,1,1,18,890,21916,5,13,"7","7",7,6,70,"+53.819","6203264","56","11","1:26.195","182.975",2013,10,"Hungarian Grand Prix",2013-07-28,"12:00:00","button","22","BUT","Jenson","Button",1980-01-19,"British","mclaren","McLaren","British","Finished","hungaroring","Hungaroring","Budapest","Hungary",47.5789,19.2486,"264"
11,12,207,808,870,21490,21,20,"19","19",19,0,67,"\N","\N","59","20","1:27.629","179.981",2012,11,"Hungarian Grand Prix",2012-07-29,"12:00:00","petrov","\N","PET","Vitaly","Petrov",1984-09-08,"Russian","caterham","Caterham","Malaysian","+2 Laps","hungaroring","Hungaroring","Budapest","Hungary",47.5789,19.2486,"264"
11,33,10,807,936,22735,27,11,"\N","R",20,0,41,"\N","\N","38","13","1:28.074","179.072",2015,10,"Hungarian Grand Prix",2015-07-26,"12:00:00","hulkenberg","27","HUL","Nico","Hülkenberg",1987-08-19,"German","force_india","Force India","Indian","Front wing","hungaroring","Hungaroring","Budapest","Hungary",47.5789,19.2486,"264"
11,12,51,841,1021,24443,99,17,"18","18",18,0,68,"\N","\N","64","19","1:23.134","189.712",2019,12,"Hungarian Grand Prix",2019-08-04,"13:10:00","giovinazzi","99","GIO","Antonio","Giovinazzi",1993-12-14,"Italian","alfa","Alfa Romeo","Swiss","+2 Laps","hungaroring","Hungaroring","Budapest","Hungary",47.5789,19.2486,"264"
11,14,164,817,851,21033,22,22,"18","18",18,0,66,"\N","\N","62","19","1:28.876","177.456",2011,11,"Hungarian Grand Prix",2011-07-31,"12:00:00","ricciardo","3","RIC","Daniel","Ricciardo",1989-07-01,"Australian","hrt","HRT","Spanish","+4 Laps","hungaroring","Hungaroring","Budapest","Hungary",47.5789,19.2486,"264"
11,4,131,822,1062,25181,77,2,"\N","R",16,0,0,"\N","\N","\N","0","\N","\N",2021,11,"Hungarian Grand Prix",2021-08-01,"13:00:00","bottas","77","BOT","Valtteri","Bottas",1989-08-28,"Finnish","mercedes","Mercedes","German","Collision","hungaroring","Hungaroring","Budapest","Hungary",47.5789,19.2486,"264"
11,11,5,818,890,21921,18,14,"12","12",12,0,69,"\N","\N","53","12","1:26.491","182.349",2013,10,"Hungarian Grand Prix",2013-07-28,"12:00:00","vergne","25","VER","Jean-Éric","Vergne",1990-04-25,"French","toro_rosso","Toro Rosso","Italian","+1 Lap","hungaroring","Hungaroring","Budapest","Hungary",47.5789,19.2486,"264"
11,3,208,154,910,22370,8,14,"\N","R",21,0,11,"\N","\N","7","21","1:46.312","148.352",2014,11,"Hungarian Grand Prix",2014-07-27,"12:00:00","grosjean","8","GRO","Romain","Grosjean",1986-04-17,"French","lotus_f1","Lotus F1","British","Accident","hungaroring","Hungaroring","Budapest","Hungary",47.5789,19.2486,"264"
11,11,5,817,870,21486,16,18,"15","15",15,0,68,"\N","\N","59","17","1:26.508","182.313",2012,11,"Hungarian Grand Prix",2012-07-29,"12:00:00","ricciardo","3","RIC","Daniel","Ricciardo",1989-07-01,"Australian","toro_rosso","Toro Rosso","Italian","+1 Lap","hungaroring","Hungaroring","Budapest","Hungary",47.5789,19.2486,"264"
11,11,210,821,958,23149,21,15,"13","13",13,0,69,"\N","\N","39","17","1:25.955","183.486",2016,11,"Hungarian Grand Prix",2016-07-24,"12:00:00","gutierrez","21","GUT","Esteban","Gutiérrez",1991-08-05,"Mexican","haas","Haas F1 Team","American","+1 Lap","hungaroring","Hungaroring","Budapest","Hungary",47.5789,19.2486,"264"
11,11,4,839,1033,24679,31,14,"14","14",14,0,69,"\N","\N","40","13","1:20.261","196.503",2020,3,"Hungarian Grand Prix",2020-07-19,"13:10:00","ocon","31","OCO","Esteban","Ocon",1996-09-17,"French","renault","Renault","French","+1 Lap","hungaroring","Hungaroring","Budapest","Hungary",47.5789,19.2486,"264"
11,13,206,820,890,21926,23,22,"17","17",17,0,67,"\N","\N","65","19","1:28.160","178.897",2013,10,"Hungarian Grand Prix",2013-07-28,"12:00:00","chilton","4","CHI","Max","Chilton",1991-04-21,"British","marussia","Marussia","Russian","+3 Laps","hungaroring","Hungaroring","Budapest","Hungary",47.5789,19.2486,"264"
11,11,5,817,890,21922,19,8,"13","13",13,0,69,"\N","\N","58","15","1:26.863","181.568",2013,10,"Hungarian Grand Prix",2013-07-28,"12:00:00","ricciardo","3","RIC","Daniel","Ricciardo",1989-07-01,"Australian","toro_rosso","Toro Rosso","Italian","+1 Lap","hungaroring","Hungaroring","Budapest","Hungary",47.5789,19.2486,"264"
11,1,3,13,910,22354,19,6,"5","5",5,10,70,"+29.841","6814899","51","7","1:28.229","178.757",2014,11,"Hungarian Grand Prix",2014-07-27,"12:00:00","massa","19","MAS","Felipe","Massa",1981-04-25,"Brazilian","williams","Williams","British","Finished","hungaroring","Hungaroring","Budapest","Hungary",47.5789,19.2486,"264"
11,44,3,814,979,23599,40,19,"\N","R",18,0,60,"\N","\N","49","17","1:23.242","189.466",2017,11,"Hungarian Grand Prix",2017-07-30,"12:00:00","resta","\N","DIR","Paul","di Resta",1986-04-16,"British","williams","Williams","British","Oil leak","hungaroring","Hungaroring","Budapest","Hungary",47.5789,19.2486,"264"
11,11,210,825,1021,24438,20,14,"13","13",13,0,69,"\N","\N","67","11","1:21.008","194.691",2019,12,"Hungarian Grand Prix",2019-08-04,"13:10:00","kevin_magnussen","20","MAG","Kevin","Magnussen",1992-10-05,"Danish","haas","Haas F1 Team","American","+1 Lap","hungaroring","Hungaroring","Budapest","Hungary",47.5789,19.2486,"264"
11,1,131,1,1000,24003,44,1,"1","1",1,25,70,"1:37:16.427","5836427","63","4","1:21.107","194.454",2018,12,"Hungarian Grand Prix",2018-07-29,"13:10:00","hamilton","44","HAM","Lewis","Hamilton",1985-01-07,"British","mercedes","Mercedes","German","Finished","hungaroring","Hungaroring","Budapest","Hungary",47.5789,19.2486,"264"
11,11,4,835,958,23148,30,17,"12","12",12,0,69,"\N","\N","41","16","1:25.743","183.940",2016,11,"Hungarian Grand Prix",2016-07-24,"12:00:00","jolyon_palmer","30","PAL","Jolyon","Palmer",1991-01-20,"British","renault","Renault","French","+1 Lap","hungaroring","Hungaroring","Budapest","Hungary",47.5789,19.2486,"264"
11,1,3,811,870,21478,19,9,"7","7",7,6,69,"+33.899","6099402","65","16","1:26.248","182.863",2012,11,"Hungarian Grand Prix",2012-07-29,"12:00:00","bruno_senna","\N","SEN","Bruno","Senna",1983-10-15,"Brazilian","williams","Williams","British","Finished","hungaroring","Hungaroring","Budapest","Hungary",47.5789,19.2486,"264"
11,44,205,15,851,21039,21,19,"\N","R",24,0,17,"\N","\N","16","24","1:35.252","165.577",2011,11,"Hungarian Grand Prix",2011-07-31,"12:00:00","trulli","\N","TRU","Jarno","Trulli",1974-07-13,"Italian","lotus_racing","Lotus","Malaysian","Oil leak","hungaroring","Hungaroring","Budapest","Hungary",47.5789,19.2486,"264"
11,1,1,4,936,22720,14,15,"5","5",5,10,69,"+49.079","6419064","67","10","1:27.311","180.637",2015,10,"Hungarian Grand Prix",2015-07-26,"12:00:00","alonso","14","ALO","Fernando","Alonso",1981-07-29,"Spanish","mclaren","McLaren","British","Finished","hungaroring","Hungaroring","Budapest","Hungary",47.5789,19.2486,"264"
11,12,211,840,1021,24442,18,18,"17","17",17,0,68,"\N","\N","52","6","1:20.603","195.670",2019,12,"Hungarian Grand Prix",2019-08-04,"13:10:00","stroll","18","STR","Lance","Stroll",1998-10-29,"Canadian","racing_point","Racing Point","British","+2 Laps","hungaroring","Hungaroring","Budapest","Hungary",47.5789,19.2486,"264"
11,1,3,847,1062,25173,63,17,"8","8",8,4,70,"+1:19.094","7562293","62","9","1:22.112","192.074",2021,11,"Hungarian Grand Prix",2021-08-01,"13:00:00","russell","63","RUS","George","Russell",1998-02-15,"British","williams","Williams","British","Finished","hungaroring","Hungaroring","Budapest","Hungary",47.5789,19.2486,"264"
11,1,131,3,936,22723,6,2,"8","8",8,4,69,"+58.876","6428861","68","2","1:25.149","185.223",2015,10,"Hungarian Grand Prix",2015-07-26,"12:00:00","rosberg","6","ROS","Nico","Rosberg",1985-06-27,"German","mercedes","Mercedes","German","Finished","hungaroring","Hungaroring","Budapest","Hungary",47.5789,19.2486,"264"
11,12,15,828,979,23597,9,20,"16","16",16,0,68,"\N","\N","66","10","1:21.752","192.920",2017,11,"Hungarian Grand Prix",2017-07-30,"12:00:00","ericsson","9","ERI","Marcus","Ericsson",1990-09-02,"Swedish","sauber","Sauber","Swiss","+2 Laps","hungaroring","Hungaroring","Budapest","Hungary",47.5789,19.2486,"264"
11,1,15,828,936,22725,9,17,"10","10",10,1,69,"+1:09.130","6439115","60","12","1:28.004","179.214",2015,10,"Hungarian Grand Prix",2015-07-26,"12:00:00","ericsson","9","ERI","Marcus","Ericsson",1990-09-02,"Swedish","sauber","Sauber","Swiss","Finished","hungaroring","Hungaroring","Budapest","Hungary",47.5789,19.2486,"264"
11,11,5,832,958,23144,55,6,"8","8",8,4,69,"\N","\N","67","10","1:25.103","185.323",2016,11,"Hungarian Grand Prix",2016-07-24,"12:00:00","sainz","55","SAI","Carlos","Sainz",1994-09-01,"Spanish","toro_rosso","Toro Rosso","Italian","+1 Lap","hungaroring","Hungaroring","Budapest","Hungary",47.5789,19.2486,"264"
11,1,1,825,910,22361,20,21,"12","12",12,0,70,"+1:18.465","6863523","41","10","1:28.883","177.442",2014,11,"Hungarian Grand Prix",2014-07-27,"12:00:00","kevin_magnussen","20","MAG","Kevin","Magnussen",1992-10-05,"Danish","mclaren","McLaren","British","Finished","hungaroring","Hungaroring","Budapest","Hungary",47.5789,19.2486,"264"
11,1,9,817,936,22718,3,4,"3","3",3,15,69,"+25.084","6395069","68","1","1:24.821","185.939",2015,10,"Hungarian Grand Prix",2015-07-26,"12:00:00","ricciardo","3","RIC","Daniel","Ricciardo",1989-07-01,"Australian","red_bull","Red Bull","Austrian","Finished","hungaroring","Hungaroring","Budapest","Hungary",47.5789,19.2486,"264"
11,11,5,848,1021,24435,23,12,"10","10",10,1,69,"\N","\N","65","7","1:20.621","195.626",2019,12,"Hungarian Grand Prix",2019-08-04,"13:10:00","albon","23","ALB","Alexander","Albon",1996-03-23,"Thai","toro_rosso","Toro Rosso","Italian","+1 Lap","hungaroring","Hungaroring","Budapest","Hungary",47.5789,19.2486,"264"
11,15,164,24,851,21035,23,21,"20","20",20,0,65,"\N","\N","53","21","1:29.208","176.795",2011,11,"Hungarian Grand Prix",2011-07-31,"12:00:00","liuzzi","\N","LIU","Vitantonio","Liuzzi",1980-08-06,"Italian","hrt","HRT","Spanish","+5 Laps","hungaroring","Hungaroring","Budapest","Hungary",47.5789,19.2486,"264"
11,1,131,822,979,23584,77,3,"3","3",3,15,70,"+12.462","5999175","68","6","1:21.214","194.198",2017,11,"Hungarian Grand Prix",2017-07-30,"12:00:00","bottas","77","BOT","Valtteri","Bottas",1989-08-28,"Finnish","mercedes","Mercedes","German","Finished","hungaroring","Hungaroring","Budapest","Hungary",47.5789,19.2486,"264"
11,1,3,822,936,22728,77,6,"13","13",13,0,69,"+1:20.228","6450213","51","8","1:27.058","181.161",2015,10,"Hungarian Grand Prix",2015-07-26,"12:00:00","bottas","77","BOT","Valtteri","Bottas",1989-08-28,"Finnish","williams","Williams","British","Finished","hungaroring","Hungaroring","Budapest","Hungary",47.5789,19.2486,"264"
11,11,10,839,1000,24015,31,18,"13","13",13,0,69,"\N","\N","63","14","1:22.876","190.303",2018,12,"Hungarian Grand Prix",2018-07-29,"13:10:00","ocon","31","OCO","Esteban","Ocon",1996-09-17,"French","force_india","Force India","Indian","+1 Lap","hungaroring","Hungaroring","Budapest","Hungary",47.5789,19.2486,"264"
11,1,1,18,851,21016,4,3,"1","1",1,25,70,"1:46:42.337","6402337","58","6","1:23.937","187.898",2011,11,"Hungarian Grand Prix",2011-07-31,"12:00:00","button","22","BUT","Jenson","Button",1980-01-19,"British","mclaren","McLaren","British","Finished","hungaroring","Hungaroring","Budapest","Hungary",47.5789,19.2486,"264"
11,12,15,828,958,23156,9,22,"20","20",20,0,68,"\N","\N","47","14","1:25.475","184.517",2016,11,"Hungarian Grand Prix",2016-07-24,"12:00:00","ericsson","9","ERI","Marcus","Ericsson",1990-09-02,"Swedish","sauber","Sauber","Swiss","+2 Laps","hungaroring","Hungaroring","Budapest","Hungary",47.5789,19.2486,"264"
11,11,4,825,958,23151,20,19,"15","15",15,0,69,"\N","\N","39","19","1:26.230","182.901",2016,11,"Hungarian Grand Prix",2016-07-24,"12:00:00","kevin_magnussen","20","MAG","Kevin","Magnussen",1992-10-05,"Danish","renault","Renault","French","+1 Lap","hungaroring","Hungaroring","Budapest","Hungary",47.5789,19.2486,"264"
11,11,5,67,851,21023,18,23,"8","8",8,4,69,"\N","\N","65","15","1:25.977","183.439",2011,11,"Hungarian Grand Prix",2011-07-31,"12:00:00","buemi","\N","BUE","Sébastien","Buemi",1988-10-31,"Swiss","toro_rosso","Toro Rosso","Italian","+1 Lap","hungaroring","Hungaroring","Budapest","Hungary",47.5789,19.2486,"264"
11,1,15,815,870,21485,15,14,"14","14",14,0,69,"+1:04.494","6129997","65","2","1:25.218","185.073",2012,11,"Hungarian Grand Prix",2012-07-29,"12:00:00","perez","11","PER","Sergio","Pérez",1990-01-26,"Mexican","sauber","Sauber","Swiss","Finished","hungaroring","Hungaroring","Budapest","Hungary",47.5789,19.2486,"264"
11,11,207,5,870,21488,20,19,"17","17",17,0,68,"\N","\N","62","18","1:26.595","182.130",2012,11,"Hungarian Grand Prix",2012-07-29,"12:00:00","kovalainen","\N","KOV","Heikki","Kovalainen",1981-10-19,"Finnish","caterham","Caterham","Malaysian","+1 Lap","hungaroring","Hungaroring","Budapest","Hungary",47.5789,19.2486,"264"
11,22,164,39,870,21494,23,24,"\N","R",23,0,60,"\N","\N","56","24","1:29.506","176.207",2012,11,"Hungarian Grand Prix",2012-07-29,"12:00:00","karthikeyan","\N","KAR","Narain","Karthikeyan",1977-01-14,"Indian","hrt","HRT","Spanish","Suspension","hungaroring","Hungaroring","Budapest","Hungary",47.5789,19.2486,"264"
11,1,208,154,890,21915,8,3,"6","6",6,8,70,"+52.295","6201740","54","7","1:25.328","184.834",2013,10,"Hungarian Grand Prix",2013-07-28,"12:00:00","grosjean","8","GRO","Romain","Grosjean",1986-04-17,"French","lotus_f1","Lotus F1","British","Finished","hungaroring","Hungaroring","Budapest","Hungary",47.5789,19.2486,"264"
11,1,3,849,1062,25172,6,18,"7","7",7,6,70,"+1:17.910","7561109","54","14","1:22.831","190.406",2021,11,"Hungarian Grand Prix",2021-08-01,"13:00:00","latifi","6","LAT","Nicholas","Latifi",1995-06-29,"Canadian","williams","Williams","British","Finished","hungaroring","Hungaroring","Budapest","Hungary",47.5789,19.2486,"264"
11,11,51,8,1062,25175,7,13,"10","10",10,1,69,"\N","\N","58","8","1:21.518","193.473",2021,11,"Hungarian Grand Prix",2021-08-01,"13:00:00","raikkonen","7","RAI","Kimi","Räikkönen",1979-10-17,"Finnish","alfa","Alfa Romeo","Swiss","+1 Lap","hungaroring","Hungaroring","Budapest","Hungary",47.5789,19.2486,"264"
11,1,131,1,1062,25167,44,1,"2","2",2,18,70,"+2.736","7485935","49","2","1:18.715","200.363",2021,11,"Hungarian Grand Prix",2021-08-01,"13:00:00","hamilton","44","HAM","Lewis","Hamilton",1985-01-07,"British","mercedes","Mercedes","German","Finished","hungaroring","Hungaroring","Budapest","Hungary",47.5789,19.2486,"264"
11,9,3,822,890,21929,17,16,"\N","R",20,0,42,"\N","\N","41","16","1:27.127","181.018",2013,10,"Hungarian Grand Prix",2013-07-28,"12:00:00","bottas","77","BOT","Valtteri","Bottas",1989-08-28,"Finnish","williams","Williams","British","Hydraulics","hungaroring","Hungaroring","Budapest","Hungary",47.5789,19.2486,"264"
11,11,10,815,958,23147,11,13,"11","11",11,0,69,"\N","\N","65","9","1:25.021","185.502",2016,11,"Hungarian Grand Prix",2016-07-24,"12:00:00","perez","11","PER","Sergio","Pérez",1990-01-26,"Mexican","force_india","Force India","Indian","+1 Lap","hungaroring","Hungaroring","Budapest","Hungary",47.5789,19.2486,"264"
11,9,10,814,890,21927,14,18,"18","18",18,0,66,"\N","\N","55","13","1:26.608","182.103",2013,10,"Hungarian Grand Prix",2013-07-28,"12:00:00","resta","\N","DIR","Paul","di Resta",1986-04-16,"British","force_india","Force India","Indian","Hydraulics","hungaroring","Hungaroring","Budapest","Hungary",47.5789,19.2486,"264"
11,7,15,821,890,21930,12,17,"\N","R",21,0,28,"\N","\N","16","22","1:29.135","176.940",2013,10,"Hungarian Grand Prix",2013-07-28,"12:00:00","gutierrez","21","GUT","Esteban","Gutiérrez",1991-08-05,"Mexican","sauber","Sauber","Swiss","Transmission","hungaroring","Hungaroring","Budapest","Hungary",47.5789,19.2486,"264"
11,1,208,8,890,21911,7,6,"2","2",2,18,70,"+10.938","6160383","61","6","1:25.260","184.982",2013,10,"Hungarian Grand Prix",2013-07-28,"12:00:00","raikkonen","7","RAI","Kimi","Räikkönen",1979-10-17,"Finnish","lotus_f1","Lotus F1","British","Finished","hungaroring","Hungaroring","Budapest","Hungary",47.5789,19.2486,"264"
11,11,210,854,1062,25177,47,20,"12","12",12,0,69,"\N","\N","44","11","1:22.711","190.683",2021,11,"Hungarian Grand Prix",2021-08-01,"13:00:00","mick_schumacher","47","MSC","Mick","Schumacher",1999-03-22,"German","haas","Haas F1 Team","American","+1 Lap","hungaroring","Hungaroring","Budapest","Hungary",47.5789,19.2486,"264"
11,1,208,813,910,22362,13,20,"13","13",13,0,70,"+1:24.024","6869082","45","12","1:29.128","176.954",2014,11,"Hungarian Grand Prix",2014-07-27,"12:00:00","maldonado","13","MAL","Pastor","Maldonado",1985-03-09,"Venezuelan","lotus_f1","Lotus F1","British","Finished","hungaroring","Hungaroring","Budapest","Hungary",47.5789,19.2486,"264"
11,1,6,20,958,23140,5,5,"4","4",4,12,70,"+28.213","6058328","59","4","1:24.383","186.904",2016,11,"Hungarian Grand Prix",2016-07-24,"12:00:00","vettel","5","VET","Sebastian","Vettel",1987-07-03,"German","ferrari","Ferrari","Italian","Finished","hungaroring","Hungaroring","Budapest","Hungary",47.5789,19.2486,"264"
11,5,213,842,1033,24685,10,10,"\N","R",20,0,15,"\N","\N","10","20","1:23.939","187.893",2020,3,"Hungarian Grand Prix",2020-07-19,"13:10:00","gasly","10","GAS","Pierre","Gasly",1996-02-07,"French","alphatauri","AlphaTauri","Italian","Engine","hungaroring","Hungaroring","Budapest","Hungary",47.5789,19.2486,"264"
11,14,209,829,936,22731,28,20,"16","16",16,0,65,"\N","\N","56","19","1:29.543","176.134",2015,10,"Hungarian Grand Prix",2015-07-26,"12:00:00","stevens","28","STE","Will","Stevens",1991-06-28,"British","manor","Manor Marussia","British","+4 Laps","hungaroring","Hungaroring","Budapest","Hungary",47.5789,19.2486,"264"
11,10,5,832,936,22732,55,12,"\N","R",17,0,60,"\N","\N","38","18","1:28.611","177.986",2015,10,"Hungarian Grand Prix",2015-07-26,"12:00:00","sainz","55","SAI","Carlos","Sainz",1994-09-01,"Spanish","toro_rosso","Toro Rosso","Italian","Electrical","hungaroring","Hungaroring","Budapest","Hungary",47.5789,19.2486,"264"
11,11,210,154,1000,24012,8,10,"10","10",10,1,69,"\N","\N","58","10","1:22.606","190.925",2018,12,"Hungarian Grand Prix",2018-07-29,"13:10:00","grosjean","8","GRO","Romain","Grosjean",1986-04-17,"French","haas","Haas F1 Team","American","+1 Lap","hungaroring","Hungaroring","Budapest","Hungary",47.5789,19.2486,"264"
11,11,5,826,958,23152,26,12,"16","16",16,0,69,"\N","\N","48","6","1:24.669","186.273",2016,11,"Hungarian Grand Prix",2016-07-24,"12:00:00","kvyat","26","KVY","Daniil","Kvyat",1994-04-26,"Russian","toro_rosso","Toro Rosso","Italian","+1 Lap","hungaroring","Hungaroring","Budapest","Hungary",47.5789,19.2486,"264"
11,6,131,30,851,21037,7,9,"\N","R",22,0,26,"\N","\N","19","22","1:29.781","175.667",2011,11,"Hungarian Grand Prix",2011-07-31,"12:00:00","michael_schumacher","\N","MSC","Michael","Schumacher",1969-01-03,"German","mercedes","Mercedes","German","Gearbox","hungaroring","Hungaroring","Budapest","Hungary",47.5789,19.2486,"264"
11,1,1,1,870,21472,4,1,"1","1",1,25,69,"1:41:05.503","6065503","65","4","1:25.677","184.082",2012,11,"Hungarian Grand Prix",2012-07-29,"12:00:00","hamilton","44","HAM","Lewis","Hamilton",1985-01-07,"British","mclaren","McLaren","British","Finished","hungaroring","Hungaroring","Budapest","Hungary",47.5789,19.2486,"264"
11,12,3,840,1000,24019,18,15,"17","17",17,0,68,"\N","\N","51","12","1:22.660","190.800",2018,12,"Hungarian Grand Prix",2018-07-29,"13:10:00","stroll","18","STR","Lance","Stroll",1998-10-29,"Canadian","williams","Williams","British","+2 Laps","hungaroring","Hungaroring","Budapest","Hungary",47.5789,19.2486,"264"
11,11,211,815,1021,24436,11,16,"11","11",11,0,69,"\N","\N","47","15","1:21.734","192.962",2019,12,"Hungarian Grand Prix",2019-08-04,"13:10:00","perez","11","PER","Sergio","Pérez",1990-01-26,"Mexican","racing_point","Racing Point","British","+1 Lap","hungaroring","Hungaroring","Budapest","Hungary",47.5789,19.2486,"264"
11,4,210,853,1062,25179,9,19,"\N","R",14,0,3,"\N","\N","\N","0","\N","\N",2021,11,"Hungarian Grand Prix",2021-08-01,"13:00:00","mazepin","9","MAZ","Nikita","Mazepin",1999-03-02,"Russian","haas","Haas F1 Team","American","Collision","hungaroring","Hungaroring","Budapest","Hungary",47.5789,19.2486,"264"
11,11,1,832,1033,24674,55,9,"9","9",9,2,69,"\N","\N","68","15","1:20.477","195.976",2020,3,"Hungarian Grand Prix",2020-07-19,"13:10:00","sainz","55","SAI","Carlos","Sainz",1994-09-01,"Spanish","mclaren","McLaren","British","+1 Lap","hungaroring","Hungaroring","Budapest","Hungary",47.5789,19.2486,"264"
11,1,208,813,936,22729,13,14,"14","14",14,0,69,"+1:25.142","6455127","62","9","1:27.130","181.012",2015,10,"Hungarian Grand Prix",2015-07-26,"12:00:00","maldonado","13","MAL","Pastor","Maldonado",1985-03-09,"Venezuelan","lotus_f1","Lotus F1","British","Finished","hungaroring","Hungaroring","Budapest","Hungary",47.5789,19.2486,"264"
11,11,4,807,1000,24014,27,13,"12","12",12,0,69,"\N","\N","69","5","1:21.261","194.085",2018,12,"Hungarian Grand Prix",2018-07-29,"13:10:00","hulkenberg","27","HUL","Nico","Hülkenberg",1987-08-19,"German","renault","Renault","French","+1 Lap","hungaroring","Hungaroring","Budapest","Hungary",47.5789,19.2486,"264"
11,12,206,819,870,21491,25,21,"20","20",20,0,67,"\N","\N","22","22","1:28.727","177.754",2012,11,"Hungarian Grand Prix",2012-07-29,"12:00:00","pic","\N","PIC","Charles","Pic",1990-02-15,"French","marussia","Marussia","Russian","+2 Laps","hungaroring","Hungaroring","Budapest","Hungary",47.5789,19.2486,"264"
11,11,10,839,979,23590,31,11,"9","9",9,2,69,"\N","\N","60","15","1:22.431","191.330",2017,11,"Hungarian Grand Prix",2017-07-30,"12:00:00","ocon","31","OCO","Esteban","Ocon",1996-09-17,"French","force_india","Force India","Indian","+1 Lap","hungaroring","Hungaroring","Budapest","Hungary",47.5789,19.2486,"264"
11,1,5,818,910,22358,25,8,"9","9",9,2,70,"+58.527","6843585","31","11","1:29.120","176.970",2014,11,"Hungarian Grand Prix",2014-07-27,"12:00:00","vergne","25","VER","Jean-Éric","Vergne",1990-04-25,"French","toro_rosso","Toro Rosso","Italian","Finished","hungaroring","Hungaroring","Budapest","Hungary",47.5789,19.2486,"264"
11,3,207,828,910,22371,9,19,"\N","R",22,0,8,"\N","\N","6","22","1:48.459","145.415",2014,11,"Hungarian Grand Prix",2014-07-27,"12:00:00","ericsson","9","ERI","Marcus","Ericsson",1990-09-02,"Swedish","caterham","Caterham","Malaysian","Accident","hungaroring","Hungaroring","Budapest","Hungary",47.5789,19.2486,"264"
11,11,15,831,958,23153,12,16,"17","17",17,0,69,"\N","\N","66","15","1:25.676","184.084",2016,11,"Hungarian Grand Prix",2016-07-24,"12:00:00","nasr","12","NAS","Felipe","Nasr",1992-08-21,"Brazilian","sauber","Sauber","Swiss","+1 Lap","hungaroring","Hungaroring","Budapest","Hungary",47.5789,19.2486,"264"
11,1,5,842,1000,24008,10,6,"6","6",6,8,70,"+1:13.273","5909700","64","7","1:21.685","193.078",2018,12,"Hungarian Grand Prix",2018-07-29,"13:10:00","gasly","10","GAS","Pierre","Gasly",1996-02-07,"French","toro_rosso","Toro Rosso","Italian","Finished","hungaroring","Hungaroring","Budapest","Hungary",47.5789,19.2486,"264"
11,1,6,13,890,21917,4,7,"8","8",8,4,70,"+56.447","6205892","59","5","1:25.176","185.164",2013,10,"Hungarian Grand Prix",2013-07-28,"12:00:00","massa","19","MAS","Felipe","Massa",1981-04-25,"Brazilian","ferrari","Ferrari","Italian","Finished","hungaroring","Hungaroring","Budapest","Hungary",47.5789,19.2486,"264"
11,1,6,8,1000,24005,7,3,"3","3",3,15,70,"+20.101","5856528","55","3","1:20.292","196.428",2018,12,"Hungarian Grand Prix",2018-07-29,"13:10:00","raikkonen","7","RAI","Kimi","Räikkönen",1979-10-17,"Finnish","ferrari","Ferrari","Italian","Finished","hungaroring","Hungaroring","Budapest","Hungary",47.5789,19.2486,"264"
11,1,9,20,870,21475,1,3,"4","4",4,12,69,"+11.614","6077117","68","1","1:24.136","187.453",2012,11,"Hungarian Grand Prix",2012-07-29,"12:00:00","vettel","5","VET","Sebastian","Vettel",1987-07-03,"German","red_bull","Red Bull","Austrian","Finished","hungaroring","Hungaroring","Budapest","Hungary",47.5789,19.2486,"264"
11,1,9,817,1000,24006,3,12,"4","4",4,12,70,"+46.419","5882846","46","1","1:20.012","197.115",2018,12,"Hungarian Grand Prix",2018-07-29,"13:10:00","ricciardo","3","RIC","Daniel","Ricciardo",1989-07-01,"Australian","red_bull","Red Bull","Austrian","Finished","hungaroring","Hungaroring","Budapest","Hungary",47.5789,19.2486,"264"
11,11,1,815,890,21918,6,9,"9","9",9,2,69,"\N","\N","59","10","1:26.143","183.086",2013,10,"Hungarian Grand Prix",2013-07-28,"12:00:00","perez","11","PER","Sergio","Pérez",1990-01-26,"Mexican","mclaren","McLaren","British","+1 Lap","hungaroring","Hungaroring","Budapest","Hungary",47.5789,19.2486,"264"
11,11,210,825,979,23594,20,15,"13","13",13,0,69,"\N","\N","67","13","1:22.100","192.102",2017,11,"Hungarian Grand Prix",2017-07-30,"12:00:00","kevin_magnussen","20","MAG","Kevin","Magnussen",1992-10-05,"Danish","haas","Haas F1 Team","American","+1 Lap","hungaroring","Hungaroring","Budapest","Hungary",47.5789,19.2486,"264"
11,1,211,840,1033,24669,18,3,"4","4",4,12,70,"+57.579","5830052","68","3","1:18.973","199.708",2020,3,"Hungarian Grand Prix",2020-07-19,"13:10:00","stroll","18","STR","Lance","Stroll",1998-10-29,"Canadian","racing_point","Racing Point","British","Finished","hungaroring","Hungaroring","Budapest","Hungary",47.5789,19.2486,"264"
11,11,3,840,979,23595,18,17,"14","14",14,0,69,"\N","\N","53","16","1:22.830","190.409",2017,11,"Hungarian Grand Prix",2017-07-30,"12:00:00","stroll","18","STR","Lance","Stroll",1998-10-29,"Canadian","williams","Williams","British","+1 Lap","hungaroring","Hungaroring","Budapest","Hungary",47.5789,19.2486,"264"
11,1,9,830,979,23586,33,5,"5","5",5,10,70,"+13.276","5999989","44","3","1:20.490","195.944",2017,11,"Hungarian Grand Prix",2017-07-30,"12:00:00","max_verstappen","33","VER","Max","Verstappen",1997-09-30,"Dutch","red_bull","Red Bull","Austrian","Finished","hungaroring","Hungaroring","Budapest","Hungary",47.5789,19.2486,"264"
11,11,213,826,1033,24677,26,17,"12","12",12,0,69,"\N","\N","51","18","1:20.946","194.841",2020,3,"Hungarian Grand Prix",2020-07-19,"13:10:00","kvyat","26","KVY","Daniil","Kvyat",1994-04-26,"Russian","alphatauri","AlphaTauri","Italian","+1 Lap","hungaroring","Hungaroring","Budapest","Hungary",47.5789,19.2486,"264"
11,11,210,825,1033,24675,20,0,"10","10",10,1,69,"\N","\N","67","6","1:19.457","198.492",2020,3,"Hungarian Grand Prix",2020-07-19,"13:10:00","kevin_magnussen","20","MAG","Kevin","Magnussen",1992-10-05,"Danish","haas","Haas F1 Team","American","+1 Lap","hungaroring","Hungaroring","Budapest","Hungary",47.5789,19.2486,"264"
11,47,205,5,851,21036,20,18,"\N","R",21,0,55,"\N","\N","54","17","1:27.149","180.972",2011,11,"Hungarian Grand Prix",2011-07-31,"12:00:00","kovalainen","\N","KOV","Heikki","Kovalainen",1981-10-19,"Finnish","lotus_racing","Lotus","Malaysian","Water leak","hungaroring","Hungaroring","Budapest","Hungary",47.5789,19.2486,"264"
11,1,131,1,936,22721,44,1,"6","6",6,8,69,"+52.025","6422010","68","3","1:25.727","183.974",2015,10,"Hungarian Grand Prix",2015-07-26,"12:00:00","hamilton","44","HAM","Lewis","Hamilton",1985-01-07,"British","mercedes","Mercedes","German","Finished","hungaroring","Hungaroring","Budapest","Hungary",47.5789,19.2486,"264"
11,1,1,18,870,21477,3,4,"6","6",6,8,69,"+30.243","6095746","58","10","1:25.831","183.751",2012,11,"Hungarian Grand Prix",2012-07-29,"12:00:00","button","22","BUT","Jenson","Button",1980-01-19,"British","mclaren","McLaren","British","Finished","hungaroring","Hungaroring","Budapest","Hungary",47.5789,19.2486,"264"
11,11,9,842,1021,24431,10,6,"6","6",6,8,69,"\N","\N","65","12","1:21.045","194.602",2019,12,"Hungarian Grand Prix",2019-08-04,"13:10:00","gasly","10","GAS","Pierre","Gasly",1996-02-07,"French","red_bull","Red Bull","Austrian","+1 Lap","hungaroring","Hungaroring","Budapest","Hungary",47.5789,19.2486,"264"
11,11,15,807,890,21920,11,12,"11","11",11,0,69,"\N","\N","58","14","1:26.740","181.826",2013,10,"Hungarian Grand Prix",2013-07-28,"12:00:00","hulkenberg","27","HUL","Nico","Hülkenberg",1987-08-19,"German","sauber","Sauber","Swiss","+1 Lap","hungaroring","Hungaroring","Budapest","Hungary",47.5789,19.2486,"264"
11,44,1,18,958,23158,22,8,"\N","R",22,0,60,"\N","\N","9","21","1:26.744","181.817",2016,11,"Hungarian Grand Prix",2016-07-24,"12:00:00","button","22","BUT","Jenson","Button",1980-01-19,"British","mclaren","McLaren","British","Oil leak","hungaroring","Hungaroring","Budapest","Hungary",47.5789,19.2486,"264"
11,131,6,8,936,22733,7,5,"\N","R",18,0,55,"\N","\N","24","7","1:26.954","181.378",2015,10,"Hungarian Grand Prix",2015-07-26,"12:00:00","raikkonen","7","RAI","Kimi","Räikkönen",1979-10-17,"Finnish","ferrari","Ferrari","Italian","Power Unit","hungaroring","Hungaroring","Budapest","Hungary",47.5789,19.2486,"264"
11,23,4,807,979,23598,27,12,"17","17",17,0,67,"\N","\N","61","8","1:21.611","193.253",2017,11,"Hungarian Grand Prix",2017-07-30,"12:00:00","hulkenberg","27","HUL","Nico","Hülkenberg",1987-08-19,"German","renault","Renault","French","Brakes","hungaroring","Hungaroring","Budapest","Hungary",47.5789,19.2486,"264"
11,1,131,1,1033,24666,44,1,"1","1",1,26,70,"1:36:12.473","5772473","70","1","1:16.627","205.823",2020,3,"Hungarian Grand Prix",2020-07-19,"13:10:00","hamilton","44","HAM","Lewis","Hamilton",1985-01-07,"British","mercedes","Mercedes","German","Finished","hungaroring","Hungaroring","Budapest","Hungary",47.5789,19.2486,"264"
11,1,1,1,851,21019,3,2,"4","4",4,12,70,"+48.338","6450675","61","2","1:23.661","188.517",2011,11,"Hungarian Grand Prix",2011-07-31,"12:00:00","hamilton","44","HAM","Lewis","Hamilton",1985-01-07,"British","mclaren","McLaren","British","Finished","hungaroring","Hungaroring","Budapest","Hungary",47.5789,19.2486,"264"
11,1,6,844,1021,24429,16,4,"4","4",4,12,70,"+1:05.250","5769046","49","5","1:20.493","195.937",2019,12,"Hungarian Grand Prix",2019-08-04,"13:10:00","leclerc","16","LEC","Charles","Leclerc",1997-10-16,"Monegasque","ferrari","Ferrari","Italian","Finished","hungaroring","Hungaroring","Budapest","Hungary",47.5789,19.2486,"264"
11,31,15,821,910,22366,21,13,"\N","R",17,0,33,"\N","\N","29","18","1:30.485","174.300",2014,11,"Hungarian Grand Prix",2014-07-27,"12:00:00","gutierrez","21","GUT","Esteban","Gutiérrez",1991-08-05,"Mexican","sauber","Sauber","Swiss","Retired","hungaroring","Hungaroring","Budapest","Hungary",47.5789,19.2486,"264"
11,11,51,841,1062,25178,99,0,"13","13",13,0,69,"\N","\N","44","12","1:22.736","190.625",2021,11,"Hungarian Grand Prix",2021-08-01,"13:00:00","giovinazzi","99","GIO","Antonio","Giovinazzi",1993-12-14,"Italian","alfa","Alfa Romeo","Swiss","+1 Lap","hungaroring","Hungaroring","Budapest","Hungary",47.5789,19.2486,"264"
11,2,117,20,1062,25185,5,10,"\N","D",20,0,70,"\N","\N","60","7","1:21.459","193.613",2021,11,"Hungarian Grand Prix",2021-08-01,"13:00:00","vettel","5","VET","Sebastian","Vettel",1987-07-03,"German","aston_martin","Aston Martin","British","Disqualified","hungaroring","Hungaroring","Budapest","Hungary",47.5789,19.2486,"264"
11,12,3,813,851,21031,12,17,"16","16",16,0,68,"\N","\N","56","13","1:25.724","183.981",2011,11,"Hungarian Grand Prix",2011-07-31,"12:00:00","maldonado","13","MAL","Pastor","Maldonado",1985-03-09,"Venezuelan","williams","Williams","British","+2 Laps","hungaroring","Hungaroring","Budapest","Hungary",47.5789,19.2486,"264"
11,11,5,832,979,23588,55,9,"7","7",7,6,69,"\N","\N","67","11","1:21.871","192.639",2017,11,"Hungarian Grand Prix",2017-07-30,"12:00:00","sainz","55","SAI","Carlos","Sainz",1994-09-01,"Spanish","toro_rosso","Toro Rosso","Italian","+1 Lap","hungaroring","Hungaroring","Budapest","Hungary",47.5789,19.2486,"264"
11,1,214,839,1062,25166,31,8,"1","1",1,25,70,"2:04:43.199","7483199","54","5","1:21.421","193.704",2021,11,"Hungarian Grand Prix",2021-08-01,"13:00:00","ocon","31","OCO","Esteban","Ocon",1996-09-17,"French","alpine","Alpine F1 Team","French","Finished","hungaroring","Hungaroring","Budapest","Hungary",47.5789,19.2486,"264"
11,1,6,20,979,23582,5,1,"1","1",1,25,70,"1:39:46.713","5986713","69","4","1:20.807","195.176",2017,11,"Hungarian Grand Prix",2017-07-30,"12:00:00","vettel","5","VET","Sebastian","Vettel",1987-07-03,"German","ferrari","Ferrari","Italian","Finished","hungaroring","Hungaroring","Budapest","Hungary",47.5789,19.2486,"264"
11,11,10,815,979,23589,11,13,"8","8",8,4,69,"\N","\N","68","14","1:22.105","192.090",2017,11,"Hungarian Grand Prix",2017-07-30,"12:00:00","perez","11","PER","Sergio","Pérez",1990-01-26,"Mexican","force_india","Force India","Indian","+1 Lap","hungaroring","Hungaroring","Budapest","Hungary",47.5789,19.2486,"264"
11,1,214,4,1062,25169,14,9,"4","4",4,12,70,"+15.651","7498850","41","3","1:20.359","196.264",2021,11,"Hungarian Grand Prix",2021-08-01,"13:00:00","alonso","14","ALO","Fernando","Alonso",1981-07-29,"Spanish","alpine","Alpine F1 Team","French","Finished","hungaroring","Hungaroring","Budapest","Hungary",47.5789,19.2486,"264"
11,11,5,826,979,23592,26,16,"11","11",11,0,69,"\N","\N","42","9","1:21.631","193.206",2017,11,"Hungarian Grand Prix",2017-07-30,"12:00:00","kvyat","26","KVY","Daniil","Kvyat",1994-04-26,"Russian","toro_rosso","Toro Rosso","Italian","+1 Lap","hungaroring","Hungaroring","Budapest","Hungary",47.5789,19.2486,"264"
11,11,1,846,1021,24434,4,7,"9","9",9,2,69,"\N","\N","65","13","1:21.188","194.260",2019,12,"Hungarian Grand Prix",2019-08-04,"13:10:00","norris","4","NOR","Lando","Norris",1999-11-13,"British","mclaren","McLaren","British","+1 Lap","hungaroring","Hungaroring","Budapest","Hungary",47.5789,19.2486,"264"
11,31,207,155,910,22367,10,17,"\N","R",18,0,26,"\N","\N","21","19","1:32.888","169.791",2014,11,"Hungarian Grand Prix",2014-07-27,"12:00:00","kobayashi","10","KOB","Kamui","Kobayashi",1986-09-13,"Japanese","caterham","Caterham","Malaysian","Retired","hungaroring","Hungaroring","Budapest","Hungary",47.5789,19.2486,"264"
11,1,9,830,1021,24427,33,1,"2","2",2,19,70,"+17.796","5721592","69","1","1:17.103","204.552",2019,12,"Hungarian Grand Prix",2019-08-04,"13:10:00","max_verstappen","33","VER","Max","Verstappen",1997-09-30,"Dutch","red_bull","Red Bull","Austrian","Finished","hungaroring","Hungaroring","Budapest","Hungary",47.5789,19.2486,"264"
11,5,131,3,890,21928,9,4,"19","19",19,0,64,"\N","\N","62","4","1:25.089","185.354",2013,10,"Hungarian Grand Prix",2013-07-28,"12:00:00","rosberg","6","ROS","Nico","Rosberg",1985-06-27,"German","mercedes","Mercedes","German","Engine","hungaroring","Hungaroring","Budapest","Hungary",47.5789,19.2486,"264"
11,14,166,10,851,21032,24,20,"17","17",17,0,66,"\N","\N","59","18","1:28.022","179.177",2011,11,"Hungarian Grand Prix",2011-07-31,"12:00:00","glock","\N","GLO","Timo","Glock",1982-03-18,"German","virgin","Virgin","British","+4 Laps","hungaroring","Hungaroring","Budapest","Hungary",47.5789,19.2486,"264"
11,12,209,833,936,22730,98,19,"15","15",15,0,67,"\N","\N","59","20","1:29.868","175.497",2015,10,"Hungarian Grand Prix",2015-07-26,"12:00:00","merhi","98","MER","Roberto","Merhi",1991-03-22,"Spanish","manor","Manor Marussia","British","+2 Laps","hungaroring","Hungaroring","Budapest","Hungary",47.5789,19.2486,"264"
11,11,15,155,851,21026,16,13,"11","11",11,0,69,"\N","\N","65","7","1:24.664","186.284",2011,11,"Hungarian Grand Prix",2011-07-31,"12:00:00","kobayashi","10","KOB","Kamui","Kobayashi",1986-09-13,"Japanese","sauber","Sauber","Swiss","+1 Lap","hungaroring","Hungaroring","Budapest","Hungary",47.5789,19.2486,"264"
11,12,3,13,958,23154,19,18,"18","18",18,0,68,"\N","\N","68","12","1:25.296","184.904",2016,11,"Hungarian Grand Prix",2016-07-24,"12:00:00","massa","19","MAS","Felipe","Massa",1981-04-25,"Brazilian","williams","Williams","British","+2 Laps","hungaroring","Hungaroring","Budapest","Hungary",47.5789,19.2486,"264"
11,11,1,846,1033,24678,4,8,"13","13",13,0,69,"\N","\N","42","8","1:19.945","197.280",2020,3,"Hungarian Grand Prix",2020-07-19,"13:10:00","norris","4","NOR","Lando","Norris",1999-11-13,"British","mclaren","McLaren","British","+1 Lap","hungaroring","Hungaroring","Budapest","Hungary",47.5789,19.2486,"264"
11,1,131,822,1000,24007,77,2,"5","5",5,10,70,"+50.000","5886427","39","8","1:21.736","192.957",2018,12,"Hungarian Grand Prix",2018-07-29,"13:10:00","bottas","77","BOT","Valtteri","Bottas",1989-08-28,"Finnish","mercedes","Mercedes","German","Finished","hungaroring","Hungaroring","Budapest","Hungary",47.5789,19.2486,"264"
11,1,131,1,979,23585,44,4,"4","4",4,12,70,"+12.885","5999598","66","5","1:20.818","195.149",2017,11,"Hungarian Grand Prix",2017-07-30,"12:00:00","hamilton","44","HAM","Lewis","Hamilton",1985-01-07,"British","mercedes","Mercedes","German","Finished","hungaroring","Hungaroring","Budapest","Hungary",47.5789,19.2486,"264"
11,1,6,8,979,23583,7,2,"2","2",2,18,70,"+0.908","5987621","70","2","1:20.461","196.015",2017,11,"Hungarian Grand Prix",2017-07-30,"12:00:00","raikkonen","7","RAI","Kimi","Räikkönen",1979-10-17,"Finnish","ferrari","Ferrari","Italian","Finished","hungaroring","Hungaroring","Budapest","Hungary",47.5789,19.2486,"264"
11,1,9,20,890,21912,1,2,"3","3",3,15,70,"+12.459","6161904","57","2","1:24.553","186.529",2013,10,"Hungarian Grand Prix",2013-07-28,"12:00:00","vettel","5","VET","Sebastian","Vettel",1987-07-03,"German","red_bull","Red Bull","Austrian","Finished","hungaroring","Hungaroring","Budapest","Hungary",47.5789,19.2486,"264"
11,13,3,9,1021,24444,88,19,"19","19",19,0,67,"\N","\N","42","20","1:23.436","189.026",2019,12,"Hungarian Grand Prix",2019-08-04,"13:10:00","kubica","88","KUB","Robert","Kubica",1984-12-07,"Polish","williams","Williams","British","+3 Laps","hungaroring","Hungaroring","Budapest","Hungary",47.5789,19.2486,"264"
11,11,6,844,1033,24676,16,6,"11","11",11,0,69,"\N","\N","64","16","1:20.821","195.142",2020,3,"Hungarian Grand Prix",2020-07-19,"13:10:00","leclerc","16","LEC","Charles","Leclerc",1997-10-16,"Monegasque","ferrari","Ferrari","Italian","+1 Lap","hungaroring","Hungaroring","Budapest","Hungary",47.5789,19.2486,"264"
11,6,1,838,1000,24020,2,16,"\N","R",18,0,49,"\N","\N","46","15","1:23.077","189.843",2018,12,"Hungarian Grand Prix",2018-07-29,"13:10:00","vandoorne","2","VAN","Stoffel","Vandoorne",1992-03-26,"Belgian","mclaren","McLaren","British","Gearbox","hungaroring","Hungaroring","Budapest","Hungary",47.5789,19.2486,"264"
11,11,5,153,851,21025,19,16,"10","10",10,1,69,"\N","\N","68","16","1:26.025","183.337",2011,11,"Hungarian Grand Prix",2011-07-31,"12:00:00","alguersuari","\N","ALG","Jaime","Alguersuari",1990-03-23,"Spanish","toro_rosso","Toro Rosso","Italian","+1 Lap","hungaroring","Hungaroring","Budapest","Hungary",47.5789,19.2486,"264"
11,1,213,842,1062,25170,10,5,"5","5",5,11,70,"+1:03.614","7546813","70","1","1:18.394","201.183",2021,11,"Hungarian Grand Prix",2021-08-01,"13:00:00","gasly","10","GAS","Pierre","Gasly",1996-02-07,"French","alphatauri","AlphaTauri","Italian","Finished","hungaroring","Hungaroring","Budapest","Hungary",47.5789,19.2486,"264"
11,12,5,826,1021,24440,26,13,"15","15",15,0,68,"\N","\N","55","16","1:21.932","192.496",2019,12,"Hungarian Grand Prix",2019-08-04,"13:10:00","kvyat","26","KVY","Daniil","Kvyat",1994-04-26,"Russian","toro_rosso","Toro Rosso","Italian","+2 Laps","hungaroring","Hungaroring","Budapest","Hungary",47.5789,19.2486,"264"
11,3,10,807,910,22369,27,9,"\N","R",20,0,16,"\N","\N","14","20","1:41.151","155.921",2014,11,"Hungarian Grand Prix",2014-07-27,"12:00:00","hulkenberg","27","HUL","Nico","Hülkenberg",1987-08-19,"German","force_india","Force India","Indian","Accident","hungaroring","Hungaroring","Budapest","Hungary",47.5789,19.2486,"264"
11,4,9,815,1062,25182,11,4,"\N","R",17,0,0,"\N","\N","\N","0","\N","\N",2021,11,"Hungarian Grand Prix",2021-08-01,"13:00:00","perez","11","PER","Sergio","Pérez",1990-01-26,"Mexican","red_bull","Red Bull","Austrian","Collision","hungaroring","Hungaroring","Budapest","Hungary",47.5789,19.2486,"264"
11,1,6,4,890,21914,3,5,"5","5",5,10,70,"+31.411","6180856","56","8","1:25.394","184.692",2013,10,"Hungarian Grand Prix",2013-07-28,"12:00:00","alonso","14","ALO","Fernando","Alonso",1981-07-29,"Spanish","ferrari","Ferrari","Italian","Finished","hungaroring","Hungaroring","Budapest","Hungary",47.5789,19.2486,"264"
11,11,10,807,958,23146,27,9,"10","10",10,1,69,"\N","\N","69","13","1:25.392","184.696",2016,11,"Hungarian Grand Prix",2016-07-24,"12:00:00","hulkenberg","27","HUL","Nico","Hülkenberg",1987-08-19,"German","force_india","Force India","Indian","+1 Lap","hungaroring","Hungaroring","Budapest","Hungary",47.5789,19.2486,"264"
11,1,6,13,851,21021,6,4,"6","6",6,8,70,"+1:23.176","6485513","61","1","1:23.415","189.073",2011,11,"Hungarian Grand Prix",2011-07-31,"12:00:00","massa","19","MAS","Felipe","Massa",1981-04-25,"Brazilian","ferrari","Ferrari","Italian","Finished","hungaroring","Hungaroring","Budapest","Hungary",47.5789,19.2486,"264"
11,1,131,1,910,22352,44,22,"3","3",3,15,70,"+5.857","6790915","36","4","1:27.380","180.494",2014,11,"Hungarian Grand Prix",2014-07-27,"12:00:00","hamilton","44","HAM","Lewis","Hamilton",1985-01-07,"British","mercedes","Mercedes","German","Finished","hungaroring","Hungaroring","Budapest","Hungary",47.5789,19.2486,"264"
11,1,1,18,910,22359,22,7,"10","10",10,1,70,"+1:07.280","6852338","50","13","1:29.156","176.898",2014,11,"Hungarian Grand Prix",2014-07-27,"12:00:00","button","22","BUT","Jenson","Button",1980-01-19,"British","mclaren","McLaren","British","Finished","hungaroring","Hungaroring","Budapest","Hungary",47.5789,19.2486,"264"
11,1,9,830,1033,24667,33,7,"2","2",2,18,70,"+8.702","5781175","60","4","1:19.184","199.176",2020,3,"Hungarian Grand Prix",2020-07-19,"13:10:00","max_verstappen","33","VER","Max","Verstappen",1997-09-30,"Dutch","red_bull","Red Bull","Austrian","Finished","hungaroring","Hungaroring","Budapest","Hungary",47.5789,19.2486,"264"
11,11,1,838,979,23591,2,8,"10","10",10,1,69,"\N","\N","44","12","1:21.960","192.430",2017,11,"Hungarian Grand Prix",2017-07-30,"12:00:00","vandoorne","2","VAN","Stoffel","Vandoorne",1992-03-26,"Belgian","mclaren","McLaren","British","+1 Lap","hungaroring","Hungaroring","Budapest","Hungary",47.5789,19.2486,"264"
11,1,9,20,851,21017,1,1,"2","2",2,18,70,"+3.588","6405925","70","5","1:23.875","188.036",2011,11,"Hungarian Grand Prix",2011-07-31,"12:00:00","vettel","5","VET","Sebastian","Vettel",1987-07-03,"German","red_bull","Red Bull","Austrian","Finished","hungaroring","Hungaroring","Budapest","Hungary",47.5789,19.2486,"264"
11,11,4,807,1021,24437,27,11,"12","12",12,0,69,"\N","\N","59","14","1:21.650","193.161",2019,12,"Hungarian Grand Prix",2019-08-04,"13:10:00","hulkenberg","27","HUL","Nico","Hülkenberg",1987-08-19,"German","renault","Renault","French","+1 Lap","hungaroring","Hungaroring","Budapest","Hungary",47.5789,19.2486,"264"
11,12,3,845,1000,24018,35,20,"16","16",16,0,68,"\N","\N","53","18","1:23.708","188.412",2018,12,"Hungarian Grand Prix",2018-07-29,"13:10:00","sirotkin","35","SIR","Sergey","Sirotkin",1995-08-27,"Russian","williams","Williams","British","+2 Laps","hungaroring","Hungaroring","Budapest","Hungary",47.5789,19.2486,"264"
11,1,6,13,870,21480,6,7,"9","9",9,2,69,"+38.350","6103853","54","11","1:25.920","183.561",2012,11,"Hungarian Grand Prix",2012-07-29,"12:00:00","massa","19","MAS","Felipe","Massa",1981-04-25,"Brazilian","ferrari","Ferrari","Italian","Finished","hungaroring","Hungaroring","Budapest","Hungary",47.5789,19.2486,"264"
11,1,9,817,958,23139,3,3,"3","3",3,15,70,"+27.539","6057654","60","5","1:24.608","186.407",2016,11,"Hungarian Grand Prix",2016-07-24,"12:00:00","ricciardo","3","RIC","Daniel","Ricciardo",1989-07-01,"Australian","red_bull","Red Bull","Austrian","Finished","hungaroring","Hungaroring","Budapest","Hungary",47.5789,19.2486,"264"
11,4,6,844,1062,25183,16,7,"\N","R",18,0,0,"\N","\N","\N","0","\N","\N",2021,11,"Hungarian Grand Prix",2021-08-01,"13:00:00","leclerc","16","LEC","Charles","Leclerc",1997-10-16,"Monegasque","ferrari","Ferrari","Italian","Collision","hungaroring","Hungaroring","Budapest","Hungary",47.5789,19.2486,"264"
11,1,131,1,890,21910,10,1,"1","1",1,25,70,"1:42:29.445","6149445","69","3","1:24.647","186.322",2013,10,"Hungarian Grand Prix",2013-07-28,"12:00:00","hamilton","44","HAM","Lewis","Hamilton",1985-01-07,"British","mercedes","Mercedes","German","Finished","hungaroring","Hungaroring","Budapest","Hungary",47.5789,19.2486,"264"
11,11,4,832,1000,24011,55,5,"9","9",9,2,69,"\N","\N","58","13","1:22.774","190.538",2018,12,"Hungarian Grand Prix",2018-07-29,"13:10:00","sainz","55","SAI","Carlos","Sainz",1994-09-01,"Spanish","renault","Renault","French","+1 Lap","hungaroring","Hungaroring","Budapest","Hungary",47.5789,19.2486,"264"
11,1,9,830,1062,25174,33,3,"9","9",9,2,70,"+1:20.244","7563443","43","4","192.074","194.843",2021,11,"Hungarian Grand Prix",2021-08-01,"13:00:00","max_verstappen","33","VER","Max","Verstappen",1997-09-30,"Dutch","red_bull","Red Bull","Austrian","Finished","hungaroring","Hungaroring","Budapest","Hungary",47.5789,19.2486,"264"
11,1,131,1,958,23137,44,2,"1","1",1,25,70,"1:40:30.115","6030115","69","3","1:23.849","188.095",2016,11,"Hungarian Grand Prix",2016-07-24,"12:00:00","hamilton","44","HAM","Lewis","Hamilton",1985-01-07,"British","mercedes","Mercedes","German","Finished","hungaroring","Hungaroring","Budapest","Hungary",47.5789,19.2486,"264"
11,4,117,840,1062,25184,18,12,"\N","R",19,0,0,"\N","\N","\N","0","\N","\N",2021,11,"Hungarian Grand Prix",2021-08-01,"13:00:00","stroll","18","STR","Lance","Stroll",1998-10-29,"Canadian","aston_martin","Aston Martin","British","Collision","hungaroring","Hungaroring","Budapest","Hungary",47.5789,19.2486,"264"
11,11,10,814,851,21022,15,11,"7","7",7,6,69,"\N","\N","65","14","1:25.935","183.529",2011,11,"Hungarian Grand Prix",2011-07-31,"12:00:00","resta","\N","DIR","Paul","di Resta",1986-04-16,"British","force_india","Force India","Indian","+1 Lap","hungaroring","Hungaroring","Budapest","Hungary",47.5789,19.2486,"264"
11,1,10,814,870,21483,11,12,"12","12",12,0,69,"+1:02.887","6128390","57","12","1:25.976","183.441",2012,11,"Hungarian Grand Prix",2012-07-29,"12:00:00","resta","\N","DIR","Paul","di Resta",1986-04-16,"British","force_india","Force India","Indian","Finished","hungaroring","Hungaroring","Budapest","Hungary",47.5789,19.2486,"264"
11,1,9,826,936,22717,26,7,"2","2",2,18,69,"+15.748","6385733","57","4","1:26.519","182.290",2015,10,"Hungarian Grand Prix",2015-07-26,"12:00:00","kvyat","26","KVY","Daniil","Kvyat",1994-04-26,"Russian","red_bull","Red Bull","Austrian","Finished","hungaroring","Hungaroring","Budapest","Hungary",47.5789,19.2486,"264"
11,11,211,815,1033,24672,11,4,"7","7",7,6,69,"\N","\N","39","10","1:20.090","196.923",2020,3,"Hungarian Grand Prix",2020-07-19,"13:10:00","perez","11","PER","Sergio","Pérez",1990-01-26,"Mexican","racing_point","Racing Point","British","+1 Lap","hungaroring","Hungaroring","Budapest","Hungary",47.5789,19.2486,"264"
11,13,164,37,870,21493,22,23,"22","22",22,0,66,"\N","\N","56","23","1:28.765","177.678",2012,11,"Hungarian Grand Prix",2012-07-29,"12:00:00","rosa","\N","DLR","Pedro","de la Rosa",1971-02-24,"Spanish","hrt","HRT","Spanish","+3 Laps","hungaroring","Hungaroring","Budapest","Hungary",47.5789,19.2486,"264"
11,13,206,824,890,21925,22,21,"16","16",16,0,67,"\N","\N","57","20","1:28.250","178.715",2013,10,"Hungarian Grand Prix",2013-07-28,"12:00:00","jules_bianchi","17","BIA","Jules","Bianchi",1989-08-03,"French","marussia","Marussia","Russian","+3 Laps","hungaroring","Hungaroring","Budapest","Hungary",47.5789,19.2486,"264"
11,1,9,817,910,22350,3,4,"1","1",1,25,70,"1:53:05.058","6785058","58","2","1:26.608","182.103",2014,11,"Hungarian Grand Prix",2014-07-27,"12:00:00","ricciardo","3","RIC","Daniel","Ricciardo",1989-07-01,"Australian","red_bull","Red Bull","Austrian","Finished","hungaroring","Hungaroring","Budapest","Hungary",47.5789,19.2486,"264"
11,12,207,823,890,21923,21,20,"14","14",14,0,68,"\N","\N","47","17","1:27.473","180.302",2013,10,"Hungarian Grand Prix",2013-07-28,"12:00:00","garde","\N","VDG","Giedo","van der Garde",1985-04-25,"Dutch","caterham","Caterham","Malaysian","+2 Laps","hungaroring","Hungaroring","Budapest","Hungary",47.5789,19.2486,"264"
11,1,9,17,890,21913,2,10,"4","4",4,12,70,"+18.044","6167489","61","1","1:24.069","187.603",2013,10,"Hungarian Grand Prix",2013-07-28,"12:00:00","webber","\N","WEB","Mark","Webber",1976-08-27,"Australian","red_bull","Red Bull","Austrian","Finished","hungaroring","Hungaroring","Budapest","Hungary",47.5789,19.2486,"264"
11,1,6,20,1021,24428,5,5,"3","3",3,15,70,"+1:01.433","5765229","65","4","1:19.786","197.673",2019,12,"Hungarian Grand Prix",2019-08-04,"13:10:00","vettel","5","VET","Sebastian","Vettel",1987-07-03,"German","ferrari","Ferrari","Italian","Finished","hungaroring","Hungaroring","Budapest","Hungary",47.5789,19.2486,"264"
11,11,10,815,1000,24016,11,19,"14","14",14,0,69,"\N","\N","56","16","1:23.263","189.419",2018,12,"Hungarian Grand Prix",2018-07-29,"13:10:00","perez","11","PER","Sergio","Pérez",1990-01-26,"Mexican","force_india","Force India","Indian","+1 Lap","hungaroring","Hungaroring","Budapest","Hungary",47.5789,19.2486,"264"
11,11,131,3,851,21024,8,7,"9","9",9,2,69,"\N","\N","64","9","1:24.857","185.860",2011,11,"Hungarian Grand Prix",2011-07-31,"12:00:00","rosberg","6","ROS","Nico","Rosberg",1985-06-27,"German","mercedes","Mercedes","German","+1 Lap","hungaroring","Hungaroring","Budapest","Hungary",47.5789,19.2486,"264"
11,11,1,832,1021,24430,55,8,"5","5",5,10,69,"\N","\N","66","10","1:21.002","194.706",2019,12,"Hungarian Grand Prix",2019-08-04,"13:10:00","sainz","55","SAI","Carlos","Sainz",1994-09-01,"Spanish","mclaren","McLaren","British","+1 Lap","hungaroring","Hungaroring","Budapest","Hungary",47.5789,19.2486,"264"
11,1,9,20,910,22356,1,2,"7","7",7,6,70,"+40.964","6826022","52","9","1:28.746","177.716",2014,11,"Hungarian Grand Prix",2014-07-27,"12:00:00","vettel","5","VET","Sebastian","Vettel",1987-07-03,"German","red_bull","Red Bull","Austrian","Finished","hungaroring","Hungaroring","Budapest","Hungary",47.5789,19.2486,"264"
11,1,1,18,936,22724,22,16,"9","9",9,2,69,"+1:07.028","6437013","65","17","1:28.535","178.139",2015,10,"Hungarian Grand Prix",2015-07-26,"12:00:00","button","22","BUT","Jenson","Button",1980-01-19,"British","mclaren","McLaren","British","Finished","hungaroring","Hungaroring","Budapest","Hungary",47.5789,19.2486,"264"
11,12,15,836,979,23596,94,18,"15","15",15,0,68,"\N","\N","50","18","1:23.573","188.716",2017,11,"Hungarian Grand Prix",2017-07-30,"12:00:00","wehrlein","94","WEH","Pascal","Wehrlein",1994-10-18,"German","sauber","Sauber","Swiss","+2 Laps","hungaroring","Hungaroring","Budapest","Hungary",47.5789,19.2486,"264"
11,12,15,815,851,21030,17,10,"15","15",15,0,68,"\N","\N","67","10","1:24.999","185.550",2011,11,"Hungarian Grand Prix",2011-07-31,"12:00:00","perez","11","PER","Sergio","Pérez",1990-01-26,"Mexican","sauber","Sauber","Swiss","+2 Laps","hungaroring","Hungaroring","Budapest","Hungary",47.5789,19.2486,"264"
11,11,210,154,958,23150,8,11,"14","14",14,0,69,"\N","\N","56","18","1:25.958","183.480",2016,11,"Hungarian Grand Prix",2016-07-24,"12:00:00","grosjean","8","GRO","Romain","Grosjean",1986-04-17,"French","haas","Haas F1 Team","American","+1 Lap","hungaroring","Hungaroring","Budapest","Hungary",47.5789,19.2486,"264"
11,12,3,847,1021,24441,63,15,"16","16",16,0,68,"\N","\N","66","17","1:22.386","191.435",2019,12,"Hungarian Grand Prix",2019-08-04,"13:10:00","russell","63","RUS","George","Russell",1998-02-15,"British","williams","Williams","British","+2 Laps","hungaroring","Hungaroring","Budapest","Hungary",47.5789,19.2486,"264"
11,1,131,3,958,23138,6,1,"2","2",2,18,70,"+1.977","6032092","60","2","1:23.670","188.497",2016,11,"Hungarian Grand Prix",2016-07-24,"12:00:00","rosberg","6","ROS","Nico","Rosberg",1985-06-27,"German","mercedes","Mercedes","German","Finished","hungaroring","Hungaroring","Budapest","Hungary",47.5789,19.2486,"264"
11,1,6,4,851,21018,5,5,"3","3",3,15,70,"+19.819","6422156","62","3","1:23.711","188.405",2011,11,"Hungarian Grand Prix",2011-07-31,"12:00:00","alonso","14","ALO","Fernando","Alonso",1981-07-29,"Spanish","ferrari","Ferrari","Italian","Finished","hungaroring","Hungaroring","Budapest","Hungary",47.5789,19.2486,"264"
11,1,15,16,910,22360,99,11,"11","11",11,0,70,"+1:08.169","6853227","41","8","1:28.704","177.800",2014,11,"Hungarian Grand Prix",2014-07-27,"12:00:00","sutil","99","SUT","Adrian","Sutil",1983-01-11,"German","sauber","Sauber","Swiss","Finished","hungaroring","Hungaroring","Budapest","Hungary",47.5789,19.2486,"264"
11,42,4,2,851,21038,9,14,"\N","R",23,0,23,"\N","\N","19","23","1:30.826","173.646",2011,11,"Hungarian Grand Prix",2011-07-31,"12:00:00","heidfeld","\N","HEI","Nick","Heidfeld",1977-05-10,"German","renault","Renault","French","Heat shield fire","hungaroring","Hungaroring","Budapest","Hungary",47.5789,19.2486,"264"
11,11,5,818,870,21487,17,16,"16","16",16,0,68,"\N","\N","66","14","1:26.061","183.260",2012,11,"Hungarian Grand Prix",2012-07-29,"12:00:00","vergne","25","VER","Jean-Éric","Vergne",1990-04-25,"French","toro_rosso","Toro Rosso","Italian","+1 Lap","hungaroring","Hungaroring","Budapest","Hungary",47.5789,19.2486,"264"
11,1,9,848,1033,24670,23,13,"5","5",5,10,70,"+1:18.316","5850789","68","5","1:19.440","198.534",2020,3,"Hungarian Grand Prix",2020-07-19,"13:10:00","albon","23","ALB","Alexander","Albon",1996-03-23,"Thai","red_bull","Red Bull","Austrian","Finished","hungaroring","Hungaroring","Budapest","Hungary",47.5789,19.2486,"264"
11,11,3,847,1033,24683,63,12,"18","18",18,0,69,"\N","\N","67","9","1:19.984","197.184",2020,3,"Hungarian Grand Prix",2020-07-19,"13:10:00","russell","63","RUS","George","Russell",1998-02-15,"British","williams","Williams","British","+1 Lap","hungaroring","Hungaroring","Budapest","Hungary",47.5789,19.2486,"264"
11,22,10,815,936,22734,11,13,"\N","R",19,0,53,"\N","\N","51","16","1:28.499","178.212",2015,10,"Hungarian Grand Prix",2015-07-26,"12:00:00","perez","11","PER","Sergio","Pérez",1990-01-26,"Mexican","force_india","Force India","Indian","Suspension","hungaroring","Hungaroring","Budapest","Hungary",47.5789,19.2486,"264"
11,11,1,4,958,23143,14,7,"7","7",7,6,69,"\N","\N","62","8","1:24.958","185.639",2016,11,"Hungarian Grand Prix",2016-07-24,"12:00:00","alonso","14","ALO","Fernando","Alonso",1981-07-29,"Spanish","mclaren","McLaren","British","+1 Lap","hungaroring","Hungaroring","Budapest","Hungary",47.5789,19.2486,"264"
11,11,4,817,1033,24673,3,11,"8","8",8,4,69,"\N","\N","46","7","1:19.532","198.305",2020,3,"Hungarian Grand Prix",2020-07-19,"13:10:00","ricciardo","3","RIC","Daniel","Ricciardo",1989-07-01,"Australian","renault","Renault","French","+1 Lap","hungaroring","Hungaroring","Budapest","Hungary",47.5789,19.2486,"264"
11,1,10,807,870,21482,12,10,"11","11",11,0,69,"+57.283","6122786","60","15","1:26.073","183.235",2012,11,"Hungarian Grand Prix",2012-07-29,"12:00:00","hulkenberg","27","HUL","Nico","Hülkenberg",1987-08-19,"German","force_india","Force India","Indian","Finished","hungaroring","Hungaroring","Budapest","Hungary",47.5789,19.2486,"264"
11,12,10,16,851,21029,14,8,"14","14",14,0,68,"\N","\N","66","12","1:25.579","184.292",2011,11,"Hungarian Grand Prix",2011-07-31,"12:00:00","sutil","99","SUT","Adrian","Sutil",1983-01-11,"German","force_india","Force India","Indian","+2 Laps","hungaroring","Hungaroring","Budapest","Hungary",47.5789,19.2486,"264"
11,11,3,813,890,21919,16,15,"10","10",10,1,69,"\N","\N","69","9","1:25.597","184.254",2013,10,"Hungarian Grand Prix",2013-07-28,"12:00:00","maldonado","13","MAL","Pastor","Maldonado",1985-03-09,"Venezuelan","williams","Williams","British","+1 Lap","hungaroring","Hungaroring","Budapest","Hungary",47.5789,19.2486,"264"
11,11,6,20,1033,24671,5,5,"6","6",6,8,69,"\N","\N","49","14","1:20.363","196.254",2020,3,"Hungarian Grand Prix",2020-07-19,"13:10:00","vettel","5","VET","Sebastian","Vettel",1987-07-03,"German","ferrari","Ferrari","Italian","+1 Lap","hungaroring","Hungaroring","Budapest","Hungary",47.5789,19.2486,"264"
11,1,6,8,958,23142,7,14,"6","6",6,8,70,"+49.044","6079159","52","1","1:23.086","189.822",2016,11,"Hungarian Grand Prix",2016-07-24,"12:00:00","raikkonen","7","RAI","Kimi","Räikkönen",1979-10-17,"Finnish","ferrari","Ferrari","Italian","Finished","hungaroring","Hungaroring","Budapest","Hungary",47.5789,19.2486,"264"
11,1,3,822,910,22357,77,3,"8","8",8,4,70,"+41.344","6826402","63","3","1:26.850","181.595",2014,11,"Hungarian Grand Prix",2014-07-27,"12:00:00","bottas","77","BOT","Valtteri","Bottas",1989-08-28,"Finnish","williams","Williams","British","Finished","hungaroring","Hungaroring","Budapest","Hungary",47.5789,19.2486,"264"
11,1,5,830,936,22719,33,9,"4","4",4,12,69,"+44.251","6414236","62","11","1:27.650","179.938",2015,10,"Hungarian Grand Prix",2015-07-26,"12:00:00","max_verstappen","33","VER","Max","Verstappen",1997-09-30,"Dutch","toro_rosso","Toro Rosso","Italian","Finished","hungaroring","Hungaroring","Budapest","Hungary",47.5789,19.2486,"264"
11,1,208,154,936,22722,8,10,"7","7",7,6,69,"+58.578","6428563","60","14","1:28.080","179.059",2015,10,"Hungarian Grand Prix",2015-07-26,"12:00:00","grosjean","8","GRO","Romain","Grosjean",1986-04-17,"French","lotus_f1","Lotus F1","British","Finished","hungaroring","Hungaroring","Budapest","Hungary",47.5789,19.2486,"264"
11,11,51,841,1033,24682,99,19,"17","17",17,0,69,"\N","\N","44","11","1:20.096","196.908",2020,3,"Hungarian Grand Prix",2020-07-19,"13:10:00","giovinazzi","99","GIO","Antonio","Giovinazzi",1993-12-14,"Italian","alfa","Alfa Romeo","Swiss","+1 Lap","hungaroring","Hungaroring","Budapest","Hungary",47.5789,19.2486,"264"
11,1,9,17,851,21020,2,6,"5","5",5,10,70,"+49.742","6452079","61","4","1:23.718","188.389",2011,11,"Hungarian Grand Prix",2011-07-31,"12:00:00","webber","\N","WEB","Mark","Webber",1976-08-27,"Australian","red_bull","Red Bull","Austrian","Finished","hungaroring","Hungaroring","Budapest","Hungary",47.5789,19.2486,"264"
12,1,10,807,867,21404,12,8,"5","5",5,10,57,"+19.993","6276642","40","13","1:44.226","187.174",2012,8,"European Grand Prix",2012-06-24,"12:00:00","hulkenberg","27","HUL","Nico","Hülkenberg",1987-08-19,"German","force_india","Force India","Indian","Finished","valencia","Valencia Street Circuit","Valencia","Spain",39.4589,-0.331667,"4"
12,11,164,39,867,21417,23,22,"18","18",18,0,56,"\N","\N","42","21","1:46.388","183.370",2012,8,"European Grand Prix",2012-06-24,"12:00:00","karthikeyan","\N","KAR","Narain","Karthikeyan",1977-01-14,"Indian","hrt","HRT","Spanish","+1 Lap","valencia","Valencia Street Circuit","Valencia","Spain",39.4589,-0.331667,"4"
12,1,131,3,848,20950,8,7,"7","7",7,6,57,"+1:38.090","6074259","53","12","1:43.649","188.215",2011,8,"European Grand Prix",2011-06-26,"12:00:00","rosberg","6","ROS","Nico","Rosberg",1985-06-27,"German","mercedes","Mercedes","German","Finished","valencia","Valencia Street Circuit","Valencia","Spain",39.4589,-0.331667,"4"
12,1,207,5,867,21413,20,16,"14","14",14,0,57,"+1:34.654","6351303","40","19","1:45.294","185.275",2012,8,"European Grand Prix",2012-06-24,"12:00:00","kovalainen","\N","KOV","Heikki","Kovalainen",1981-10-19,"Finnish","caterham","Caterham","Malaysian","Finished","valencia","Valencia Street Circuit","Valencia","Spain",39.4589,-0.331667,"4"
12,11,4,808,848,20958,10,11,"15","15",15,0,56,"\N","\N","41","8","1:43.151","189.124",2011,8,"European Grand Prix",2011-06-26,"12:00:00","petrov","\N","PET","Vitaly","Petrov",1984-09-08,"Russian","renault","Renault","French","+1 Lap","valencia","Valencia Street Circuit","Valencia","Spain",39.4589,-0.331667,"4"
12,12,166,816,848,20965,25,23,"22","22",22,0,55,"\N","\N","51","22","1:47.164","182.042",2011,8,"European Grand Prix",2011-06-26,"12:00:00","ambrosio","\N","DAM","Jérôme","d'Ambrosio",1985-12-27,"Belgian","virgin","Virgin","British","+2 Laps","valencia","Valencia Street Circuit","Valencia","Spain",39.4589,-0.331667,"4"
12,11,6,13,867,21415,6,13,"16","16",16,0,56,"\N","\N","36","15","1:44.431","186.806",2012,8,"European Grand Prix",2012-06-24,"12:00:00","massa","19","MAS","Felipe","Massa",1981-04-25,"Brazilian","ferrari","Ferrari","Italian","+1 Lap","valencia","Valencia Street Circuit","Valencia","Spain",39.4589,-0.331667,"4"
12,11,5,67,848,20956,18,17,"13","13",13,0,56,"\N","\N","47","16","1:44.103","187.395",2011,8,"European Grand Prix",2011-06-26,"12:00:00","buemi","\N","BUE","Sébastien","Buemi",1988-10-31,"Swiss","toro_rosso","Toro Rosso","Italian","+1 Lap","valencia","Valencia Street Circuit","Valencia","Spain",39.4589,-0.331667,"4"
12,40,208,154,867,21419,10,4,"\N","R",20,0,40,"\N","\N","38","8","1:43.764","188.007",2012,8,"European Grand Prix",2012-06-24,"12:00:00","grosjean","8","GRO","Romain","Grosjean",1986-04-17,"French","lotus_f1","Lotus F1","British","Electronics","valencia","Valencia Street Circuit","Valencia","Spain",39.4589,-0.331667,"4"
12,1,10,814,867,21406,11,10,"7","7",7,6,57,"+22.866","6279515","45","11","1:44.101","187.398",2012,8,"European Grand Prix",2012-06-24,"12:00:00","resta","\N","DIR","Paul","di Resta",1986-04-16,"British","force_india","Force India","Indian","Finished","valencia","Valencia Street Circuit","Valencia","Spain",39.4589,-0.331667,"4"
12,4,1,1,867,21418,4,2,"19","19",19,0,55,"\N","\N","43","9","1:44.007","187.568",2012,8,"European Grand Prix",2012-06-24,"12:00:00","hamilton","44","HAM","Lewis","Hamilton",1985-01-07,"British","mclaren","McLaren","British","Collision","valencia","Valencia Street Circuit","Valencia","Spain",39.4589,-0.331667,"4"
12,1,1,18,867,21407,3,9,"8","8",8,4,57,"+24.653","6281302","48","17","1:44.806","186.138",2012,8,"European Grand Prix",2012-06-24,"12:00:00","button","22","BUT","Jenson","Button",1980-01-19,"British","mclaren","McLaren","British","Finished","valencia","Valencia Street Circuit","Valencia","Spain",39.4589,-0.331667,"4"
12,11,131,30,848,20960,7,8,"17","17",17,0,56,"\N","\N","50","18","1:44.578","186.544",2011,8,"European Grand Prix",2011-06-26,"12:00:00","michael_schumacher","\N","MSC","Michael","Schumacher",1969-01-03,"German","mercedes","Mercedes","German","+1 Lap","valencia","Valencia Street Circuit","Valencia","Spain",39.4589,-0.331667,"4"
12,11,4,2,848,20953,9,9,"10","10",10,1,56,"\N","\N","51","14","1:43.901","187.759",2011,8,"European Grand Prix",2011-06-26,"12:00:00","heidfeld","\N","HEI","Nick","Heidfeld",1977-05-10,"German","renault","Renault","French","+1 Lap","valencia","Valencia Street Circuit","Valencia","Spain",39.4589,-0.331667,"4"
12,1,208,8,867,21401,9,5,"2","2",2,18,57,"+6.421","6263070","43","7","1:43.686","188.148",2012,8,"European Grand Prix",2012-06-24,"12:00:00","raikkonen","7","RAI","Kimi","Räikkönen",1979-10-17,"Finnish","lotus_f1","Lotus F1","British","Finished","valencia","Valencia Street Circuit","Valencia","Spain",39.4589,-0.331667,"4"
12,4,5,818,867,21422,17,18,"\N","R",23,0,26,"\N","\N","22","20","1:45.491","184.929",2012,8,"European Grand Prix",2012-06-24,"12:00:00","vergne","25","VER","Jean-Éric","Vergne",1990-04-25,"French","toro_rosso","Toro Rosso","Italian","Collision","valencia","Valencia Street Circuit","Valencia","Spain",39.4589,-0.331667,"4"
12,1,6,4,867,21400,5,11,"1","1",1,25,57,"1:44:16.649","6256649","40","5","1:43.666","188.185",2012,8,"European Grand Prix",2012-06-24,"12:00:00","alonso","14","ALO","Fernando","Alonso",1981-07-29,"Spanish","ferrari","Ferrari","Italian","Finished","valencia","Valencia Street Circuit","Valencia","Spain",39.4589,-0.331667,"4"
12,54,206,10,867,21423,24,0,"\N","W",24,0,0,"\N","\N","\N","0","\N","\N",2012,8,"European Grand Prix",2012-06-24,"12:00:00","glock","\N","GLO","Timo","Glock",1982-03-18,"German","marussia","Marussia","Russian","Withdrew","valencia","Valencia Street Circuit","Valencia","Spain",39.4589,-0.331667,"4"
12,1,206,819,867,21414,25,23,"15","15",15,0,57,"+1:36.551","6353200","43","22","1:46.701","182.832",2012,8,"European Grand Prix",2012-06-24,"12:00:00","pic","\N","PIC","Charles","Pic",1990-02-15,"French","marussia","Marussia","Russian","Finished","valencia","Valencia Street Circuit","Valencia","Spain",39.4589,-0.331667,"4"
12,1,1,18,848,20949,4,6,"6","6",6,8,57,"+1:00.065","6036234","57","3","1:42.340","190.623",2011,8,"European Grand Prix",2011-06-26,"12:00:00","button","22","BUT","Jenson","Button",1980-01-19,"British","mclaren","McLaren","British","Finished","valencia","Valencia Street Circuit","Valencia","Spain",39.4589,-0.331667,"4"
12,13,164,24,848,20966,23,22,"23","23",23,0,54,"\N","\N","37","23","1:47.418","181.612",2011,8,"European Grand Prix",2011-06-26,"12:00:00","liuzzi","\N","LIU","Vitantonio","Liuzzi",1980-08-06,"Italian","hrt","HRT","Spanish","+3 Laps","valencia","Valencia Street Circuit","Valencia","Spain",39.4589,-0.331667,"4"
12,1,3,813,867,21411,18,3,"12","12",12,0,57,"+54.630","6311279","43","10","1:44.064","187.465",2012,8,"European Grand Prix",2012-06-24,"12:00:00","maldonado","13","MAL","Pastor","Maldonado",1985-03-09,"Venezuelan","williams","Williams","British","Finished","valencia","Valencia Street Circuit","Valencia","Spain",39.4589,-0.331667,"4"
12,12,166,10,848,20964,24,21,"21","21",21,0,55,"\N","\N","49","21","1:46.628","182.957",2011,8,"European Grand Prix",2011-06-26,"12:00:00","glock","\N","GLO","Timo","Glock",1982-03-18,"German","virgin","Virgin","British","+2 Laps","valencia","Valencia Street Circuit","Valencia","Spain",39.4589,-0.331667,"4"
12,12,205,15,848,20963,21,20,"20","20",20,0,55,"\N","\N","28","20","1:46.208","183.681",2011,8,"European Grand Prix",2011-06-26,"12:00:00","trulli","\N","TRU","Jarno","Trulli",1974-07-13,"Italian","lotus_racing","Lotus","Malaysian","+2 Laps","valencia","Valencia Street Circuit","Valencia","Spain",39.4589,-0.331667,"4"
12,1,1,1,848,20947,3,3,"4","4",4,12,57,"+46.190","6022359","47","6","1:42.947","189.499",2011,8,"European Grand Prix",2011-06-26,"12:00:00","hamilton","44","HAM","Lewis","Hamilton",1985-01-07,"British","mclaren","McLaren","British","Finished","valencia","Valencia Street Circuit","Valencia","Spain",39.4589,-0.331667,"4"
12,1,131,3,867,21405,8,6,"6","6",6,8,57,"+21.176","6277825","54","1","1:42.163","190.953",2012,8,"European Grand Prix",2012-06-24,"12:00:00","rosberg","6","ROS","Nico","Rosberg",1985-06-27,"German","mercedes","Mercedes","German","Finished","valencia","Valencia Street Circuit","Valencia","Spain",39.4589,-0.331667,"4"
12,11,15,815,848,20954,17,16,"11","11",11,0,56,"\N","\N","41","15","1:43.949","187.672",2011,8,"European Grand Prix",2011-06-26,"12:00:00","perez","11","PER","Sergio","Pérez",1990-01-26,"Mexican","sauber","Sauber","Swiss","+1 Lap","valencia","Valencia Street Circuit","Valencia","Spain",39.4589,-0.331667,"4"
12,1,5,817,867,21410,16,17,"11","11",11,0,57,"+37.041","6293690","44","6","1:43.674","188.170",2012,8,"European Grand Prix",2012-06-24,"12:00:00","ricciardo","3","RIC","Daniel","Ricciardo",1989-07-01,"Australian","toro_rosso","Toro Rosso","Italian","Finished","valencia","Valencia Street Circuit","Valencia","Spain",39.4589,-0.331667,"4"
12,12,205,5,848,20962,20,19,"19","19",19,0,55,"\N","\N","44","19","1:45.055","185.697",2011,8,"European Grand Prix",2011-06-26,"12:00:00","kovalainen","\N","KOV","Heikki","Kovalainen",1981-10-19,"Finnish","lotus_racing","Lotus","Malaysian","+2 Laps","valencia","Valencia Street Circuit","Valencia","Spain",39.4589,-0.331667,"4"
12,1,9,20,848,20944,1,1,"1","1",1,25,57,"1:39:36.169","5976169","53","1","1:41.852","191.536",2011,8,"European Grand Prix",2011-06-26,"12:00:00","vettel","5","VET","Sebastian","Vettel",1987-07-03,"German","red_bull","Red Bull","Austrian","Finished","valencia","Valencia Street Circuit","Valencia","Spain",39.4589,-0.331667,"4"
12,11,3,22,848,20955,11,13,"12","12",12,0,56,"\N","\N","55","17","1:44.131","187.344",2011,8,"European Grand Prix",2011-06-26,"12:00:00","barrichello","\N","BAR","Rubens","Barrichello",1972-05-23,"Brazilian","williams","Williams","British","+1 Lap","valencia","Valencia Street Circuit","Valencia","Spain",39.4589,-0.331667,"4"
12,11,15,155,848,20959,16,14,"16","16",16,0,56,"\N","\N","42","9","1:43.517","188.456",2011,8,"European Grand Prix",2011-06-26,"12:00:00","kobayashi","10","KOB","Kamui","Kobayashi",1986-09-13,"Japanese","sauber","Sauber","Swiss","+1 Lap","valencia","Valencia Street Circuit","Valencia","Spain",39.4589,-0.331667,"4"
12,11,10,814,848,20957,15,12,"14","14",14,0,56,"\N","\N","54","13","1:43.851","187.849",2011,8,"European Grand Prix",2011-06-26,"12:00:00","resta","\N","DIR","Paul","di Resta",1986-04-16,"British","force_india","Force India","Indian","+1 Lap","valencia","Valencia Street Circuit","Valencia","Spain",39.4589,-0.331667,"4"
12,1,3,811,867,21409,19,14,"10","10",10,1,57,"+35.961","6292610","44","12","1:44.111","187.380",2012,8,"European Grand Prix",2012-06-24,"12:00:00","bruno_senna","\N","SEN","Bruno","Senna",1983-10-15,"Brazilian","williams","Williams","British","Finished","valencia","Valencia Street Circuit","Valencia","Spain",39.4589,-0.331667,"4"
12,1,131,30,867,21402,7,12,"3","3",3,15,57,"+12.639","6269288","43","3","1:43.099","189.220",2012,8,"European Grand Prix",2012-06-24,"12:00:00","michael_schumacher","\N","MSC","Michael","Schumacher",1969-01-03,"German","mercedes","Mercedes","German","Finished","valencia","Valencia Street Circuit","Valencia","Spain",39.4589,-0.331667,"4"
12,11,5,153,848,20951,19,18,"8","8",8,4,56,"\N","\N","53","11","1:43.579","188.343",2011,8,"European Grand Prix",2011-06-26,"12:00:00","alguersuari","\N","ALG","Jaime","Alguersuari",1990-03-23,"Spanish","toro_rosso","Toro Rosso","Italian","+1 Lap","valencia","Valencia Street Circuit","Valencia","Spain",39.4589,-0.331667,"4"
12,6,9,20,867,21420,1,1,"\N","R",21,0,33,"\N","\N","18","16","1:44.555","186.585",2012,8,"European Grand Prix",2012-06-24,"12:00:00","vettel","5","VET","Sebastian","Vettel",1987-07-03,"German","red_bull","Red Bull","Austrian","Gearbox","valencia","Valencia Street Circuit","Valencia","Spain",39.4589,-0.331667,"4"
12,13,164,39,848,20967,22,24,"24","24",24,0,54,"\N","\N","32","24","1:47.708","181.123",2011,8,"European Grand Prix",2011-06-26,"12:00:00","karthikeyan","\N","KAR","Narain","Karthikeyan",1977-01-14,"Indian","hrt","HRT","Spanish","+3 Laps","valencia","Valencia Street Circuit","Valencia","Spain",39.4589,-0.331667,"4"
12,4,15,155,867,21421,14,7,"\N","R",22,0,33,"\N","\N","22","18","1:45.082","185.649",2012,8,"European Grand Prix",2012-06-24,"12:00:00","kobayashi","10","KOB","Kamui","Kobayashi",1986-09-13,"Japanese","sauber","Sauber","Swiss","Collision","valencia","Valencia Street Circuit","Valencia","Spain",39.4589,-0.331667,"4"
12,1,9,17,867,21403,2,19,"4","4",4,12,57,"+13.628","6270277","40","2","1:42.717","189.923",2012,8,"European Grand Prix",2012-06-24,"12:00:00","webber","\N","WEB","Mark","Webber",1976-08-27,"Australian","red_bull","Red Bull","Austrian","Finished","valencia","Valencia Street Circuit","Valencia","Spain",39.4589,-0.331667,"4"
12,11,164,37,867,21416,22,21,"17","17",17,0,56,"\N","\N","36","23","1:46.799","182.664",2012,8,"European Grand Prix",2012-06-24,"12:00:00","rosa","\N","DLR","Pedro","de la Rosa",1971-02-24,"Spanish","hrt","HRT","Spanish","+1 Lap","valencia","Valencia Street Circuit","Valencia","Spain",39.4589,-0.331667,"4"
12,1,15,815,867,21408,15,15,"9","9",9,2,57,"+27.777","6284426","43","4","1:43.526","188.439",2012,8,"European Grand Prix",2012-06-24,"12:00:00","perez","11","PER","Sergio","Pérez",1990-01-26,"Mexican","sauber","Sauber","Swiss","Finished","valencia","Valencia Street Circuit","Valencia","Spain",39.4589,-0.331667,"4"
12,11,10,16,848,20952,14,10,"9","9",9,2,56,"\N","\N","53","10","1:43.526","188.439",2011,8,"European Grand Prix",2011-06-26,"12:00:00","sutil","99","SUT","Adrian","Sutil",1983-01-11,"German","force_india","Force India","Indian","+1 Lap","valencia","Valencia Street Circuit","Valencia","Spain",39.4589,-0.331667,"4"
12,11,3,813,848,20961,12,15,"18","18",18,0,56,"\N","\N","47","7","1:43.134","189.155",2011,8,"European Grand Prix",2011-06-26,"12:00:00","maldonado","13","MAL","Pastor","Maldonado",1985-03-09,"Venezuelan","williams","Williams","British","+1 Lap","valencia","Valencia Street Circuit","Valencia","Spain",39.4589,-0.331667,"4"
12,1,6,13,848,20948,6,5,"5","5",5,10,57,"+51.705","6027874","53","5","1:42.705","189.945",2011,8,"European Grand Prix",2011-06-26,"12:00:00","massa","19","MAS","Felipe","Massa",1981-04-25,"Brazilian","ferrari","Ferrari","Italian","Finished","valencia","Valencia Street Circuit","Valencia","Spain",39.4589,-0.331667,"4"
12,1,6,4,848,20945,5,4,"2","2",2,18,57,"+10.891","5987060","49","2","1:42.308","190.683",2011,8,"European Grand Prix",2011-06-26,"12:00:00","alonso","14","ALO","Fernando","Alonso",1981-07-29,"Spanish","ferrari","Ferrari","Italian","Finished","valencia","Valencia Street Circuit","Valencia","Spain",39.4589,-0.331667,"4"
12,1,9,17,848,20946,2,2,"3","3",3,15,57,"+27.255","6003424","39","4","1:42.534","190.262",2011,8,"European Grand Prix",2011-06-26,"12:00:00","webber","\N","WEB","Mark","Webber",1976-08-27,"Australian","red_bull","Red Bull","Austrian","Finished","valencia","Valencia Street Circuit","Valencia","Spain",39.4589,-0.331667,"4"
12,1,207,808,867,21412,21,20,"13","13",13,0,57,"+1:15.871","6332520","54","14","1:44.253","187.125",2012,8,"European Grand Prix",2012-06-24,"12:00:00","petrov","\N","PET","Vitaly","Petrov",1984-09-08,"Russian","caterham","Caterham","Malaysian","Finished","valencia","Valencia Street Circuit","Valencia","Spain",39.4589,-0.331667,"4"
13,1,10,16,852,21046,14,15,"7","7",7,6,44,"+59.713","5264606","33","10","1:52.591","223.946",2011,12,"Belgian Grand Prix",2011-08-28,"12:00:00","sutil","99","SUT","Adrian","Sutil",1983-01-11,"German","force_india","Force India","Indian","Finished","spa","Circuit de Spa-Francorchamps","Spa","Belgium",50.4372,5.97139,"401"
13,1,15,831,937,22746,12,14,"11","11",11,0,43,"+1:42.311","5122698","29","6","1:53.991","221.196",2015,11,"Belgian Grand Prix",2015-08-23,"12:00:00","nasr","12","NAS","Felipe","Nasr",1992-08-21,"Brazilian","sauber","Sauber","Swiss","Finished","spa","Circuit de Spa-Francorchamps","Spa","Belgium",50.4372,5.97139,"401"
13,1,211,840,1037,24754,18,9,"9","9",9,2,44,"+52.603","5101364","34","13","1:49.136","231.036",2020,7,"Belgian Grand Prix",2020-08-30,"13:10:00","stroll","18","STR","Lance","Stroll",1998-10-29,"Canadian","racing_point","Racing Point","British","Finished","spa","Circuit de Spa-Francorchamps","Spa","Belgium",50.4372,5.97139,"401"
13,26,208,813,911,22393,13,17,"\N","R",21,0,1,"\N","\N","\N","0","\N","\N",2014,12,"Belgian Grand Prix",2014-08-24,"12:00:00","maldonado","13","MAL","Pastor","Maldonado",1985-03-09,"Venezuelan","lotus_f1","Lotus F1","British","Mechanical","spa","Circuit de Spa-Francorchamps","Spa","Belgium",50.4372,5.97139,"401"
13,4,15,815,871,21516,15,4,"\N","R",21,0,0,"\N","\N","\N","0","\N","\N",2012,12,"Belgian Grand Prix",2012-09-02,"12:00:00","perez","11","PER","Sergio","Pérez",1990-01-26,"Mexican","sauber","Sauber","Swiss","Collision","spa","Circuit de Spa-Francorchamps","Spa","Belgium",50.4372,5.97139,"401"
13,1,6,8,911,22376,7,8,"4","4",4,12,44,"+36.815","5113371","39","13","1:54.090","221.004",2014,12,"Belgian Grand Prix",2014-08-24,"12:00:00","raikkonen","7","RAI","Kimi","Räikkönen",1979-10-17,"Finnish","ferrari","Ferrari","Italian","Finished","spa","Circuit de Spa-Francorchamps","Spa","Belgium",50.4372,5.97139,"401"
13,1,15,807,891,21944,11,11,"13","13",13,0,44,"+1:28.258","5110454","41","15","1:53.110","222.919",2013,11,"Belgian Grand Prix",2013-08-25,"12:00:00","hulkenberg","27","HUL","Nico","Hülkenberg",1987-08-19,"German","sauber","Sauber","Swiss","Finished","spa","Circuit de Spa-Francorchamps","Spa","Belgium",50.4372,5.97139,"401"
13,1,9,830,1037,24748,33,3,"3","3",3,15,44,"+15.455","5064216","27","8","1:48.305","232.809",2020,7,"Belgian Grand Prix",2020-08-30,"13:10:00","max_verstappen","33","VER","Max","Verstappen",1997-09-30,"Dutch","red_bull","Red Bull","Austrian","Finished","spa","Circuit de Spa-Francorchamps","Spa","Belgium",50.4372,5.97139,"401"
13,1,6,4,891,21933,3,9,"2","2",2,18,44,"+16.869","5039065","36","4","1:51.383","226.375",2013,11,"Belgian Grand Prix",2013-08-25,"12:00:00","alonso","14","ALO","Fernando","Alonso",1981-07-29,"Spanish","ferrari","Ferrari","Italian","Finished","spa","Circuit de Spa-Francorchamps","Spa","Belgium",50.4372,5.97139,"401"
13,11,3,9,1022,24462,88,0,"17","17",17,0,43,"\N","\N","33","15","1:49.220","230.858",2019,13,"Belgian Grand Prix",2019-09-01,"13:10:00","kubica","88","KUB","Robert","Kubica",1984-12-07,"Polish","williams","Williams","British","+1 Lap","spa","Circuit de Spa-Francorchamps","Spa","Belgium",50.4372,5.97139,"401"
13,43,1,832,1037,24765,55,7,"\N","W",20,0,0,"\N","\N","\N","0","\N","\N",2020,7,"Belgian Grand Prix",2020-08-30,"13:10:00","sainz","55","SAI","Carlos","Sainz",1994-09-01,"Spanish","mclaren","McLaren","British","Exhaust","spa","Circuit de Spa-Francorchamps","Spa","Belgium",50.4372,5.97139,"401"
13,11,205,5,852,21054,20,16,"15","15",15,0,43,"\N","\N","35","15","1:54.051","221.080",2011,12,"Belgian Grand Prix",2011-08-28,"12:00:00","kovalainen","\N","KOV","Heikki","Kovalainen",1981-10-19,"Finnish","lotus_racing","Lotus","Malaysian","+1 Lap","spa","Circuit de Spa-Francorchamps","Spa","Belgium",50.4372,5.97139,"401"
13,1,15,155,852,21051,16,12,"12","12",12,0,44,"+1:31.976","5296869","35","14","1:53.871","221.429",2011,12,"Belgian Grand Prix",2011-08-28,"12:00:00","kobayashi","10","KOB","Kamui","Kobayashi",1986-09-13,"Japanese","sauber","Sauber","Swiss","Finished","spa","Circuit de Spa-Francorchamps","Spa","Belgium",50.4372,5.97139,"401"
13,1,4,807,980,23607,27,7,"6","6",6,8,44,"+28.087","5110907","39","7","1:48.922","231.490",2017,12,"Belgian Grand Prix",2017-08-27,"12:00:00","hulkenberg","27","HUL","Nico","Hülkenberg",1987-08-19,"German","renault","Renault","French","Finished","spa","Circuit de Spa-Francorchamps","Spa","Belgium",50.4372,5.97139,"401"
13,11,207,808,871,21509,21,19,"14","14",14,0,43,"\N","\N","28","15","1:56.741","215.985",2012,12,"Belgian Grand Prix",2012-09-02,"12:00:00","petrov","\N","PET","Vitaly","Petrov",1984-09-08,"Russian","caterham","Caterham","Malaysian","+1 Lap","spa","Circuit de Spa-Francorchamps","Spa","Belgium",50.4372,5.97139,"401"
13,138,3,847,1037,24764,63,15,"\N","R",19,0,9,"\N","\N","5","18","1:51.754","225.624",2020,7,"Belgian Grand Prix",2020-08-30,"13:10:00","russell","63","RUS","George","Russell",1998-02-15,"British","williams","Williams","British","Debris","spa","Circuit de Spa-Francorchamps","Spa","Belgium",50.4372,5.97139,"401"
13,1,131,3,937,22737,6,2,"2","2",2,18,43,"+2.058","5022445","34","1","1:52.416","224.295",2015,11,"Belgian Grand Prix",2015-08-23,"12:00:00","rosberg","6","ROS","Nico","Rosberg",1985-06-27,"German","mercedes","Mercedes","German","Finished","spa","Circuit de Spa-Francorchamps","Spa","Belgium",50.4372,5.97139,"401"
13,11,207,823,891,21947,21,14,"16","16",16,0,43,"\N","\N","43","18","1:53.995","221.188",2013,11,"Belgian Grand Prix",2013-08-25,"12:00:00","garde","\N","VDG","Giedo","van der Garde",1985-04-25,"Dutch","caterham","Caterham","Malaysian","+1 Lap","spa","Circuit de Spa-Francorchamps","Spa","Belgium",50.4372,5.97139,"401"
13,1,131,822,1037,24747,77,2,"2","2",2,18,44,"+8.448","5057209","27","5","1:47.983","233.503",2020,7,"Belgian Grand Prix",2020-08-30,"13:10:00","bottas","77","BOT","Valtteri","Bottas",1989-08-28,"Finnish","mercedes","Mercedes","German","Finished","spa","Circuit de Spa-Francorchamps","Spa","Belgium",50.4372,5.97139,"401"
13,1,4,839,1037,24750,31,6,"5","5",5,10,44,"+40.650","5089411","44","10","1:48.540","232.305",2020,7,"Belgian Grand Prix",2020-08-30,"13:10:00","ocon","31","OCO","Esteban","Ocon",1996-09-17,"French","renault","Renault","French","Finished","spa","Circuit de Spa-Francorchamps","Spa","Belgium",50.4372,5.97139,"401"
13,1,117,840,1063,25205,18,19,"20","20",20,0,1,"+44.108","251179","\N","0","\N","\N",2021,12,"Belgian Grand Prix",2021-08-29,"13:00:00","stroll","18","STR","Lance","Stroll",1998-10-29,"Canadian","aston_martin","Aston Martin","British","Finished","spa","Circuit de Spa-Francorchamps","Spa","Belgium",50.4372,5.97139,"401"
13,1,5,832,980,23611,55,13,"10","10",10,1,44,"+39.447","5122267","39","13","1:49.709","229.829",2017,12,"Belgian Grand Prix",2017-08-27,"12:00:00","sainz","55","SAI","Carlos","Sainz",1994-09-01,"Spanish","toro_rosso","Toro Rosso","Italian","Finished","spa","Circuit de Spa-Francorchamps","Spa","Belgium",50.4372,5.97139,"401"
13,1,213,842,1037,24753,10,12,"8","8",8,4,44,"+47.371","5096132","29","3","1:47.839","233.815",2020,7,"Belgian Grand Prix",2020-08-30,"13:10:00","gasly","10","GAS","Pierre","Gasly",1996-02-07,"French","alphatauri","AlphaTauri","Italian","Finished","spa","Circuit de Spa-Francorchamps","Spa","Belgium",50.4372,5.97139,"401"
13,1,131,3,911,22374,6,1,"2","2",2,18,44,"+3.383","5079939","36","1","1:50.511","228.161",2014,12,"Belgian Grand Prix",2014-08-24,"12:00:00","rosberg","6","ROS","Nico","Rosberg",1985-06-27,"German","mercedes","Mercedes","German","Finished","spa","Circuit de Spa-Francorchamps","Spa","Belgium",50.4372,5.97139,"401"
13,1,211,815,1022,24451,11,7,"6","6",6,8,44,"+1:24.448","5110158","29","13","1:48.781","231.790",2019,13,"Belgian Grand Prix",2019-09-01,"13:10:00","perez","11","PER","Sergio","Pérez",1990-01-26,"Mexican","racing_point","Racing Point","British","Finished","spa","Circuit de Spa-Francorchamps","Spa","Belgium",50.4372,5.97139,"401"
13,11,209,829,937,22751,28,15,"16","16",16,0,42,"\N","\N","33","17","1:58.150","213.410",2015,11,"Belgian Grand Prix",2015-08-23,"12:00:00","stevens","28","STE","Will","Stevens",1991-06-28,"British","manor","Manor Marussia","British","+1 Lap","spa","Circuit de Spa-Francorchamps","Spa","Belgium",50.4372,5.97139,"401"
13,1,15,828,980,23617,9,17,"16","16",16,0,44,"+1:09.711","5152531","25","17","1:50.775","227.618",2017,12,"Belgian Grand Prix",2017-08-27,"12:00:00","ericsson","9","ERI","Marcus","Ericsson",1990-09-02,"Swedish","sauber","Sauber","Swiss","Finished","spa","Circuit de Spa-Francorchamps","Spa","Belgium",50.4372,5.97139,"401"
13,1,5,842,1001,24031,10,10,"9","9",9,2,44,"+1:45.892","5120368","36","9","1:48.588","232.202",2018,13,"Belgian Grand Prix",2018-08-26,"13:10:00","gasly","10","GAS","Pierre","Gasly",1996-02-07,"French","toro_rosso","Toro Rosso","Italian","Finished","spa","Circuit de Spa-Francorchamps","Spa","Belgium",50.4372,5.97139,"401"
13,4,5,153,852,21063,19,6,"\N","R",24,0,0,"\N","\N","\N","0","\N","\N",2011,12,"Belgian Grand Prix",2011-08-28,"12:00:00","alguersuari","\N","ALG","Jaime","Alguersuari",1990-03-23,"Spanish","toro_rosso","Toro Rosso","Italian","Collision","spa","Circuit de Spa-Francorchamps","Spa","Belgium",50.4372,5.97139,"401"
13,23,6,8,1001,24039,7,6,"\N","R",17,0,8,"\N","\N","6","17","1:54.320","220.559",2018,13,"Belgian Grand Prix",2018-08-26,"13:10:00","raikkonen","7","RAI","Kimi","Räikkönen",1979-10-17,"Finnish","ferrari","Ferrari","Italian","Brakes","spa","Circuit de Spa-Francorchamps","Spa","Belgium",50.4372,5.97139,"401"
13,1,131,1,937,22736,44,1,"1","1",1,25,43,"1:23:40.387","5020387","34","2","1:52.504","224.120",2015,11,"Belgian Grand Prix",2015-08-23,"12:00:00","hamilton","44","HAM","Lewis","Hamilton",1985-01-07,"British","mercedes","Mercedes","German","Finished","spa","Circuit de Spa-Francorchamps","Spa","Belgium",50.4372,5.97139,"401"
13,1,9,17,852,21041,2,3,"2","2",2,18,44,"+3.741","5208634","33","1","1:49.883","229.465",2011,12,"Belgian Grand Prix",2011-08-28,"12:00:00","webber","\N","WEB","Mark","Webber",1976-08-27,"Australian","red_bull","Red Bull","Austrian","Finished","spa","Circuit de Spa-Francorchamps","Spa","Belgium",50.4372,5.97139,"401"
13,11,166,816,852,21056,25,20,"17","17",17,0,43,"\N","\N","38","19","1:56.319","216.769",2011,12,"Belgian Grand Prix",2011-08-28,"12:00:00","ambrosio","\N","DAM","Jérôme","d'Ambrosio",1985-12-27,"Belgian","virgin","Virgin","British","+1 Lap","spa","Circuit de Spa-Francorchamps","Spa","Belgium",50.4372,5.97139,"401"
13,1,9,20,911,22377,1,3,"5","5",5,10,44,"+52.196","5128752","36","5","1:52.953","223.229",2014,12,"Belgian Grand Prix",2014-08-24,"12:00:00","vettel","5","VET","Sebastian","Vettel",1987-07-03,"German","red_bull","Red Bull","Austrian","Finished","spa","Circuit de Spa-Francorchamps","Spa","Belgium",50.4372,5.97139,"401"
13,20,164,39,871,21514,23,24,"\N","R",19,0,29,"\N","\N","16","19","1:59.113","211.684",2012,12,"Belgian Grand Prix",2012-09-02,"12:00:00","karthikeyan","\N","KAR","Narain","Karthikeyan",1977-01-14,"Indian","hrt","HRT","Spanish","Spun off","spa","Circuit de Spa-Francorchamps","Spa","Belgium",50.4372,5.97139,"401"
13,11,209,839,960,23196,31,17,"16","16",16,0,43,"\N","\N","26","16","1:55.734","217.865",2016,13,"Belgian Grand Prix",2016-08-28,"12:00:00","ocon","31","OCO","Esteban","Ocon",1996-09-17,"French","manor","Manor Marussia","British","+1 Lap","spa","Circuit de Spa-Francorchamps","Spa","Belgium",50.4372,5.97139,"401"
13,27,6,20,937,22747,5,8,"12","12",12,0,42,"\N","\N","29","14","1:55.316","218.654",2015,11,"Belgian Grand Prix",2015-08-23,"12:00:00","vettel","5","VET","Sebastian","Vettel",1987-07-03,"German","ferrari","Ferrari","Italian","Tyre","spa","Circuit de Spa-Francorchamps","Spa","Belgium",50.4372,5.97139,"401"
13,11,15,831,960,23197,12,16,"17","17",17,0,43,"\N","\N","31","17","1:56.152","217.081",2016,13,"Belgian Grand Prix",2016-08-28,"12:00:00","nasr","12","NAS","Felipe","Nasr",1992-08-21,"Brazilian","sauber","Sauber","Swiss","+1 Lap","spa","Circuit de Spa-Francorchamps","Spa","Belgium",50.4372,5.97139,"401"
13,1,9,17,871,21501,2,12,"6","6",6,8,44,"+31.244","5379774","42","7","1:53.768","221.629",2012,12,"Belgian Grand Prix",2012-09-02,"12:00:00","webber","\N","WEB","Mark","Webber",1976-08-27,"Australian","red_bull","Red Bull","Austrian","Finished","spa","Circuit de Spa-Francorchamps","Spa","Belgium",50.4372,5.97139,"401"
13,3,51,841,1022,24463,99,18,"18","18",18,0,42,"\N","\N","31","6","1:47.560","234.421",2019,13,"Belgian Grand Prix",2019-09-01,"13:10:00","giovinazzi","99","GIO","Antonio","Giovinazzi",1993-12-14,"Italian","alfa","Alfa Romeo","Swiss","Accident","spa","Circuit de Spa-Francorchamps","Spa","Belgium",50.4372,5.97139,"401"
13,5,1,4,980,23619,14,10,"\N","R",18,0,25,"\N","\N","12","19","1:51.720","225.692",2017,12,"Belgian Grand Prix",2017-08-27,"12:00:00","alonso","14","ALO","Fernando","Alonso",1981-07-29,"Spanish","mclaren","McLaren","British","Engine","spa","Circuit de Spa-Francorchamps","Spa","Belgium",50.4372,5.97139,"401"
13,11,3,22,852,21055,11,14,"16","16",16,0,43,"\N","\N","42","3","1:50.424","228.341",2011,12,"Belgian Grand Prix",2011-08-28,"12:00:00","barrichello","\N","BAR","Rubens","Barrichello",1972-05-23,"Brazilian","williams","Williams","British","+1 Lap","spa","Circuit de Spa-Francorchamps","Spa","Belgium",50.4372,5.97139,"401"
13,1,3,840,980,23612,18,15,"11","11",11,0,44,"+48.999","5131819","41","16","1:50.543","228.095",2017,12,"Belgian Grand Prix",2017-08-27,"12:00:00","stroll","18","STR","Lance","Stroll",1998-10-29,"Canadian","williams","Williams","British","Finished","spa","Circuit de Spa-Francorchamps","Spa","Belgium",50.4372,5.97139,"401"
13,1,5,826,980,23613,26,19,"12","12",12,0,44,"+49.940","5132760","39","12","1:49.708","229.831",2017,12,"Belgian Grand Prix",2017-08-27,"12:00:00","kvyat","26","KVY","Daniil","Kvyat",1994-04-26,"Russian","toro_rosso","Toro Rosso","Italian","Finished","spa","Circuit de Spa-Francorchamps","Spa","Belgium",50.4372,5.97139,"401"
13,1,9,848,1037,24751,23,5,"6","6",6,8,44,"+42.712","5091473","27","12","1:48.736","231.886",2020,7,"Belgian Grand Prix",2020-08-30,"13:10:00","albon","23","ALB","Alexander","Albon",1996-03-23,"Thai","red_bull","Red Bull","Austrian","Finished","spa","Circuit de Spa-Francorchamps","Spa","Belgium",50.4372,5.97139,"401"
13,3,51,841,1037,24763,99,18,"\N","R",18,0,9,"\N","\N","9","19","1:51.793","225.545",2020,7,"Belgian Grand Prix",2020-08-30,"13:10:00","giovinazzi","99","GIO","Antonio","Giovinazzi",1993-12-14,"Italian","alfa","Alfa Romeo","Swiss","Accident","spa","Circuit de Spa-Francorchamps","Spa","Belgium",50.4372,5.97139,"401"
13,1,10,815,937,22740,11,4,"5","5",5,10,43,"+53.997","5074384","29","13","1:54.796","219.645",2015,11,"Belgian Grand Prix",2015-08-23,"12:00:00","perez","11","PER","Sergio","Pérez",1990-01-26,"Mexican","force_india","Force India","Indian","Finished","spa","Circuit de Spa-Francorchamps","Spa","Belgium",50.4372,5.97139,"401"
13,1,6,13,852,21047,6,4,"8","8",8,4,44,"+1:06.076","5270969","42","7","1:51.564","226.008",2011,12,"Belgian Grand Prix",2011-08-28,"12:00:00","massa","19","MAS","Felipe","Massa",1981-04-25,"Brazilian","ferrari","Ferrari","Italian","Finished","spa","Circuit de Spa-Francorchamps","Spa","Belgium",50.4372,5.97139,"401"
13,1,51,841,1063,25198,99,14,"13","13",13,0,1,"+24.163","231234","\N","0","\N","\N",2021,12,"Belgian Grand Prix",2021-08-29,"13:00:00","giovinazzi","99","GIO","Antonio","Giovinazzi",1993-12-14,"Italian","alfa","Alfa Romeo","Swiss","Finished","spa","Circuit de Spa-Francorchamps","Spa","Belgium",50.4372,5.97139,"401"
13,6,206,824,911,22390,17,16,"18","18",18,0,39,"\N","\N","32","20","1:56.347","216.717",2014,12,"Belgian Grand Prix",2014-08-24,"12:00:00","jules_bianchi","17","BIA","Jules","Bianchi",1989-08-03,"French","marussia","Marussia","Russian","Gearbox","spa","Circuit de Spa-Francorchamps","Spa","Belgium",50.4372,5.97139,"401"
13,1,1,4,960,23187,14,22,"7","7",7,6,44,"+59.445","6350503","43","15","1:54.484","220.243",2016,13,"Belgian Grand Prix",2016-08-28,"12:00:00","alonso","14","ALO","Fernando","Alonso",1981-07-29,"Spanish","mclaren","McLaren","British","Finished","spa","Circuit de Spa-Francorchamps","Spa","Belgium",50.4372,5.97139,"401"
13,1,5,818,891,21943,18,18,"12","12",12,0,44,"+1:26.740","5108936","29","14","1:53.065","223.008",2013,11,"Belgian Grand Prix",2013-08-25,"12:00:00","vergne","25","VER","Jean-Éric","Vergne",1990-04-25,"French","toro_rosso","Toro Rosso","Italian","Finished","spa","Circuit de Spa-Francorchamps","Spa","Belgium",50.4372,5.97139,"401"
13,1,210,154,1001,24029,8,5,"7","7",7,6,44,"+1:25.953","5100429","35","8","1:48.283","232.856",2018,13,"Belgian Grand Prix",2018-08-26,"13:10:00","grosjean","8","GRO","Romain","Grosjean",1986-04-17,"French","haas","Haas F1 Team","American","Finished","spa","Circuit de Spa-Francorchamps","Spa","Belgium",50.4372,5.97139,"401"
13,1,10,814,871,21505,11,9,"10","10",10,1,44,"+63.783","5412313","28","11","1:54.562","220.093",2012,12,"Belgian Grand Prix",2012-09-02,"12:00:00","resta","\N","DIR","Paul","di Resta",1986-04-16,"British","force_india","Force India","Indian","Finished","spa","Circuit de Spa-Francorchamps","Spa","Belgium",50.4372,5.97139,"401"
13,1,131,1,1063,25188,44,3,"3","3",3,7.5,1,"+2.601","209672","\N","0","\N","\N",2021,12,"Belgian Grand Prix",2021-08-29,"13:00:00","hamilton","44","HAM","Lewis","Hamilton",1985-01-07,"British","mercedes","Mercedes","German","Finished","spa","Circuit de Spa-Francorchamps","Spa","Belgium",50.4372,5.97139,"401"
13,11,206,10,871,21510,24,20,"15","15",15,0,43,"\N","\N","30","16","1:56.956","215.588",2012,12,"Belgian Grand Prix",2012-09-02,"12:00:00","glock","\N","GLO","Timo","Glock",1982-03-18,"German","marussia","Marussia","Russian","+1 Lap","spa","Circuit de Spa-Francorchamps","Spa","Belgium",50.4372,5.97139,"401"
13,1,15,821,891,21945,12,21,"14","14",14,0,44,"+1:40.436","5122632","30","8","1:51.849","225.432",2013,11,"Belgian Grand Prix",2013-08-25,"12:00:00","gutierrez","21","GUT","Esteban","Gutiérrez",1991-08-05,"Mexican","sauber","Sauber","Swiss","Finished","spa","Circuit de Spa-Francorchamps","Spa","Belgium",50.4372,5.97139,"401"
13,1,6,20,1001,24023,5,2,"1","1",1,25,44,"1:23:34.476","5014476","25","2","1:46.644","236.435",2018,13,"Belgian Grand Prix",2018-08-26,"13:10:00","vettel","5","VET","Sebastian","Vettel",1987-07-03,"German","ferrari","Ferrari","Italian","Finished","spa","Circuit de Spa-Francorchamps","Spa","Belgium",50.4372,5.97139,"401"
13,1,3,822,960,23188,77,8,"8","8",8,4,44,"+1:00.151","6351209","31","12","1:54.120","220.946",2016,13,"Belgian Grand Prix",2016-08-28,"12:00:00","bottas","77","BOT","Valtteri","Bottas",1989-08-28,"Finnish","williams","Williams","British","Finished","spa","Circuit de Spa-Francorchamps","Spa","Belgium",50.4372,5.97139,"401"
13,1,210,825,1001,24030,20,9,"8","8",8,4,44,"+1:27.639","5102115","36","5","1:47.937","233.602",2018,13,"Belgian Grand Prix",2018-08-26,"13:10:00","kevin_magnussen","20","MAG","Kevin","Magnussen",1992-10-05,"Danish","haas","Haas F1 Team","American","Finished","spa","Circuit de Spa-Francorchamps","Spa","Belgium",50.4372,5.97139,"401"
13,1,211,815,1037,24755,11,8,"10","10",10,1,44,"+53.179","5101940","20","9","1:48.389","232.628",2020,7,"Belgian Grand Prix",2020-08-30,"13:10:00","perez","11","PER","Sergio","Pérez",1990-01-26,"Mexican","racing_point","Racing Point","British","Finished","spa","Circuit de Spa-Francorchamps","Spa","Belgium",50.4372,5.97139,"401"
13,4,1,1,871,21518,4,7,"\N","R",23,0,0,"\N","\N","\N","0","\N","\N",2012,12,"Belgian Grand Prix",2012-09-02,"12:00:00","hamilton","44","HAM","Lewis","Hamilton",1985-01-07,"British","mclaren","McLaren","British","Collision","spa","Circuit de Spa-Francorchamps","Spa","Belgium",50.4372,5.97139,"401"
13,11,1,4,937,22748,14,20,"13","13",13,0,42,"\N","\N","34","5","1:53.692","221.778",2015,11,"Belgian Grand Prix",2015-08-23,"12:00:00","alonso","14","ALO","Fernando","Alonso",1981-07-29,"Spanish","mclaren","McLaren","British","+1 Lap","spa","Circuit de Spa-Francorchamps","Spa","Belgium",50.4372,5.97139,"401"
13,1,131,3,871,21506,8,23,"11","11",11,0,44,"+65.111","5413641","39","2","1:53.073","222.992",2012,12,"Belgian Grand Prix",2012-09-02,"12:00:00","rosberg","6","ROS","Nico","Rosberg",1985-06-27,"German","mercedes","Mercedes","German","Finished","spa","Circuit de Spa-Francorchamps","Spa","Belgium",50.4372,5.97139,"401"
13,1,6,13,871,21500,6,14,"5","5",5,10,44,"+29.845","5378375","30","3","1:53.464","222.223",2012,12,"Belgian Grand Prix",2012-09-02,"12:00:00","massa","19","MAS","Felipe","Massa",1981-04-25,"Brazilian","ferrari","Ferrari","Italian","Finished","spa","Circuit de Spa-Francorchamps","Spa","Belgium",50.4372,5.97139,"401"
13,4,10,814,891,21951,14,5,"\N","R",20,0,26,"\N","\N","21","19","1:54.757","219.719",2013,11,"Belgian Grand Prix",2013-08-25,"12:00:00","resta","\N","DIR","Paul","di Resta",1986-04-16,"British","force_india","Force India","Indian","Collision","spa","Circuit de Spa-Francorchamps","Spa","Belgium",50.4372,5.97139,"401"
13,1,211,840,1022,24455,18,16,"10","10",10,1,44,"+1:49.838","5135548","34","10","1:48.357","232.697",2019,13,"Belgian Grand Prix",2019-09-01,"13:10:00","stroll","18","STR","Lance","Stroll",1998-10-29,"Canadian","racing_point","Racing Point","British","Finished","spa","Circuit de Spa-Francorchamps","Spa","Belgium",50.4372,5.97139,"401"
13,1,9,817,980,23604,3,6,"3","3",3,15,44,"+10.791","5093611","44","3","1:47.549","234.445",2017,12,"Belgian Grand Prix",2017-08-27,"12:00:00","ricciardo","3","RIC","Daniel","Ricciardo",1989-07-01,"Australian","red_bull","Red Bull","Austrian","Finished","spa","Circuit de Spa-Francorchamps","Spa","Belgium",50.4372,5.97139,"401"
13,1,6,8,937,22742,7,16,"7","7",7,6,43,"+55.703","5076090","30","9","1:54.517","220.180",2015,11,"Belgian Grand Prix",2015-08-23,"12:00:00","raikkonen","7","RAI","Kimi","Räikkönen",1979-10-17,"Finnish","ferrari","Ferrari","Italian","Finished","spa","Circuit de Spa-Francorchamps","Spa","Belgium",50.4372,5.97139,"401"
13,1,1,18,871,21496,3,1,"1","1",1,25,44,"1:29:08.530","5348530","40","10","1:54.293","220.611",2012,12,"Belgian Grand Prix",2012-09-02,"12:00:00","button","22","BUT","Jenson","Button",1980-01-19,"British","mclaren","McLaren","British","Finished","spa","Circuit de Spa-Francorchamps","Spa","Belgium",50.4372,5.97139,"401"
13,1,10,839,980,23610,31,9,"9","9",9,2,44,"+38.154","5120974","37","14","1:49.721","229.804",2017,12,"Belgian Grand Prix",2017-08-27,"12:00:00","ocon","31","OCO","Esteban","Ocon",1996-09-17,"French","force_india","Force India","Indian","Finished","spa","Circuit de Spa-Francorchamps","Spa","Belgium",50.4372,5.97139,"401"
13,1,213,826,1037,24756,26,11,"11","11",11,0,44,"+1:10.200","5118961","28","15","1:49.832","229.572",2020,7,"Belgian Grand Prix",2020-08-30,"13:10:00","kvyat","26","KVY","Daniil","Kvyat",1994-04-26,"Russian","alphatauri","AlphaTauri","Italian","Finished","spa","Circuit de Spa-Francorchamps","Spa","Belgium",50.4372,5.97139,"401"
13,1,1,18,852,21042,4,13,"3","3",3,15,44,"+9.669","5214562","39","2","1:50.062","229.092",2011,12,"Belgian Grand Prix",2011-08-28,"12:00:00","button","22","BUT","Jenson","Button",1980-01-19,"British","mclaren","McLaren","British","Finished","spa","Circuit de Spa-Francorchamps","Spa","Belgium",50.4372,5.97139,"401"
13,5,1,846,1022,24456,4,11,"11","11",11,0,43,"\N","\N","21","8","1:48.321","232.774",2019,13,"Belgian Grand Prix",2019-09-01,"13:10:00","norris","4","NOR","Lando","Norris",1999-11-13,"British","mclaren","McLaren","British","Engine","spa","Circuit de Spa-Francorchamps","Spa","Belgium",50.4372,5.97139,"401"
13,11,5,843,1001,24036,28,11,"14","14",14,0,43,"\N","\N","33","12","1:48.756","231.843",2018,13,"Belgian Grand Prix",2018-08-26,"13:10:00","brendon_hartley","28","HAR","Brendon","Hartley",1989-11-10,"New Zealander","toro_rosso","Toro Rosso","Italian","+1 Lap","spa","Circuit de Spa-Francorchamps","Spa","Belgium",50.4372,5.97139,"401"
13,130,1,18,960,23201,22,9,"\N","R",21,0,1,"\N","\N","\N","0","\N","\N",2016,13,"Belgian Grand Prix",2016-08-28,"12:00:00","button","22","BUT","Jenson","Button",1980-01-19,"British","mclaren","McLaren","British","Collision damage","spa","Circuit de Spa-Francorchamps","Spa","Belgium",50.4372,5.97139,"401"
13,1,131,30,871,21502,7,13,"7","7",7,6,44,"+53.374","5401904","37","4","1:53.507","222.139",2012,12,"Belgian Grand Prix",2012-09-02,"12:00:00","michael_schumacher","\N","MSC","Michael","Schumacher",1969-01-03,"German","mercedes","Mercedes","German","Finished","spa","Circuit de Spa-Francorchamps","Spa","Belgium",50.4372,5.97139,"401"
13,1,1,846,1063,25199,4,15,"14","14",14,0,1,"+27.110","234181","\N","0","\N","\N",2021,12,"Belgian Grand Prix",2021-08-29,"13:00:00","norris","4","NOR","Lando","Norris",1999-11-13,"British","mclaren","McLaren","British","Finished","spa","Circuit de Spa-Francorchamps","Spa","Belgium",50.4372,5.97139,"401"
13,11,206,820,911,22388,4,19,"16","16",16,0,43,"\N","\N","31","17","1:55.247","218.785",2014,12,"Belgian Grand Prix",2014-08-24,"12:00:00","chilton","4","CHI","Max","Chilton",1991-04-21,"British","marussia","Marussia","Russian","+1 Lap","spa","Circuit de Spa-Francorchamps","Spa","Belgium",50.4372,5.97139,"401"
13,12,206,820,891,21950,23,16,"19","19",19,0,42,"\N","\N","31","21","1:54.924","219.400",2013,11,"Belgian Grand Prix",2013-08-25,"12:00:00","chilton","4","CHI","Max","Chilton",1991-04-21,"British","marussia","Marussia","Russian","+2 Laps","spa","Circuit de Spa-Francorchamps","Spa","Belgium",50.4372,5.97139,"401"
13,1,9,17,891,21936,2,3,"5","5",5,10,44,"+33.845","5056041","31","5","1:51.397","226.347",2013,11,"Belgian Grand Prix",2013-08-25,"12:00:00","webber","\N","WEB","Mark","Webber",1976-08-27,"Australian","red_bull","Red Bull","Austrian","Finished","spa","Circuit de Spa-Francorchamps","Spa","Belgium",50.4372,5.97139,"401"
13,1,131,822,980,23606,77,3,"5","5",5,10,44,"+16.456","5099276","37","4","1:47.721","234.071",2017,12,"Belgian Grand Prix",2017-08-27,"12:00:00","bottas","77","BOT","Valtteri","Bottas",1989-08-28,"Finnish","mercedes","Mercedes","German","Finished","spa","Circuit de Spa-Francorchamps","Spa","Belgium",50.4372,5.97139,"401"
13,11,206,819,871,21511,25,22,"16","16",16,0,43,"\N","\N","27","18","1:57.939","213.791",2012,12,"Belgian Grand Prix",2012-09-02,"12:00:00","pic","\N","PIC","Charles","Pic",1990-02-15,"French","marussia","Marussia","Russian","+1 Lap","spa","Circuit de Spa-Francorchamps","Spa","Belgium",50.4372,5.97139,"401"
13,1,9,20,871,21497,1,10,"2","2",2,18,44,"+13.624","5362154","39","9","1:54.198","220.795",2012,12,"Belgian Grand Prix",2012-09-02,"12:00:00","vettel","5","VET","Sebastian","Vettel",1987-07-03,"German","red_bull","Red Bull","Austrian","Finished","spa","Circuit de Spa-Francorchamps","Spa","Belgium",50.4372,5.97139,"401"
13,11,4,817,1022,24459,3,10,"14","14",14,0,43,"\N","\N","21","18","1:50.451","228.285",2019,13,"Belgian Grand Prix",2019-09-01,"13:10:00","ricciardo","3","RIC","Daniel","Ricciardo",1989-07-01,"Australian","renault","Renault","French","+1 Lap","spa","Circuit de Spa-Francorchamps","Spa","Belgium",50.4372,5.97139,"401"
13,1,210,853,1063,25202,9,18,"17","17",17,0,1,"+31.993","239064","\N","0","\N","\N",2021,12,"Belgian Grand Prix",2021-08-29,"13:00:00","mazepin","9","MAZ","Nikita","Mazepin",1999-03-02,"Russian","haas","Haas F1 Team","American","Finished","spa","Circuit de Spa-Francorchamps","Spa","Belgium",50.4372,5.97139,"401"
13,11,166,10,852,21057,24,19,"18","18",18,0,43,"\N","\N","37","20","1:56.540","216.358",2011,12,"Belgian Grand Prix",2011-08-28,"12:00:00","glock","\N","GLO","Timo","Glock",1982-03-18,"German","virgin","Virgin","British","+1 Lap","spa","Circuit de Spa-Francorchamps","Spa","Belgium",50.4372,5.97139,"401"
13,1,3,822,911,22375,77,6,"3","3",3,15,44,"+28.032","5104588","40","4","1:52.716","223.698",2014,12,"Belgian Grand Prix",2014-08-24,"12:00:00","bottas","77","BOT","Valtteri","Bottas",1989-08-28,"Finnish","williams","Williams","British","Finished","spa","Circuit de Spa-Francorchamps","Spa","Belgium",50.4372,5.97139,"401"
13,3,4,825,960,23198,20,12,"\N","R",18,0,5,"\N","\N","4","18","1:56.588","216.269",2016,13,"Belgian Grand Prix",2016-08-28,"12:00:00","kevin_magnussen","20","MAG","Kevin","Magnussen",1992-10-05,"Danish","renault","Renault","French","Accident","spa","Circuit de Spa-Francorchamps","Spa","Belgium",50.4372,5.97139,"401"
13,1,9,826,937,22739,26,12,"4","4",4,12,43,"+45.692","5066079","29","3","1:53.032","223.073",2015,11,"Belgian Grand Prix",2015-08-23,"12:00:00","kvyat","26","KVY","Daniil","Kvyat",1994-04-26,"Russian","red_bull","Red Bull","Austrian","Finished","spa","Circuit de Spa-Francorchamps","Spa","Belgium",50.4372,5.97139,"401"
13,1,4,835,960,23195,30,13,"15","15",15,0,44,"+1:33.165","6384223","41","6","1:53.251","222.641",2016,13,"Belgian Grand Prix",2016-08-28,"12:00:00","jolyon_palmer","30","PAL","Jolyon","Palmer",1991-01-20,"British","renault","Renault","French","Finished","spa","Circuit de Spa-Francorchamps","Spa","Belgium",50.4372,5.97139,"401"
13,1,3,13,937,22741,19,6,"6","6",6,8,43,"+55.283","5075670","23","8","1:54.093","220.998",2015,11,"Belgian Grand Prix",2015-08-23,"12:00:00","massa","19","MAS","Felipe","Massa",1981-04-25,"Brazilian","williams","Williams","British","Finished","spa","Circuit de Spa-Francorchamps","Spa","Belgium",50.4372,5.97139,"401"
13,1,10,815,911,22380,11,13,"8","8",8,4,44,"+1:04.293","5140849","28","16","1:54.532","220.151",2014,12,"Belgian Grand Prix",2014-08-24,"12:00:00","perez","11","PER","Sergio","Pérez",1990-01-26,"Mexican","force_india","Force India","Indian","Finished","spa","Circuit de Spa-Francorchamps","Spa","Belgium",50.4372,5.97139,"401"
13,1,1,18,911,22378,22,10,"6","6",6,8,44,"+54.580","5131136","38","8","1:53.483","222.186",2014,12,"Belgian Grand Prix",2014-08-24,"12:00:00","button","22","BUT","Jenson","Button",1980-01-19,"British","mclaren","McLaren","British","Finished","spa","Circuit de Spa-Francorchamps","Spa","Belgium",50.4372,5.97139,"401"
13,1,6,8,960,23189,7,3,"9","9",9,2,44,"+1:01.109","6352167","27","9","1:53.498","222.157",2016,13,"Belgian Grand Prix",2016-08-28,"12:00:00","raikkonen","7","RAI","Kimi","Räikkönen",1979-10-17,"Finnish","ferrari","Ferrari","Italian","Finished","spa","Circuit de Spa-Francorchamps","Spa","Belgium",50.4372,5.97139,"401"
13,1,10,815,960,23185,11,6,"5","5",5,10,44,"+40.660","6331718","34","8","1:53.414","222.321",2016,13,"Belgian Grand Prix",2016-08-28,"12:00:00","perez","11","PER","Sergio","Pérez",1990-01-26,"Mexican","force_india","Force India","Indian","Finished","spa","Circuit de Spa-Francorchamps","Spa","Belgium",50.4372,5.97139,"401"
13,11,210,825,1022,24457,20,8,"12","12",12,0,43,"\N","\N","33","11","1:48.677","232.012",2019,13,"Belgian Grand Prix",2019-09-01,"13:10:00","kevin_magnussen","20","MAG","Kevin","Magnussen",1992-10-05,"Danish","haas","Haas F1 Team","American","+1 Lap","spa","Circuit de Spa-Francorchamps","Spa","Belgium",50.4372,5.97139,"401"
13,1,1,815,891,21942,6,13,"11","11",11,0,44,"+1:21.936","5104132","34","16","1:53.472","222.208",2013,11,"Belgian Grand Prix",2013-08-25,"12:00:00","perez","11","PER","Sergio","Pérez",1990-01-26,"Mexican","mclaren","McLaren","British","Finished","spa","Circuit de Spa-Francorchamps","Spa","Belgium",50.4372,5.97139,"401"
13,1,3,847,1063,25187,63,2,"2","2",2,9,1,"+1.995","209066","\N","0","\N","\N",2021,12,"Belgian Grand Prix",2021-08-29,"13:00:00","russell","63","RUS","George","Russell",1998-02-15,"British","williams","Williams","British","Finished","spa","Circuit de Spa-Francorchamps","Spa","Belgium",50.4372,5.97139,"401"
13,1,9,848,1022,24450,23,17,"5","5",5,10,44,"+1:21.325","5107035","41","5","1:47.507","234.537",2019,13,"Belgian Grand Prix",2019-09-01,"13:10:00","albon","23","ALB","Alexander","Albon",1996-03-23,"Thai","red_bull","Red Bull","Austrian","Finished","spa","Circuit de Spa-Francorchamps","Spa","Belgium",50.4372,5.97139,"401"
13,1,51,8,1037,24757,7,16,"12","12",12,0,44,"+1:11.504","5120265","28","14","1:49.822","229.593",2020,7,"Belgian Grand Prix",2020-08-30,"13:10:00","raikkonen","7","RAI","Kimi","Räikkönen",1979-10-17,"Finnish","alfa","Alfa Romeo","Swiss","Finished","spa","Circuit de Spa-Francorchamps","Spa","Belgium",50.4372,5.97139,"401"
13,1,3,13,980,23609,19,16,"8","8",8,4,44,"+36.649","5119469","37","11","1:49.637","229.980",2017,12,"Belgian Grand Prix",2017-08-27,"12:00:00","massa","19","MAS","Felipe","Massa",1981-04-25,"Brazilian","williams","Williams","British","Finished","spa","Circuit de Spa-Francorchamps","Spa","Belgium",50.4372,5.97139,"401"
13,5,9,830,980,23620,33,5,"\N","R",19,0,7,"\N","\N","5","18","1:51.022","227.111",2017,12,"Belgian Grand Prix",2017-08-27,"12:00:00","max_verstappen","33","VER","Max","Verstappen",1997-09-30,"Dutch","red_bull","Red Bull","Austrian","Engine","spa","Circuit de Spa-Francorchamps","Spa","Belgium",50.4372,5.97139,"401"
13,1,210,154,960,23193,8,11,"13","13",13,0,44,"+1:16.474","6367532","25","11","1:53.803","221.561",2016,13,"Belgian Grand Prix",2016-08-28,"12:00:00","grosjean","8","GRO","Romain","Grosjean",1986-04-17,"French","haas","Haas F1 Team","American","Finished","spa","Circuit de Spa-Francorchamps","Spa","Belgium",50.4372,5.97139,"401"
13,1,6,4,852,21043,5,8,"4","4",4,12,44,"+13.022","5217915","41","5","1:51.107","226.937",2011,12,"Belgian Grand Prix",2011-08-28,"12:00:00","alonso","14","ALO","Fernando","Alonso",1981-07-29,"Spanish","ferrari","Ferrari","Italian","Finished","spa","Circuit de Spa-Francorchamps","Spa","Belgium",50.4372,5.97139,"401"
13,1,131,822,1022,24448,77,4,"3","3",3,15,44,"+12.585","5038295","27","2","1:46.465","236.832",2019,13,"Belgian Grand Prix",2019-09-01,"13:10:00","bottas","77","BOT","Valtteri","Bottas",1989-08-28,"Finnish","mercedes","Mercedes","German","Finished","spa","Circuit de Spa-Francorchamps","Spa","Belgium",50.4372,5.97139,"401"
13,1,1,846,1037,24752,4,10,"7","7",7,6,44,"+43.774","5092535","39","11","1:48.552","232.279",2020,7,"Belgian Grand Prix",2020-08-30,"13:10:00","norris","4","NOR","Lando","Norris",1999-11-13,"British","mclaren","McLaren","British","Finished","spa","Circuit de Spa-Francorchamps","Spa","Belgium",50.4372,5.97139,"401"
13,31,131,1,911,22391,44,2,"\N","R",19,0,38,"\N","\N","33","10","1:53.707","221.748",2014,12,"Belgian Grand Prix",2014-08-24,"12:00:00","hamilton","44","HAM","Lewis","Hamilton",1985-01-07,"British","mercedes","Mercedes","German","Retired","spa","Circuit de Spa-Francorchamps","Spa","Belgium",50.4372,5.97139,"401"
13,11,1,18,937,22749,22,19,"14","14",14,0,42,"\N","\N","38","15","1:55.533","218.244",2015,11,"Belgian Grand Prix",2015-08-23,"12:00:00","button","22","BUT","Jenson","Button",1980-01-19,"British","mclaren","McLaren","British","+1 Lap","spa","Circuit de Spa-Francorchamps","Spa","Belgium",50.4372,5.97139,"401"
13,1,1,18,891,21937,5,6,"6","6",6,8,44,"+40.794","5062990","36","2","1:50.823","227.519",2013,11,"Belgian Grand Prix",2013-08-25,"12:00:00","button","22","BUT","Jenson","Button",1980-01-19,"British","mclaren","McLaren","British","Finished","spa","Circuit de Spa-Francorchamps","Spa","Belgium",50.4372,5.97139,"401"
13,1,131,1,891,21934,10,1,"3","3",3,15,44,"+27.734","5049930","39","7","1:51.596","225.943",2013,11,"Belgian Grand Prix",2013-08-25,"12:00:00","hamilton","44","HAM","Lewis","Hamilton",1985-01-07,"British","mercedes","Mercedes","German","Finished","spa","Circuit de Spa-Francorchamps","Spa","Belgium",50.4372,5.97139,"401"
13,11,3,813,891,21948,16,17,"17","17",17,0,43,"\N","\N","35","12","1:52.579","223.970",2013,11,"Belgian Grand Prix",2013-08-25,"12:00:00","maldonado","13","MAL","Pastor","Maldonado",1985-03-09,"Venezuelan","williams","Williams","British","+1 Lap","spa","Circuit de Spa-Francorchamps","Spa","Belgium",50.4372,5.97139,"401"
13,11,164,37,871,21513,22,21,"18","18",18,0,43,"\N","\N","30","17","1:57.315","214.929",2012,12,"Belgian Grand Prix",2012-09-02,"12:00:00","rosa","\N","DLR","Pedro","de la Rosa",1971-02-24,"Spanish","hrt","HRT","Spanish","+1 Lap","spa","Circuit de Spa-Francorchamps","Spa","Belgium",50.4372,5.97139,"401"
13,1,131,1,960,23183,44,21,"3","3",3,15,44,"+27.634","6318692","40","1","1:51.583","225.969",2016,13,"Belgian Grand Prix",2016-08-28,"12:00:00","hamilton","44","HAM","Lewis","Hamilton",1985-01-07,"British","mercedes","Mercedes","German","Finished","spa","Circuit de Spa-Francorchamps","Spa","Belgium",50.4372,5.97139,"401"
13,1,208,154,891,21939,8,7,"8","8",8,4,44,"+55.846","5078042","34","11","1:52.497","224.133",2013,11,"Belgian Grand Prix",2013-08-25,"12:00:00","grosjean","8","GRO","Romain","Grosjean",1986-04-17,"French","lotus_f1","Lotus F1","British","Finished","spa","Circuit de Spa-Francorchamps","Spa","Belgium",50.4372,5.97139,"401"
13,1,208,154,937,22738,8,9,"3","3",3,15,43,"+37.988","5058375","37","12","1:54.779","219.677",2015,11,"Belgian Grand Prix",2015-08-23,"12:00:00","grosjean","8","GRO","Romain","Grosjean",1986-04-17,"French","lotus_f1","Lotus F1","British","Finished","spa","Circuit de Spa-Francorchamps","Spa","Belgium",50.4372,5.97139,"401"
13,1,3,849,1063,25194,6,10,"9","9",9,1,1,"+15.485","222556","\N","0","\N","\N",2021,12,"Belgian Grand Prix",2021-08-29,"13:00:00","latifi","6","LAT","Nicholas","Latifi",1995-06-29,"Canadian","williams","Williams","British","Finished","spa","Circuit de Spa-Francorchamps","Spa","Belgium",50.4372,5.97139,"401"
13,1,9,830,1001,24025,33,7,"3","3",3,15,44,"+31.372","5045848","36","4","1:46.946","235.767",2018,13,"Belgian Grand Prix",2018-08-26,"13:10:00","max_verstappen","33","VER","Max","Verstappen",1997-09-30,"Dutch","red_bull","Red Bull","Austrian","Finished","spa","Circuit de Spa-Francorchamps","Spa","Belgium",50.4372,5.97139,"401"
13,4,208,154,871,21519,10,8,"\N","R",24,0,0,"\N","\N","\N","0","\N","\N",2012,12,"Belgian Grand Prix",2012-09-02,"12:00:00","grosjean","8","GRO","Romain","Grosjean",1986-04-17,"French","lotus_f1","Lotus F1","British","Collision","spa","Circuit de Spa-Francorchamps","Spa","Belgium",50.4372,5.97139,"401"
13,1,3,13,960,23190,19,10,"10","10",10,1,44,"+1:05.873","6356931","25","14","1:54.342","220.517",2016,13,"Belgian Grand Prix",2016-08-28,"12:00:00","massa","19","MAS","Felipe","Massa",1981-04-25,"Brazilian","williams","Williams","British","Finished","spa","Circuit de Spa-Francorchamps","Spa","Belgium",50.4372,5.97139,"401"
13,6,15,828,960,23199,9,20,"\N","R",19,0,3,"\N","\N","2","19","2:15.255","186.421",2016,13,"Belgian Grand Prix",2016-08-28,"12:00:00","ericsson","9","ERI","Marcus","Ericsson",1990-09-02,"Swedish","sauber","Sauber","Swiss","Gearbox","spa","Circuit de Spa-Francorchamps","Spa","Belgium",50.4372,5.97139,"401"
13,1,15,828,937,22745,9,13,"10","10",10,1,43,"+1:31.234","5111621","30","7","1:54.022","221.136",2015,11,"Belgian Grand Prix",2015-08-23,"12:00:00","ericsson","9","ERI","Marcus","Ericsson",1990-09-02,"Swedish","sauber","Sauber","Swiss","Finished","spa","Circuit de Spa-Francorchamps","Spa","Belgium",50.4372,5.97139,"401"
13,6,10,815,980,23618,11,8,"17","17",17,0,42,"\N","\N","27","6","1:48.300","232.819",2017,12,"Belgian Grand Prix",2017-08-27,"12:00:00","perez","11","PER","Sergio","Pérez",1990-01-26,"Mexican","force_india","Force India","Indian","Gearbox","spa","Circuit de Spa-Francorchamps","Spa","Belgium",50.4372,5.97139,"401"
13,1,4,807,1022,24453,27,12,"8","8",8,4,44,"+1:46.639","5132349","34","9","1:48.349","232.714",2019,13,"Belgian Grand Prix",2019-09-01,"13:10:00","hulkenberg","27","HUL","Nico","Hülkenberg",1987-08-19,"German","renault","Renault","French","Finished","spa","Circuit de Spa-Francorchamps","Spa","Belgium",50.4372,5.97139,"401"
13,131,207,827,911,22394,45,21,"\N","R",22,0,1,"\N","\N","\N","0","\N","\N",2014,12,"Belgian Grand Prix",2014-08-24,"12:00:00","lotterer","45","LOT","André","Lotterer",1981-11-19,"German","caterham","Caterham","Malaysian","Power Unit","spa","Circuit de Spa-Francorchamps","Spa","Belgium",50.4372,5.97139,"401"
13,1,131,3,852,21045,8,5,"6","6",6,8,44,"+48.674","5253567","39","8","1:52.263","224.601",2011,12,"Belgian Grand Prix",2011-08-28,"12:00:00","rosberg","6","ROS","Nico","Rosberg",1985-06-27,"German","mercedes","Mercedes","German","Finished","spa","Circuit de Spa-Francorchamps","Spa","Belgium",50.4372,5.97139,"401"
13,1,51,8,1063,25203,7,0,"18","18",18,0,1,"+36.054","243125","\N","0","\N","\N",2021,12,"Belgian Grand Prix",2021-08-29,"13:00:00","raikkonen","7","RAI","Kimi","Räikkönen",1979-10-17,"Finnish","alfa","Alfa Romeo","Swiss","Finished","spa","Circuit de Spa-Francorchamps","Spa","Belgium",50.4372,5.97139,"401"
13,1,213,852,1063,25200,22,16,"15","15",15,0,1,"+28.329","235400","\N","0","\N","\N",2021,12,"Belgian Grand Prix",2021-08-29,"13:00:00","tsunoda","22","TSU","Yuki","Tsunoda",2000-05-11,"Japanese","alphatauri","AlphaTauri","Italian","Finished","spa","Circuit de Spa-Francorchamps","Spa","Belgium",50.4372,5.97139,"401"
13,1,9,830,1063,25186,33,1,"1","1",1,12.5,1,"3:27.071","207071","\N","0","\N","\N",2021,12,"Belgian Grand Prix",2021-08-29,"13:00:00","max_verstappen","33","VER","Max","Verstappen",1997-09-30,"Dutch","red_bull","Red Bull","Austrian","Finished","spa","Circuit de Spa-Francorchamps","Spa","Belgium",50.4372,5.97139,"401"
13,131,5,832,937,22752,55,10,"\N","R",17,0,32,"\N","\N","25","11","1:54.680","219.867",2015,11,"Belgian Grand Prix",2015-08-23,"12:00:00","sainz","55","SAI","Carlos","Sainz",1994-09-01,"Spanish","toro_rosso","Toro Rosso","Italian","Power Unit","spa","Circuit de Spa-Francorchamps","Spa","Belgium",50.4372,5.97139,"401"
13,1,131,822,1063,25197,77,13,"12","12",12,0,1,"+22.414","229485","\N","0","\N","\N",2021,12,"Belgian Grand Prix",2021-08-29,"13:00:00","bottas","77","BOT","Valtteri","Bottas",1989-08-28,"Finnish","mercedes","Mercedes","German","Finished","spa","Circuit de Spa-Francorchamps","Spa","Belgium",50.4372,5.97139,"401"
13,1,1,825,911,22384,20,7,"12","12",12,0,44,"+1:14.262","5150818","28","15","1:54.203","220.785",2014,12,"Belgian Grand Prix",2014-08-24,"12:00:00","kevin_magnussen","20","MAG","Kevin","Magnussen",1992-10-05,"Danish","mclaren","McLaren","British","Finished","spa","Circuit de Spa-Francorchamps","Spa","Belgium",50.4372,5.97139,"401"
13,11,210,154,1022,24458,8,9,"13","13",13,0,43,"\N","\N","18","16","1:49.274","230.744",2019,13,"Belgian Grand Prix",2019-09-01,"13:10:00","grosjean","8","GRO","Romain","Grosjean",1986-04-17,"French","haas","Haas F1 Team","American","+1 Lap","spa","Circuit de Spa-Francorchamps","Spa","Belgium",50.4372,5.97139,"401"
13,1,6,20,1037,24758,5,14,"13","13",13,0,44,"+1:12.894","5121655","31","16","1:49.958","229.309",2020,7,"Belgian Grand Prix",2020-08-30,"13:10:00","vettel","5","VET","Sebastian","Vettel",1987-07-03,"German","ferrari","Ferrari","Italian","Finished","spa","Circuit de Spa-Francorchamps","Spa","Belgium",50.4372,5.97139,"401"
13,1,131,30,852,21044,7,24,"5","5",5,10,44,"+47.464","5252357","34","6","1:51.137","226.876",2011,12,"Belgian Grand Prix",2011-08-28,"12:00:00","michael_schumacher","\N","MSC","Michael","Schumacher",1969-01-03,"German","mercedes","Mercedes","German","Finished","spa","Circuit de Spa-Francorchamps","Spa","Belgium",50.4372,5.97139,"401"
13,1,9,817,960,23182,3,5,"2","2",2,18,44,"+14.113","6305171","11","4","1:52.461","224.205",2016,13,"Belgian Grand Prix",2016-08-28,"12:00:00","ricciardo","3","RIC","Daniel","Ricciardo",1989-07-01,"Australian","red_bull","Red Bull","Austrian","Finished","spa","Circuit de Spa-Francorchamps","Spa","Belgium",50.4372,5.97139,"401"
13,1,10,814,852,21050,15,17,"11","11",11,0,44,"+1:23.994","5288887","32","11","1:53.223","222.696",2011,12,"Belgian Grand Prix",2011-08-28,"12:00:00","resta","\N","DIR","Paul","di Resta",1986-04-16,"British","force_india","Force India","Indian","Finished","spa","Circuit de Spa-Francorchamps","Spa","Belgium",50.4372,5.97139,"401"
13,1,214,4,1063,25196,14,12,"11","11",11,0,1,"+20.590","227661","\N","0","\N","\N",2021,12,"Belgian Grand Prix",2021-08-29,"13:00:00","alonso","14","ALO","Fernando","Alonso",1981-07-29,"Spanish","alpine","Alpine F1 Team","French","Finished","spa","Circuit de Spa-Francorchamps","Spa","Belgium",50.4372,5.97139,"401"
13,11,4,832,1001,24033,55,14,"11","11",11,0,43,"\N","\N","32","10","1:48.670","232.027",2018,13,"Belgian Grand Prix",2018-08-26,"13:10:00","sainz","55","SAI","Carlos","Sainz",1994-09-01,"Spanish","renault","Renault","French","+1 Lap","spa","Circuit de Spa-Francorchamps","Spa","Belgium",50.4372,5.97139,"401"
13,29,5,832,960,23200,55,14,"\N","R",20,0,1,"\N","\N","\N","0","\N","\N",2016,13,"Belgian Grand Prix",2016-08-28,"12:00:00","sainz","55","SAI","Carlos","Sainz",1994-09-01,"Spanish","toro_rosso","Toro Rosso","Italian","Puncture","spa","Circuit de Spa-Francorchamps","Spa","Belgium",50.4372,5.97139,"401"
13,75,1,832,1022,24464,55,15,"\N","R",19,0,1,"\N","\N","\N","0","\N","\N",2019,13,"Belgian Grand Prix",2019-09-01,"13:10:00","sainz","55","SAI","Carlos","Sainz",1994-09-01,"Spanish","mclaren","McLaren","British","Power loss","spa","Circuit de Spa-Francorchamps","Spa","Belgium",50.4372,5.97139,"401"
13,1,210,154,1037,24760,8,17,"15","15",15,0,44,"+1:16.793","5125554","28","17","1:50.018","229.184",2020,7,"Belgian Grand Prix",2020-08-30,"13:10:00","grosjean","8","GRO","Romain","Grosjean",1986-04-17,"French","haas","Haas F1 Team","American","Finished","spa","Circuit de Spa-Francorchamps","Spa","Belgium",50.4372,5.97139,"401"
13,1,5,826,960,23194,26,19,"14","14",14,0,44,"+1:27.097","6378155","37","3","1:52.081","224.965",2016,13,"Belgian Grand Prix",2016-08-28,"12:00:00","kvyat","26","KVY","Daniil","Kvyat",1994-04-26,"Russian","toro_rosso","Toro Rosso","Italian","Finished","spa","Circuit de Spa-Francorchamps","Spa","Belgium",50.4372,5.97139,"401"
13,1,10,839,1001,24028,31,3,"6","6",6,8,44,"+1:19.520","5093996","35","6","1:48.078","233.298",2018,13,"Belgian Grand Prix",2018-08-26,"13:10:00","ocon","31","OCO","Esteban","Ocon",1996-09-17,"French","force_india","Force India","Indian","Finished","spa","Circuit de Spa-Francorchamps","Spa","Belgium",50.4372,5.97139,"401"
13,44,207,819,891,21953,20,22,"\N","R",22,0,8,"\N","\N","7","22","1:57.330","214.901",2013,11,"Belgian Grand Prix",2013-08-25,"12:00:00","pic","\N","PIC","Charles","Pic",1990-02-15,"French","caterham","Caterham","Malaysian","Oil leak","spa","Circuit de Spa-Francorchamps","Spa","Belgium",50.4372,5.97139,"401"
13,11,207,5,871,21512,20,18,"17","17",17,0,43,"\N","\N","33","14","1:56.475","216.479",2012,12,"Belgian Grand Prix",2012-09-02,"12:00:00","kovalainen","\N","KOV","Heikki","Kovalainen",1981-10-19,"Finnish","caterham","Caterham","Malaysian","+1 Lap","spa","Circuit de Spa-Francorchamps","Spa","Belgium",50.4372,5.97139,"401"
13,1,6,844,1022,24446,16,1,"1","1",1,25,44,"1:23:45.710","5025710","23","4","1:46.664","236.390",2019,13,"Belgian Grand Prix",2019-09-01,"13:10:00","leclerc","16","LEC","Charles","Leclerc",1997-10-16,"Monegasque","ferrari","Ferrari","Italian","Finished","spa","Circuit de Spa-Francorchamps","Spa","Belgium",50.4372,5.97139,"401"
13,1,3,811,871,21507,19,17,"12","12",12,0,44,"+71.529","5420059","43","1","1:52.822","223.488",2012,12,"Belgian Grand Prix",2012-09-02,"12:00:00","bruno_senna","\N","SEN","Bruno","Senna",1983-10-15,"Brazilian","williams","Williams","British","Finished","spa","Circuit de Spa-Francorchamps","Spa","Belgium",50.4372,5.97139,"401"
13,1,131,1,980,23602,44,1,"1","1",1,25,44,"1:24:42.820","5082820","35","2","1:46.603","236.526",2017,12,"Belgian Grand Prix",2017-08-27,"12:00:00","hamilton","44","HAM","Lewis","Hamilton",1985-01-07,"British","mercedes","Mercedes","German","Finished","spa","Circuit de Spa-Francorchamps","Spa","Belgium",50.4372,5.97139,"401"
13,1,131,3,960,23181,6,1,"1","1",1,25,44,"1:44:51.058","6291058","11","2","1:51.746","225.640",2016,13,"Belgian Grand Prix",2016-08-28,"12:00:00","rosberg","6","ROS","Nico","Rosberg",1985-06-27,"German","mercedes","Mercedes","German","Finished","spa","Circuit de Spa-Francorchamps","Spa","Belgium",50.4372,5.97139,"401"
13,1,210,825,1037,24762,20,20,"17","17",17,0,44,"+1:25.540","5134301","37","7","1:48.083","233.287",2020,7,"Belgian Grand Prix",2020-08-30,"13:10:00","kevin_magnussen","20","MAG","Kevin","Magnussen",1992-10-05,"Danish","haas","Haas F1 Team","American","Finished","spa","Circuit de Spa-Francorchamps","Spa","Belgium",50.4372,5.97139,"401"
13,1,5,830,937,22743,33,18,"8","8",8,4,43,"+56.076","5076463","36","4","1:53.276","222.592",2015,11,"Belgian Grand Prix",2015-08-23,"12:00:00","max_verstappen","33","VER","Max","Verstappen",1997-09-30,"Dutch","toro_rosso","Toro Rosso","Italian","Finished","spa","Circuit de Spa-Francorchamps","Spa","Belgium",50.4372,5.97139,"401"
13,11,205,15,852,21053,21,18,"14","14",14,0,43,"\N","\N","38","17","1:54.571","220.076",2011,12,"Belgian Grand Prix",2011-08-28,"12:00:00","trulli","\N","TRU","Jarno","Trulli",1974-07-13,"Italian","lotus_racing","Lotus","Malaysian","+1 Lap","spa","Circuit de Spa-Francorchamps","Spa","Belgium",50.4372,5.97139,"401"
13,11,3,845,1001,24034,35,16,"12","12",12,0,43,"\N","\N","42","14","1:49.113","231.085",2018,13,"Belgian Grand Prix",2018-08-26,"13:10:00","sirotkin","35","SIR","Sergey","Sirotkin",1995-08-27,"Russian","williams","Williams","British","+1 Lap","spa","Circuit de Spa-Francorchamps","Spa","Belgium",50.4372,5.97139,"401"
13,11,15,828,1001,24032,9,13,"10","10",10,1,43,"\N","\N","35","11","1:48.694","231.976",2018,13,"Belgian Grand Prix",2018-08-26,"13:10:00","ericsson","9","ERI","Marcus","Ericsson",1990-09-02,"Swedish","sauber","Sauber","Swiss","+1 Lap","spa","Circuit de Spa-Francorchamps","Spa","Belgium",50.4372,5.97139,"401"
13,1,9,20,891,21932,1,2,"1","1",1,25,44,"1:23:42.196","5022196","40","1","1:50.756","227.657",2013,11,"Belgian Grand Prix",2013-08-25,"12:00:00","vettel","5","VET","Sebastian","Vettel",1987-07-03,"German","red_bull","Red Bull","Austrian","Finished","spa","Circuit de Spa-Francorchamps","Spa","Belgium",50.4372,5.97139,"401"
13,1,10,16,891,21940,15,12,"9","9",9,2,44,"+1:09.547","5091743","35","10","1:52.226","224.675",2013,11,"Belgian Grand Prix",2013-08-25,"12:00:00","sutil","99","SUT","Adrian","Sutil",1983-01-11,"German","force_india","Force India","Indian","Finished","spa","Circuit de Spa-Francorchamps","Spa","Belgium",50.4372,5.97139,"401"
13,1,210,154,980,23608,8,11,"7","7",7,6,44,"+31.553","5114373","37","8","1:49.087","231.140",2017,12,"Belgian Grand Prix",2017-08-27,"12:00:00","grosjean","8","GRO","Romain","Grosjean",1986-04-17,"French","haas","Haas F1 Team","American","Finished","spa","Circuit de Spa-Francorchamps","Spa","Belgium",50.4372,5.97139,"401"
13,5,208,813,937,22754,13,7,"\N","R",19,0,2,"\N","\N","\N","0","\N","\N",2015,11,"Belgian Grand Prix",2015-08-23,"12:00:00","maldonado","13","MAL","Pastor","Maldonado",1985-03-09,"Venezuelan","lotus_f1","Lotus F1","British","Engine","spa","Circuit de Spa-Francorchamps","Spa","Belgium",50.4372,5.97139,"401"
13,1,10,807,911,22382,27,18,"10","10",10,1,44,"+1:05.697","5142253","40","9","1:53.612","221.934",2014,12,"Belgian Grand Prix",2014-08-24,"12:00:00","hulkenberg","27","HUL","Nico","Hülkenberg",1987-08-19,"German","force_india","Force India","Indian","Finished","spa","Circuit de Spa-Francorchamps","Spa","Belgium",50.4372,5.97139,"401"
13,1,6,13,891,21938,4,10,"7","7",7,6,44,"+53.922","5076118","40","9","1:52.182","224.763",2013,11,"Belgian Grand Prix",2013-08-25,"12:00:00","massa","19","MAS","Felipe","Massa",1981-04-25,"Brazilian","ferrari","Ferrari","Italian","Finished","spa","Circuit de Spa-Francorchamps","Spa","Belgium",50.4372,5.97139,"401"
13,3,1,4,1001,24041,14,15,"\N","R",19,0,0,"\N","\N","\N","0","\N","\N",2018,13,"Belgian Grand Prix",2018-08-26,"13:10:00","alonso","14","ALO","Fernando","Alonso",1981-07-29,"Spanish","mclaren","McLaren","British","Accident","spa","Circuit de Spa-Francorchamps","Spa","Belgium",50.4372,5.97139,"401"
13,1,1,838,980,23615,2,20,"14","14",14,0,44,"+57.078","5139898","44","15","1:49.907","229.415",2017,12,"Belgian Grand Prix",2017-08-27,"12:00:00","vandoorne","2","VAN","Stoffel","Vandoorne",1992-03-26,"Belgian","mclaren","McLaren","British","Finished","spa","Circuit de Spa-Francorchamps","Spa","Belgium",50.4372,5.97139,"401"
13,1,10,807,960,23184,27,7,"4","4",4,12,44,"+35.907","6326965","41","10","1:53.530","222.094",2016,13,"Belgian Grand Prix",2016-08-28,"12:00:00","hulkenberg","27","HUL","Nico","Hülkenberg",1987-08-19,"German","force_india","Force India","Indian","Finished","spa","Circuit de Spa-Francorchamps","Spa","Belgium",50.4372,5.97139,"401"
13,1,6,4,911,22379,14,4,"7","7",7,6,44,"+1:01.162","5137718","29","11","1:53.879","221.413",2014,12,"Belgian Grand Prix",2014-08-24,"12:00:00","alonso","14","ALO","Fernando","Alonso",1981-07-29,"Spanish","ferrari","Ferrari","Italian","Finished","spa","Circuit de Spa-Francorchamps","Spa","Belgium",50.4372,5.97139,"401"
13,1,5,818,871,21503,17,15,"8","8",8,4,44,"+58.865","5407395","31","8","1:53.995","221.188",2012,12,"Belgian Grand Prix",2012-09-02,"12:00:00","vergne","25","VER","Jean-Éric","Vergne",1990-04-25,"French","toro_rosso","Toro Rosso","Italian","Finished","spa","Circuit de Spa-Francorchamps","Spa","Belgium",50.4372,5.97139,"401"
13,1,9,815,1063,25204,11,0,"19","19",19,0,1,"+38.205","245276","\N","0","\N","\N",2021,12,"Belgian Grand Prix",2021-08-29,"13:00:00","perez","11","PER","Sergio","Pérez",1990-01-26,"Mexican","red_bull","Red Bull","Austrian","Finished","spa","Circuit de Spa-Francorchamps","Spa","Belgium",50.4372,5.97139,"401"
13,1,4,835,980,23614,30,14,"13","13",13,0,44,"+53.239","5136059","44","10","1:49.283","230.725",2017,12,"Belgian Grand Prix",2017-08-27,"12:00:00","jolyon_palmer","30","PAL","Jolyon","Palmer",1991-01-20,"British","renault","Renault","French","Finished","spa","Circuit de Spa-Francorchamps","Spa","Belgium",50.4372,5.97139,"401"
13,75,10,807,937,22755,27,11,"\N","W",20,0,0,"\N","\N","\N","0","\N","\N",2015,11,"Belgian Grand Prix",2015-08-23,"12:00:00","hulkenberg","27","HUL","Nico","Hülkenberg",1987-08-19,"German","force_india","Force India","Indian","Power loss","spa","Circuit de Spa-Francorchamps","Spa","Belgium",50.4372,5.97139,"401"
13,3,15,844,1001,24040,16,12,"\N","R",18,0,0,"\N","\N","\N","0","\N","\N",2018,13,"Belgian Grand Prix",2018-08-26,"13:10:00","leclerc","16","LEC","Charles","Leclerc",1997-10-16,"Monegasque","sauber","Sauber","Swiss","Accident","spa","Circuit de Spa-Francorchamps","Spa","Belgium",50.4372,5.97139,"401"
13,1,210,825,980,23616,20,12,"15","15",15,0,44,"+1:07.262","5150082","36","9","1:49.126","231.057",2017,12,"Belgian Grand Prix",2017-08-27,"12:00:00","kevin_magnussen","20","MAG","Kevin","Magnussen",1992-10-05,"Danish","haas","Haas F1 Team","American","Finished","spa","Circuit de Spa-Francorchamps","Spa","Belgium",50.4372,5.97139,"401"
13,1,117,20,1063,25190,5,5,"5","5",5,5,1,"+7.479","214550","\N","0","\N","\N",2021,12,"Belgian Grand Prix",2021-08-29,"13:00:00","vettel","5","VET","Sebastian","Vettel",1987-07-03,"German","aston_martin","Aston Martin","British","Finished","spa","Circuit de Spa-Francorchamps","Spa","Belgium",50.4372,5.97139,"401"
13,1,3,849,1037,24761,6,19,"16","16",16,0,44,"+1:17.795","5126556","32","6","1:48.048","233.362",2020,7,"Belgian Grand Prix",2020-08-30,"13:10:00","latifi","6","LAT","Nicholas","Latifi",1995-06-29,"Canadian","williams","Williams","British","Finished","spa","Circuit de Spa-Francorchamps","Spa","Belgium",50.4372,5.97139,"401"
13,1,9,817,911,22373,3,5,"1","1",1,25,44,"1:24:36.556","5076556","44","6","1:52.974","223.187",2014,12,"Belgian Grand Prix",2014-08-24,"12:00:00","ricciardo","3","RIC","Daniel","Ricciardo",1989-07-01,"Australian","red_bull","Red Bull","Austrian","Finished","spa","Circuit de Spa-Francorchamps","Spa","Belgium",50.4372,5.97139,"401"
13,1,15,821,911,22387,21,20,"15","15",15,0,44,"+1:30.825","5167381","32","12","1:54.000","221.178",2014,12,"Belgian Grand Prix",2014-08-24,"12:00:00","gutierrez","21","GUT","Esteban","Gutiérrez",1991-08-05,"Mexican","sauber","Sauber","Swiss","Finished","spa","Circuit de Spa-Francorchamps","Spa","Belgium",50.4372,5.97139,"401"
13,1,210,854,1063,25201,47,17,"16","16",16,0,1,"+29.507","236578","\N","0","\N","\N",2021,12,"Belgian Grand Prix",2021-08-29,"13:00:00","mick_schumacher","47","MSC","Mick","Schumacher",1999-03-22,"German","haas","Haas F1 Team","American","Finished","spa","Circuit de Spa-Francorchamps","Spa","Belgium",50.4372,5.97139,"401"
13,65,5,67,852,21062,18,11,"\N","R",23,0,6,"\N","\N","4","21","1:56.790","215.895",2011,12,"Belgian Grand Prix",2011-08-28,"12:00:00","buemi","\N","BUE","Sébastien","Buemi",1988-10-31,"Swiss","toro_rosso","Toro Rosso","Italian","Rear wing","spa","Circuit de Spa-Francorchamps","Spa","Belgium",50.4372,5.97139,"401"
13,1,5,842,1022,24454,10,13,"9","9",9,2,44,"+1:49.168","5134878","21","17","1:49.700","229.848",2019,13,"Belgian Grand Prix",2019-09-01,"13:10:00","gasly","10","GAS","Pierre","Gasly",1996-02-07,"French","toro_rosso","Toro Rosso","Italian","Finished","spa","Circuit de Spa-Francorchamps","Spa","Belgium",50.4372,5.97139,"401"
13,1,10,815,1001,24027,11,4,"5","5",5,10,44,"+1:11.023","5085499","38","7","1:48.080","233.293",2018,13,"Belgian Grand Prix",2018-08-26,"13:10:00","perez","11","PER","Sergio","Pérez",1990-01-26,"Mexican","force_india","Force India","Indian","Finished","spa","Circuit de Spa-Francorchamps","Spa","Belgium",50.4372,5.97139,"401"
13,4,15,836,980,23621,94,18,"\N","R",20,0,2,"\N","\N","\N","0","\N","\N",2017,12,"Belgian Grand Prix",2017-08-27,"12:00:00","wehrlein","94","WEH","Pascal","Wehrlein",1994-10-18,"German","sauber","Sauber","Swiss","Collision","spa","Circuit de Spa-Francorchamps","Spa","Belgium",50.4372,5.97139,"401"
13,3,4,807,1001,24042,27,20,"\N","R",20,0,0,"\N","\N","\N","0","\N","\N",2018,13,"Belgian Grand Prix",2018-08-26,"13:10:00","hulkenberg","27","HUL","Nico","Hülkenberg",1987-08-19,"German","renault","Renault","French","Accident","spa","Circuit de Spa-Francorchamps","Spa","Belgium",50.4372,5.97139,"401"
13,1,131,1,1022,24447,44,3,"2","2",2,18,44,"+0.981","5026691","24","3","1:46.580","236.577",2019,13,"Belgian Grand Prix",2019-09-01,"13:10:00","hamilton","44","HAM","Lewis","Hamilton",1985-01-07,"British","mercedes","Mercedes","German","Finished","spa","Circuit de Spa-Francorchamps","Spa","Belgium",50.4372,5.97139,"401"
13,1,4,817,1037,24749,3,4,"4","4",4,13,44,"+18.877","5067638","44","1","1:47.483","234.589",2020,7,"Belgian Grand Prix",2020-08-30,"13:10:00","ricciardo","3","RIC","Daniel","Ricciardo",1989-07-01,"Australian","renault","Renault","French","Finished","spa","Circuit de Spa-Francorchamps","Spa","Belgium",50.4372,5.97139,"401"
13,1,15,155,871,21508,14,2,"13","13",13,0,44,"+116.119","5464649","26","13","1:55.598","218.121",2012,12,"Belgian Grand Prix",2012-09-02,"12:00:00","kobayashi","10","KOB","Kamui","Kobayashi",1986-09-13,"Japanese","sauber","Sauber","Swiss","Finished","spa","Circuit de Spa-Francorchamps","Spa","Belgium",50.4372,5.97139,"401"
13,1,10,807,871,21499,12,11,"4","4",4,12,44,"+27.843","5376373","40","6","1:53.760","221.645",2012,12,"Belgian Grand Prix",2012-09-02,"12:00:00","hulkenberg","27","HUL","Nico","Hülkenberg",1987-08-19,"German","force_india","Force India","Indian","Finished","spa","Circuit de Spa-Francorchamps","Spa","Belgium",50.4372,5.97139,"401"
13,1,5,818,911,22383,25,12,"11","11",11,0,44,"+1:11.920","5148476","31","7","1:53.276","222.592",2014,12,"Belgian Grand Prix",2014-08-24,"12:00:00","vergne","25","VER","Jean-Éric","Vergne",1990-04-25,"French","toro_rosso","Toro Rosso","Italian","Finished","spa","Circuit de Spa-Francorchamps","Spa","Belgium",50.4372,5.97139,"401"
13,130,209,836,960,23202,94,15,"\N","R",22,0,0,"\N","\N","\N","0","\N","\N",2016,13,"Belgian Grand Prix",2016-08-28,"12:00:00","wehrlein","94","WEH","Pascal","Wehrlein",1994-10-18,"German","manor","Manor Marussia","British","Collision damage","spa","Circuit de Spa-Francorchamps","Spa","Belgium",50.4372,5.97139,"401"
13,1,6,832,1063,25195,55,11,"10","10",10,0.5,1,"+16.166","223237","\N","0","\N","\N",2021,12,"Belgian Grand Prix",2021-08-29,"13:00:00","sainz","55","SAI","Carlos","Sainz",1994-09-01,"Spanish","ferrari","Ferrari","Italian","Finished","spa","Circuit de Spa-Francorchamps","Spa","Belgium",50.4372,5.97139,"401"
13,31,208,154,911,22392,8,15,"\N","R",20,0,33,"\N","\N","21","18","1:55.649","218.025",2014,12,"Belgian Grand Prix",2014-08-24,"12:00:00","grosjean","8","GRO","Romain","Grosjean",1986-04-17,"French","lotus_f1","Lotus F1","British","Retired","spa","Circuit de Spa-Francorchamps","Spa","Belgium",50.4372,5.97139,"401"
13,11,1,838,1001,24037,2,18,"15","15",15,0,43,"\N","\N","38","13","1:48.956","231.418",2018,13,"Belgian Grand Prix",2018-08-26,"13:10:00","vandoorne","2","VAN","Stoffel","Vandoorne",1992-03-26,"Belgian","mclaren","McLaren","British","+1 Lap","spa","Circuit de Spa-Francorchamps","Spa","Belgium",50.4372,5.97139,"401"
13,1,3,822,891,21946,17,20,"15","15",15,0,44,"+1:47.456","5129652","31","13","1:52.688","223.754",2013,11,"Belgian Grand Prix",2013-08-25,"12:00:00","bottas","77","BOT","Valtteri","Bottas",1989-08-28,"Finnish","williams","Williams","British","Finished","spa","Circuit de Spa-Francorchamps","Spa","Belgium",50.4372,5.97139,"401"
13,1,3,813,852,21049,12,21,"10","10",10,1,44,"+1:17.615","5282508","43","12","1:53.362","222.423",2011,12,"Belgian Grand Prix",2011-08-28,"12:00:00","maldonado","13","MAL","Pastor","Maldonado",1985-03-09,"Venezuelan","williams","Williams","British","Finished","spa","Circuit de Spa-Francorchamps","Spa","Belgium",50.4372,5.97139,"401"
13,1,6,8,980,23605,7,4,"4","4",4,12,44,"+14.471","5097291","36","5","1:47.730","234.051",2017,12,"Belgian Grand Prix",2017-08-27,"12:00:00","raikkonen","7","RAI","Kimi","Räikkönen",1979-10-17,"Finnish","ferrari","Ferrari","Italian","Finished","spa","Circuit de Spa-Francorchamps","Spa","Belgium",50.4372,5.97139,"401"
13,1,6,844,1037,24759,16,13,"14","14",14,0,44,"+1:14.920","5123681","26","4","1:47.840","233.813",2020,7,"Belgian Grand Prix",2020-08-30,"13:10:00","leclerc","16","LEC","Charles","Leclerc",1997-10-16,"Monegasque","ferrari","Ferrari","Italian","Finished","spa","Circuit de Spa-Francorchamps","Spa","Belgium",50.4372,5.97139,"401"
13,11,209,833,937,22750,98,17,"15","15",15,0,42,"\N","\N","32","18","1:58.174","213.366",2015,11,"Belgian Grand Prix",2015-08-23,"12:00:00","merhi","98","MER","Roberto","Merhi",1991-03-22,"Spanish","manor","Manor Marussia","British","+1 Lap","spa","Circuit de Spa-Francorchamps","Spa","Belgium",50.4372,5.97139,"401"
13,3,9,830,1022,24465,33,5,"\N","R",20,0,0,"\N","\N","\N","0","\N","\N",2019,13,"Belgian Grand Prix",2019-09-01,"13:10:00","max_verstappen","33","VER","Max","Verstappen",1997-09-30,"Dutch","red_bull","Red Bull","Austrian","Accident","spa","Circuit de Spa-Francorchamps","Spa","Belgium",50.4372,5.97139,"401"
13,11,3,847,1022,24460,63,14,"15","15",15,0,43,"\N","\N","34","14","1:48.860","231.622",2019,13,"Belgian Grand Prix",2019-09-01,"13:10:00","russell","63","RUS","George","Russell",1998-02-15,"British","williams","Williams","British","+1 Lap","spa","Circuit de Spa-Francorchamps","Spa","Belgium",50.4372,5.97139,"401"
13,1,214,839,1063,25192,31,8,"7","7",7,3,1,"+11.579","218650","\N","0","\N","\N",2021,12,"Belgian Grand Prix",2021-08-29,"13:00:00","ocon","31","OCO","Esteban","Ocon",1996-09-17,"French","alpine","Alpine F1 Team","French","Finished","spa","Circuit de Spa-Francorchamps","Spa","Belgium",50.4372,5.97139,"401"
13,1,5,826,911,22381,26,11,"9","9",9,2,44,"+1:05.347","5141903","26","14","1:54.159","220.870",2014,12,"Belgian Grand Prix",2014-08-24,"12:00:00","kvyat","26","KVY","Daniil","Kvyat",1994-04-26,"Russian","toro_rosso","Toro Rosso","Italian","Finished","spa","Circuit de Spa-Francorchamps","Spa","Belgium",50.4372,5.97139,"401"
13,1,6,20,1022,24449,5,2,"4","4",4,13,44,"+26.422","5052132","36","1","1:46.409","236.957",2019,13,"Belgian Grand Prix",2019-09-01,"13:10:00","vettel","5","VET","Sebastian","Vettel",1987-07-03,"German","ferrari","Ferrari","Italian","Finished","spa","Circuit de Spa-Francorchamps","Spa","Belgium",50.4372,5.97139,"401"
13,1,3,13,911,22385,19,9,"13","13",13,0,44,"+1:15.975","5152531","37","3","1:52.512","224.104",2014,12,"Belgian Grand Prix",2014-08-24,"12:00:00","massa","19","MAS","Felipe","Massa",1981-04-25,"Brazilian","williams","Williams","British","Finished","spa","Circuit de Spa-Francorchamps","Spa","Belgium",50.4372,5.97139,"401"
13,11,51,8,1022,24461,7,6,"16","16",16,0,43,"\N","\N","37","12","1:48.753","231.850",2019,13,"Belgian Grand Prix",2019-09-01,"13:10:00","raikkonen","7","RAI","Kimi","Räikkönen",1979-10-17,"Finnish","alfa","Alfa Romeo","Swiss","+1 Lap","spa","Circuit de Spa-Francorchamps","Spa","Belgium",50.4372,5.97139,"401"
13,31,9,817,1001,24038,3,8,"\N","R",16,0,28,"\N","\N","27","15","1:49.242","230.812",2018,13,"Belgian Grand Prix",2018-08-26,"13:10:00","ricciardo","3","RIC","Daniel","Ricciardo",1989-07-01,"Australian","red_bull","Red Bull","Austrian","Retired","spa","Circuit de Spa-Francorchamps","Spa","Belgium",50.4372,5.97139,"401"
13,1,131,822,1001,24026,77,19,"4","4",4,12,44,"+1:03.605","5078081","32","1","1:46.286","237.231",2018,13,"Belgian Grand Prix",2018-08-26,"13:10:00","bottas","77","BOT","Valtteri","Bottas",1989-08-28,"Finnish","mercedes","Mercedes","German","Finished","spa","Circuit de Spa-Francorchamps","Spa","Belgium",50.4372,5.97139,"401"
13,1,9,20,852,21040,1,1,"1","1",1,25,44,"1:26:44.893","5204893","36","4","1:50.451","228.285",2011,12,"Belgian Grand Prix",2011-08-28,"12:00:00","vettel","5","VET","Sebastian","Vettel",1987-07-03,"German","red_bull","Red Bull","Austrian","Finished","spa","Circuit de Spa-Francorchamps","Spa","Belgium",50.4372,5.97139,"401"
13,1,131,1,1037,24746,44,1,"1","1",1,25,44,"1:24:08.761","5048761","28","2","1:47.758","233.990",2020,7,"Belgian Grand Prix",2020-08-30,"13:10:00","hamilton","44","HAM","Lewis","Hamilton",1985-01-07,"British","mercedes","Mercedes","German","Finished","spa","Circuit de Spa-Francorchamps","Spa","Belgium",50.4372,5.97139,"401"
13,1,4,811,852,21052,9,7,"13","13",13,0,44,"+1:32.985","5297878","39","13","1:53.585","221.987",2011,12,"Belgian Grand Prix",2011-08-28,"12:00:00","bruno_senna","\N","SEN","Bruno","Senna",1983-10-15,"Brazilian","renault","Renault","French","Finished","spa","Circuit de Spa-Francorchamps","Spa","Belgium",50.4372,5.97139,"401"
13,11,206,824,891,21949,22,15,"18","18",18,0,43,"\N","\N","37","20","1:54.894","219.457",2013,11,"Belgian Grand Prix",2013-08-25,"12:00:00","jules_bianchi","17","BIA","Jules","Bianchi",1989-08-03,"French","marussia","Marussia","Russian","+1 Lap","spa","Circuit de Spa-Francorchamps","Spa","Belgium",50.4372,5.97139,"401"
13,23,208,8,891,21952,7,8,"\N","R",21,0,25,"\N","\N","20","17","1:53.688","221.785",2013,11,"Belgian Grand Prix",2013-08-25,"12:00:00","raikkonen","7","RAI","Kimi","Räikkönen",1979-10-17,"Finnish","lotus_f1","Lotus F1","British","Brakes","spa","Circuit de Spa-Francorchamps","Spa","Belgium",50.4372,5.97139,"401"
13,11,164,24,852,21058,23,22,"19","19",19,0,43,"\N","\N","42","22","1:58.061","213.570",2011,12,"Belgian Grand Prix",2011-08-28,"12:00:00","liuzzi","\N","LIU","Vitantonio","Liuzzi",1980-08-06,"Italian","hrt","HRT","Spanish","+1 Lap","spa","Circuit de Spa-Francorchamps","Spa","Belgium",50.4372,5.97139,"401"
13,1,210,821,960,23192,21,18,"12","12",12,0,44,"+1:13.877","6364935","26","13","1:54.335","220.530",2016,13,"Belgian Grand Prix",2016-08-28,"12:00:00","gutierrez","21","GUT","Esteban","Gutiérrez",1991-08-05,"Mexican","haas","Haas F1 Team","American","Finished","spa","Circuit de Spa-Francorchamps","Spa","Belgium",50.4372,5.97139,"401"
13,22,15,815,852,21059,17,9,"\N","R",20,0,27,"\N","\N","26","16","1:54.244","220.706",2011,12,"Belgian Grand Prix",2011-08-28,"12:00:00","perez","11","PER","Sergio","Pérez",1990-01-26,"Mexican","sauber","Sauber","Swiss","Suspension","spa","Circuit de Spa-Francorchamps","Spa","Belgium",50.4372,5.97139,"401"
13,1,131,3,891,21935,9,4,"4","4",4,12,44,"+29.872","5052068","39","6","1:51.582","225.971",2013,11,"Belgian Grand Prix",2013-08-25,"12:00:00","rosberg","6","ROS","Nico","Rosberg",1985-06-27,"German","mercedes","Mercedes","German","Finished","spa","Circuit de Spa-Francorchamps","Spa","Belgium",50.4372,5.97139,"401"
13,4,6,4,871,21517,5,5,"\N","R",22,0,0,"\N","\N","\N","0","\N","\N",2012,12,"Belgian Grand Prix",2012-09-02,"12:00:00","alonso","14","ALO","Fernando","Alonso",1981-07-29,"Spanish","ferrari","Ferrari","Italian","Collision","spa","Circuit de Spa-Francorchamps","Spa","Belgium",50.4372,5.97139,"401"
13,1,213,842,1063,25191,10,6,"6","6",6,4,1,"+10.177","217248","\N","0","\N","\N",2021,12,"Belgian Grand Prix",2021-08-29,"13:00:00","gasly","10","GAS","Pierre","Gasly",1996-02-07,"French","alphatauri","AlphaTauri","Italian","Finished","spa","Circuit de Spa-Francorchamps","Spa","Belgium",50.4372,5.97139,"401"
13,1,6,20,980,23603,5,2,"2","2",2,18,44,"+2.358","5085178","41","1","1:46.577","236.583",2017,12,"Belgian Grand Prix",2017-08-27,"12:00:00","vettel","5","VET","Sebastian","Vettel",1987-07-03,"German","ferrari","Ferrari","Italian","Finished","spa","Circuit de Spa-Francorchamps","Spa","Belgium",50.4372,5.97139,"401"
13,1,6,844,1063,25193,16,9,"8","8",8,2,1,"+12.608","219679","\N","0","\N","\N",2021,12,"Belgian Grand Prix",2021-08-29,"13:00:00","leclerc","16","LEC","Charles","Leclerc",1997-10-16,"Monegasque","ferrari","Ferrari","Italian","Finished","spa","Circuit de Spa-Francorchamps","Spa","Belgium",50.4372,5.97139,"401"
13,5,164,817,852,21060,22,23,"\N","R",21,0,13,"\N","\N","10","23","1:59.831","210.416",2011,12,"Belgian Grand Prix",2011-08-28,"12:00:00","ricciardo","3","RIC","Daniel","Ricciardo",1989-07-01,"Australian","hrt","HRT","Spanish","Engine","spa","Circuit de Spa-Francorchamps","Spa","Belgium",50.4372,5.97139,"401"
13,1,1,817,1063,25189,3,4,"4","4",4,6,1,"+4.496","211567","\N","0","\N","\N",2021,12,"Belgian Grand Prix",2021-08-29,"13:00:00","ricciardo","3","RIC","Daniel","Ricciardo",1989-07-01,"Australian","mclaren","McLaren","British","Finished","spa","Circuit de Spa-Francorchamps","Spa","Belgium",50.4372,5.97139,"401"
13,1,15,16,911,22386,99,14,"14","14",14,0,44,"+1:22.447","5159003","36","2","1:52.413","224.301",2014,12,"Belgian Grand Prix",2014-08-24,"12:00:00","sutil","99","SUT","Adrian","Sutil",1983-01-11,"German","sauber","Sauber","Swiss","Finished","spa","Circuit de Spa-Francorchamps","Spa","Belgium",50.4372,5.97139,"401"
13,4,1,1,852,21061,3,2,"\N","R",22,0,12,"\N","\N","8","18","1:55.647","218.029",2011,12,"Belgian Grand Prix",2011-08-28,"12:00:00","hamilton","44","HAM","Lewis","Hamilton",1985-01-07,"British","mclaren","McLaren","British","Collision","spa","Circuit de Spa-Francorchamps","Spa","Belgium",50.4372,5.97139,"401"
13,1,5,817,871,21504,16,16,"9","9",9,2,44,"+62.982","5411512","42","12","1:54.605","220.011",2012,12,"Belgian Grand Prix",2012-09-02,"12:00:00","ricciardo","3","RIC","Daniel","Ricciardo",1989-07-01,"Australian","toro_rosso","Toro Rosso","Italian","Finished","spa","Circuit de Spa-Francorchamps","Spa","Belgium",50.4372,5.97139,"401"
13,1,6,20,960,23186,5,4,"6","6",6,8,44,"+45.394","6336452","35","5","1:52.728","223.674",2016,13,"Belgian Grand Prix",2016-08-28,"12:00:00","vettel","5","VET","Sebastian","Vettel",1987-07-03,"German","ferrari","Ferrari","Italian","Finished","spa","Circuit de Spa-Francorchamps","Spa","Belgium",50.4372,5.97139,"401"
13,1,208,8,871,21498,9,3,"3","3",3,15,44,"+25.334","5373864","34","5","1:53.640","221.879",2012,12,"Belgian Grand Prix",2012-09-02,"12:00:00","raikkonen","7","RAI","Kimi","Räikkönen",1979-10-17,"Finnish","lotus_f1","Lotus F1","British","Finished","spa","Circuit de Spa-Francorchamps","Spa","Belgium",50.4372,5.97139,"401"
13,131,3,822,937,22744,77,3,"9","9",9,2,43,"+1:01.040","5081427","23","10","1:54.646","219.932",2015,11,"Belgian Grand Prix",2015-08-23,"12:00:00","bottas","77","BOT","Valtteri","Bottas",1989-08-28,"Finnish","williams","Williams","British","Power Unit","spa","Circuit de Spa-Francorchamps","Spa","Belgium",50.4372,5.97139,"401"
13,11,207,828,911,22389,9,22,"17","17",17,0,43,"\N","\N","26","19","1:55.900","217.553",2014,12,"Belgian Grand Prix",2014-08-24,"12:00:00","ericsson","9","ERI","Marcus","Ericsson",1990-09-02,"Swedish","caterham","Caterham","Malaysian","+1 Lap","spa","Circuit de Spa-Francorchamps","Spa","Belgium",50.4372,5.97139,"401"
13,1,5,826,1022,24452,26,19,"7","7",7,6,44,"+1:29.657","5115367","26","7","1:48.143","233.157",2019,13,"Belgian Grand Prix",2019-09-01,"13:10:00","kvyat","26","KVY","Daniil","Kvyat",1994-04-26,"Russian","toro_rosso","Toro Rosso","Italian","Finished","spa","Circuit de Spa-Francorchamps","Spa","Belgium",50.4372,5.97139,"401"
13,1,131,1,1001,24024,44,1,"2","2",2,18,44,"+11.061","5025537","23","3","1:46.721","236.264",2018,13,"Belgian Grand Prix",2018-08-26,"13:10:00","hamilton","44","HAM","Lewis","Hamilton",1985-01-07,"British","mercedes","Mercedes","German","Finished","spa","Circuit de Spa-Francorchamps","Spa","Belgium",50.4372,5.97139,"401"
13,11,3,840,1001,24035,18,17,"13","13",13,0,43,"\N","\N","39","16","1:49.287","230.717",2018,13,"Belgian Grand Prix",2018-08-26,"13:10:00","stroll","18","STR","Lance","Stroll",1998-10-29,"Canadian","williams","Williams","British","+1 Lap","spa","Circuit de Spa-Francorchamps","Spa","Belgium",50.4372,5.97139,"401"
13,131,9,817,937,22753,3,5,"\N","R",18,0,19,"\N","\N","2","16","1:56.263","216.873",2015,11,"Belgian Grand Prix",2015-08-23,"12:00:00","ricciardo","3","RIC","Daniel","Ricciardo",1989-07-01,"Australian","red_bull","Red Bull","Austrian","Power Unit","spa","Circuit de Spa-Francorchamps","Spa","Belgium",50.4372,5.97139,"401"
13,1,5,817,891,21941,19,19,"10","10",10,1,44,"+1:13.470","5095666","38","3","1:50.967","227.224",2013,11,"Belgian Grand Prix",2013-08-25,"12:00:00","ricciardo","3","RIC","Daniel","Ricciardo",1989-07-01,"Australian","toro_rosso","Toro Rosso","Italian","Finished","spa","Circuit de Spa-Francorchamps","Spa","Belgium",50.4372,5.97139,"401"
13,1,9,830,960,23191,33,2,"11","11",11,0,44,"+1:11.138","6362196","32","7","1:53.281","222.582",2016,13,"Belgian Grand Prix",2016-08-28,"12:00:00","max_verstappen","33","VER","Max","Verstappen",1997-09-30,"Dutch","red_bull","Red Bull","Austrian","Finished","spa","Circuit de Spa-Francorchamps","Spa","Belgium",50.4372,5.97139,"401"
13,1,4,808,852,21048,10,10,"9","9",9,2,44,"+1:11.917","5276810","34","9","1:52.432","224.263",2011,12,"Belgian Grand Prix",2011-08-28,"12:00:00","petrov","\N","PET","Vitaly","Petrov",1984-09-08,"Russian","renault","Renault","French","Finished","spa","Circuit de Spa-Francorchamps","Spa","Belgium",50.4372,5.97139,"401"
13,4,3,813,871,21515,18,6,"\N","R",20,0,4,"\N","\N","4","20","2:56.181","143.116",2012,12,"Belgian Grand Prix",2012-09-02,"12:00:00","maldonado","13","MAL","Pastor","Maldonado",1985-03-09,"Venezuelan","williams","Williams","British","Collision","spa","Circuit de Spa-Francorchamps","Spa","Belgium",50.4372,5.97139,"401"
14,1,211,840,1038,24768,18,8,"3","3",3,15,53,"+3.358","6429414","42","3","1:23.897","248.576",2020,8,"Italian Grand Prix",2020-09-06,"13:10:00","stroll","18","STR","Lance","Stroll",1998-10-29,"Canadian","racing_point","Racing Point","British","Finished","monza","Autodromo Nazionale di Monza","Monza","Italy",45.6156,9.28111,"162"
14,1,6,844,1065,25229,16,5,"4","4",4,12,53,"+7.309","4921674","53","6","1:25.319","244.433",2021,14,"Italian Grand Prix",2021-09-12,"13:00:00","leclerc","16","LEC","Charles","Leclerc",1997-10-16,"Monegasque","ferrari","Ferrari","Italian","Finished","monza","Autodromo Nazionale di Monza","Monza","Italy",45.6156,9.28111,"162"
14,1,1,825,912,22404,20,5,"10","10",10,1,53,"+1:06.171","4816407","34","12","1:29.283","233.580",2014,13,"Italian Grand Prix",2014-09-07,"12:00:00","kevin_magnussen","20","MAG","Kevin","Magnussen",1992-10-05,"Danish","mclaren","McLaren","British","Finished","monza","Autodromo Nazionale di Monza","Monza","Italy",45.6156,9.28111,"162"
14,11,208,813,912,22408,13,16,"14","14",14,0,52,"\N","\N","32","17","1:29.856","232.091",2014,13,"Italian Grand Prix",2014-09-07,"12:00:00","maldonado","13","MAL","Pastor","Maldonado",1985-03-09,"Venezuelan","lotus_f1","Lotus F1","British","+1 Lap","monza","Autodromo Nazionale di Monza","Monza","Italy",45.6156,9.28111,"162"
14,1,3,813,872,21530,18,22,"11","11",11,0,53,"+48.682","4829903","51","4","1:28.053","236.843",2012,13,"Italian Grand Prix",2012-09-09,"12:00:00","maldonado","13","MAL","Pastor","Maldonado",1985-03-09,"Venezuelan","williams","Williams","British","Finished","monza","Autodromo Nazionale di Monza","Monza","Italy",45.6156,9.28111,"162"
14,3,10,814,892,21975,14,15,"\N","R",22,0,0,"\N","\N","\N","0","\N","\N",2013,12,"Italian Grand Prix",2013-09-08,"12:00:00","resta","\N","DIR","Paul","di Resta",1986-04-16,"British","force_india","Force India","Indian","Accident","monza","Autodromo Nazionale di Monza","Monza","Italy",45.6156,9.28111,"162"
14,6,15,155,853,21081,16,17,"\N","R",18,0,21,"\N","\N","21","16","1:30.000","231.720",2011,13,"Italian Grand Prix",2011-09-11,"12:00:00","kobayashi","10","KOB","Kamui","Kobayashi",1986-09-13,"Japanese","sauber","Sauber","Swiss","Gearbox","monza","Autodromo Nazionale di Monza","Monza","Italy",45.6156,9.28111,"162"
14,4,9,830,1065,25243,33,1,"\N","R",18,2,25,"\N","\N","25","5","1:25.173","244.852",2021,14,"Italian Grand Prix",2021-09-12,"13:00:00","max_verstappen","33","VER","Max","Verstappen",1997-09-30,"Dutch","red_bull","Red Bull","Austrian","Collision","monza","Autodromo Nazionale di Monza","Monza","Italy",45.6156,9.28111,"162"
14,12,3,9,1023,24482,88,15,"17","17",17,0,51,"\N","\N","47","18","1:24.989","245.382",2019,14,"Italian Grand Prix",2019-09-08,"13:10:00","kubica","88","KUB","Robert","Kubica",1984-12-07,"Polish","williams","Williams","British","+2 Laps","monza","Autodromo Nazionale di Monza","Monza","Italy",45.6156,9.28111,"162"
14,12,209,839,961,23220,31,22,"18","18",18,0,51,"\N","\N","51","18","1:28.534","235.556",2016,14,"Italian Grand Prix",2016-09-04,"12:00:00","ocon","31","OCO","Esteban","Ocon",1996-09-17,"French","manor","Manor Marussia","British","+2 Laps","monza","Autodromo Nazionale di Monza","Monza","Italy",45.6156,9.28111,"162"
14,1,1,846,1065,25227,4,3,"2","2",2,18,53,"+1.747","4916112","53","3","1:24.971","245.434",2021,14,"Italian Grand Prix",2021-09-12,"13:00:00","norris","4","NOR","Lando","Norris",1999-11-13,"British","mclaren","McLaren","British","Finished","monza","Autodromo Nazionale di Monza","Monza","Italy",45.6156,9.28111,"162"
14,1,4,817,1038,24771,3,7,"6","6",6,8,53,"+8.391","6434447","38","4","1:23.898","248.573",2020,8,"Italian Grand Prix",2020-09-06,"13:10:00","ricciardo","3","RIC","Daniel","Ricciardo",1989-07-01,"Australian","renault","Renault","French","Finished","monza","Autodromo Nazionale di Monza","Monza","Italy",45.6156,9.28111,"162"
14,1,9,20,853,21064,1,1,"1","1",1,25,53,"1:20:46.172","4846172","49","3","1:26.557","240.937",2011,13,"Italian Grand Prix",2011-09-11,"12:00:00","vettel","5","VET","Sebastian","Vettel",1987-07-03,"German","red_bull","Red Bull","Austrian","Finished","monza","Autodromo Nazionale di Monza","Monza","Italy",45.6156,9.28111,"162"
14,1,10,815,961,23210,11,8,"8","8",8,4,53,"+1:04.954","4713043","40","12","1:26.920","239.930",2016,14,"Italian Grand Prix",2016-09-04,"12:00:00","perez","11","PER","Sergio","Pérez",1990-01-26,"Mexican","force_india","Force India","Indian","Finished","monza","Autodromo Nazionale di Monza","Monza","Italy",45.6156,9.28111,"162"
14,1,1,18,912,22402,22,6,"8","8",8,4,53,"+1:03.063","4813299","35","11","1:29.245","233.680",2014,13,"Italian Grand Prix",2014-09-07,"12:00:00","button","22","BUT","Jenson","Button",1980-01-19,"British","mclaren","McLaren","British","Finished","monza","Autodromo Nazionale di Monza","Monza","Italy",45.6156,9.28111,"162"
14,9,10,16,853,21082,14,12,"\N","R",19,0,9,"\N","\N","8","19","1:31.455","228.033",2011,13,"Italian Grand Prix",2011-09-11,"12:00:00","sutil","99","SUT","Adrian","Sutil",1983-01-11,"German","force_india","Force India","Indian","Hydraulics","monza","Autodromo Nazionale di Monza","Monza","Italy",45.6156,9.28111,"162"
14,1,9,830,1002,24047,33,5,"5","5",5,10,53,"+18.208","4632692","41","6","1:23.609","249.432",2018,14,"Italian Grand Prix",2018-09-02,"13:10:00","max_verstappen","33","VER","Max","Verstappen",1997-09-30,"Dutch","red_bull","Red Bull","Austrian","Finished","monza","Autodromo Nazionale di Monza","Monza","Italy",45.6156,9.28111,"162"
14,12,205,15,853,21077,21,19,"14","14",14,0,51,"\N","\N","50","15","1:29.825","232.171",2011,13,"Italian Grand Prix",2011-09-11,"12:00:00","trulli","\N","TRU","Jarno","Trulli",1974-07-13,"Italian","lotus_racing","Lotus","Malaysian","+2 Laps","monza","Autodromo Nazionale di Monza","Monza","Italy",45.6156,9.28111,"162"
14,1,214,4,1065,25233,14,10,"8","8",8,4,53,"+17.201","4931566","52","7","1:25.472","243.995",2021,14,"Italian Grand Prix",2021-09-12,"13:00:00","alonso","14","ALO","Fernando","Alonso",1981-07-29,"Spanish","alpine","Alpine F1 Team","French","Finished","monza","Autodromo Nazionale di Monza","Monza","Italy",45.6156,9.28111,"162"
14,11,15,828,1002,24057,9,18,"16","16",15,0,52,"\N","\N","46","15","1:24.767","246.024",2018,14,"Italian Grand Prix",2018-09-02,"13:10:00","ericsson","9","ERI","Marcus","Ericsson",1990-09-02,"Swedish","sauber","Sauber","Swiss","+1 Lap","monza","Autodromo Nazionale di Monza","Monza","Italy",45.6156,9.28111,"162"
14,1,15,815,872,21521,15,12,"2","2",2,18,53,"+4.356","4785577","53","2","1:27.562","238.171",2012,13,"Italian Grand Prix",2012-09-09,"12:00:00","perez","11","PER","Sergio","Pérez",1990-01-26,"Mexican","sauber","Sauber","Swiss","Finished","monza","Autodromo Nazionale di Monza","Monza","Italy",45.6156,9.28111,"162"
14,1,10,839,981,23627,31,3,"6","6",6,8,53,"+1:11.528","4603840","53","11","1:25.054","243.482",2017,13,"Italian Grand Prix",2017-09-03,"12:00:00","ocon","31","OCO","Esteban","Ocon",1996-09-17,"French","force_india","Force India","Indian","Finished","monza","Autodromo Nazionale di Monza","Monza","Italy",45.6156,9.28111,"162"
14,1,9,817,912,22399,3,9,"5","5",5,10,53,"+50.309","4800545","53","6","1:28.588","235.413",2014,13,"Italian Grand Prix",2014-09-07,"12:00:00","ricciardo","3","RIC","Daniel","Ricciardo",1989-07-01,"Australian","red_bull","Red Bull","Austrian","Finished","monza","Autodromo Nazionale di Monza","Monza","Italy",45.6156,9.28111,"162"
14,1,4,807,1023,24470,27,6,"5","5",5,10,53,"+58.165","4584830","53","8","1:23.641","249.337",2019,14,"Italian Grand Prix",2019-09-08,"13:10:00","hulkenberg","27","HUL","Nico","Hülkenberg",1987-08-19,"German","renault","Renault","French","Finished","monza","Autodromo Nazionale di Monza","Monza","Italy",45.6156,9.28111,"162"
14,2,210,154,1002,24062,8,6,"\N","D",20,0,53,"+56.320","4670804","\N","0","\N","\N",2018,14,"Italian Grand Prix",2018-09-02,"13:10:00","grosjean","8","GRO","Romain","Grosjean",1986-04-17,"French","haas","Haas F1 Team","American","Disqualified","monza","Autodromo Nazionale di Monza","Monza","Italy",45.6156,9.28111,"162"
14,12,207,828,912,22414,9,22,"20","20",20,0,51,"\N","\N","47","19","1:30.280","231.001",2014,13,"Italian Grand Prix",2014-09-07,"12:00:00","ericsson","9","ERI","Marcus","Ericsson",1990-09-02,"Swedish","caterham","Caterham","Malaysian","+2 Laps","monza","Autodromo Nazionale di Monza","Monza","Italy",45.6156,9.28111,"162"
14,1,1,1,872,21520,4,1,"1","1",1,25,53,"1:19:41.221","4781221","52","5","1:28.427","235.841",2012,13,"Italian Grand Prix",2012-09-09,"12:00:00","hamilton","44","HAM","Lewis","Hamilton",1985-01-07,"British","mclaren","McLaren","British","Finished","monza","Autodromo Nazionale di Monza","Monza","Italy",45.6156,9.28111,"162"
14,5,1,4,1002,24060,14,13,"\N","R",18,0,9,"\N","\N","18","17","1:25.229","244.691",2018,14,"Italian Grand Prix",2018-09-02,"13:10:00","alonso","14","ALO","Fernando","Alonso",1981-07-29,"Spanish","mclaren","McLaren","British","Engine","monza","Autodromo Nazionale di Monza","Monza","Italy",45.6156,9.28111,"162"
14,11,206,824,912,22412,17,19,"18","18",18,0,52,"\N","\N","51","20","1:30.521","230.386",2014,13,"Italian Grand Prix",2014-09-07,"12:00:00","jules_bianchi","17","BIA","Jules","Bianchi",1989-08-03,"French","marussia","Marussia","Russian","+1 Lap","monza","Autodromo Nazionale di Monza","Monza","Italy",45.6156,9.28111,"162"
14,11,5,832,938,22766,55,17,"11","11",11,0,52,"\N","\N","38","5","1:27.510","238.313",2015,12,"Italian Grand Prix",2015-09-06,"12:00:00","sainz","55","SAI","Carlos","Sainz",1994-09-01,"Spanish","toro_rosso","Toro Rosso","Italian","+1 Lap","monza","Autodromo Nazionale di Monza","Monza","Italy",45.6156,9.28111,"162"
14,1,3,822,938,22759,77,6,"4","4",4,12,53,"+47.996","4728684","49","6","1:27.525","238.272",2015,12,"Italian Grand Prix",2015-09-06,"12:00:00","bottas","77","BOT","Valtteri","Bottas",1989-08-28,"Finnish","williams","Williams","British","Finished","monza","Autodromo Nazionale di Monza","Monza","Italy",45.6156,9.28111,"162"
14,12,166,10,853,21078,24,21,"15","15",15,0,51,"\N","\N","51","17","1:30.783","229.721",2011,13,"Italian Grand Prix",2011-09-11,"12:00:00","glock","\N","GLO","Timo","Glock",1982-03-18,"German","virgin","Virgin","British","+2 Laps","monza","Autodromo Nazionale di Monza","Monza","Italy",45.6156,9.28111,"162"
14,11,10,16,892,21969,15,17,"16","16",16,0,52,"\N","\N","38","14","1:27.418","238.564",2013,12,"Italian Grand Prix",2013-09-08,"12:00:00","sutil","99","SUT","Adrian","Sutil",1983-01-11,"German","force_india","Force India","Indian","+1 Lap","monza","Autodromo Nazionale di Monza","Monza","Italy",45.6156,9.28111,"162"
14,11,51,8,1023,24480,7,0,"15","15",15,0,52,"\N","\N","52","13","1:24.419","247.039",2019,14,"Italian Grand Prix",2019-09-08,"13:10:00","raikkonen","7","RAI","Kimi","Räikkönen",1979-10-17,"Finnish","alfa","Alfa Romeo","Swiss","+1 Lap","monza","Autodromo Nazionale di Monza","Monza","Italy",45.6156,9.28111,"162"
14,11,3,813,853,21074,12,14,"11","11",11,0,52,"\N","\N","51","12","1:28.934","234.497",2011,13,"Italian Grand Prix",2011-09-11,"12:00:00","maldonado","13","MAL","Pastor","Maldonado",1985-03-09,"Venezuelan","williams","Williams","British","+1 Lap","monza","Autodromo Nazionale di Monza","Monza","Italy",45.6156,9.28111,"162"
14,1,131,30,853,21068,7,8,"5","5",5,10,53,"+32.677","4878849","46","7","1:27.402","238.607",2011,13,"Italian Grand Prix",2011-09-11,"12:00:00","michael_schumacher","\N","MSC","Michael","Schumacher",1969-01-03,"German","mercedes","Mercedes","German","Finished","monza","Autodromo Nazionale di Monza","Monza","Italy",45.6156,9.28111,"162"
14,1,10,839,1002,24048,31,8,"7","7",6,8,53,"+57.761","4672245","48","12","1:24.243","247.555",2018,14,"Italian Grand Prix",2018-09-02,"13:10:00","ocon","31","OCO","Esteban","Ocon",1996-09-17,"French","force_india","Force India","Indian","Finished","monza","Autodromo Nazionale di Monza","Monza","Italy",45.6156,9.28111,"162"
14,1,131,822,981,23623,77,4,"2","2",2,18,53,"+4.471","4536783","53","3","1:23.488","249.095",2017,13,"Italian Grand Prix",2017-09-03,"12:00:00","bottas","77","BOT","Valtteri","Bottas",1989-08-28,"Finnish","mercedes","Mercedes","German","Finished","monza","Autodromo Nazionale di Monza","Monza","Italy",45.6156,9.28111,"162"
14,1,6,4,853,21066,5,4,"3","3",3,15,53,"+16.909","4863081","50","6","1:27.191","239.185",2011,13,"Italian Grand Prix",2011-09-11,"12:00:00","alonso","14","ALO","Fernando","Alonso",1981-07-29,"Spanish","ferrari","Ferrari","Italian","Finished","monza","Autodromo Nazionale di Monza","Monza","Italy",45.6156,9.28111,"162"
14,1,3,847,1065,25234,63,14,"9","9",9,2,53,"+19.742","4934107","53","11","1:25.835","242.963",2021,14,"Italian Grand Prix",2021-09-12,"13:00:00","russell","63","RUS","George","Russell",1998-02-15,"British","williams","Williams","British","Finished","monza","Autodromo Nazionale di Monza","Monza","Italy",45.6156,9.28111,"162"
14,11,1,846,1023,24475,4,16,"10","10",10,1,52,"\N","\N","52","11","1:24.044","248.141",2019,14,"Italian Grand Prix",2019-09-08,"13:10:00","norris","4","NOR","Lando","Norris",1999-11-13,"British","mclaren","McLaren","British","+1 Lap","monza","Autodromo Nazionale di Monza","Monza","Italy",45.6156,9.28111,"162"
14,1,1,1,853,21067,3,2,"4","4",4,12,53,"+17.417","4863589","52","1","1:26.187","241.971",2011,13,"Italian Grand Prix",2011-09-11,"12:00:00","hamilton","44","HAM","Lewis","Hamilton",1985-01-07,"British","mclaren","McLaren","British","Finished","monza","Autodromo Nazionale di Monza","Monza","Italy",45.6156,9.28111,"162"
14,1,131,1,1023,24468,44,2,"3","3",3,16,53,"+35.199","4561864","51","1","1:21.779","255.014",2019,14,"Italian Grand Prix",2019-09-08,"13:10:00","hamilton","44","HAM","Lewis","Hamilton",1985-01-07,"British","mercedes","Mercedes","German","Finished","monza","Autodromo Nazionale di Monza","Monza","Italy",45.6156,9.28111,"162"
14,1,6,8,938,22760,7,2,"5","5",5,10,53,"+1:08.860","4749548","43","7","1:27.584","238.111",2015,12,"Italian Grand Prix",2015-09-06,"12:00:00","raikkonen","7","RAI","Kimi","Räikkönen",1979-10-17,"Finnish","ferrari","Ferrari","Italian","Finished","monza","Autodromo Nazionale di Monza","Monza","Italy",45.6156,9.28111,"162"
14,1,6,20,961,23205,5,3,"3","3",3,15,53,"+20.990","4669079","48","5","1:26.310","241.626",2016,14,"Italian Grand Prix",2016-09-04,"12:00:00","vettel","5","VET","Sebastian","Vettel",1987-07-03,"German","ferrari","Ferrari","Italian","Finished","monza","Autodromo Nazionale di Monza","Monza","Italy",45.6156,9.28111,"162"
14,11,15,16,912,22409,99,14,"15","15",15,0,52,"\N","\N","46","14","1:29.375","233.340",2014,13,"Italian Grand Prix",2014-09-07,"12:00:00","sutil","99","SUT","Adrian","Sutil",1983-01-11,"German","sauber","Sauber","Swiss","+1 Lap","monza","Autodromo Nazionale di Monza","Monza","Italy",45.6156,9.28111,"162"
14,5,1,838,981,23640,2,18,"\N","R",19,0,33,"\N","\N","30","19","1:26.912","239.953",2017,13,"Italian Grand Prix",2017-09-03,"12:00:00","vandoorne","2","VAN","Stoffel","Vandoorne",1992-03-26,"Belgian","mclaren","McLaren","British","Engine","monza","Autodromo Nazionale di Monza","Monza","Italy",45.6156,9.28111,"162"
14,22,5,818,872,21543,17,16,"\N","R",24,0,8,"\N","\N","6","24","1:31.962","226.776",2012,13,"Italian Grand Prix",2012-09-09,"12:00:00","vergne","25","VER","Jean-Éric","Vergne",1990-04-25,"French","toro_rosso","Toro Rosso","Italian","Suspension","monza","Autodromo Nazionale di Monza","Monza","Italy",45.6156,9.28111,"162"
14,1,10,807,912,22406,27,13,"12","12",12,0,53,"+1:12.606","4822842","35","13","1:29.366","233.363",2014,13,"Italian Grand Prix",2014-09-07,"12:00:00","hulkenberg","27","HUL","Nico","Hülkenberg",1987-08-19,"German","force_india","Force India","Indian","Finished","monza","Autodromo Nazionale di Monza","Monza","Italy",45.6156,9.28111,"162"
14,1,211,815,1023,24472,11,18,"7","7",7,6,53,"+1:13.802","4600467","35","9","1:23.770","248.953",2019,14,"Italian Grand Prix",2019-09-08,"13:10:00","perez","11","PER","Sergio","Pérez",1990-01-26,"Mexican","racing_point","Racing Point","British","Finished","monza","Autodromo Nazionale di Monza","Monza","Italy",45.6156,9.28111,"162"
14,11,207,5,872,21533,20,17,"14","14",14,0,52,"\N","\N","46","19","1:29.399","233.277",2012,13,"Italian Grand Prix",2012-09-09,"12:00:00","kovalainen","\N","KOV","Heikki","Kovalainen",1981-10-19,"Finnish","caterham","Caterham","Malaysian","+1 Lap","monza","Autodromo Nazionale di Monza","Monza","Italy",45.6156,9.28111,"162"
14,32,1,18,872,21542,3,2,"\N","R",23,0,32,"\N","\N","31","13","1:28.926","234.518",2012,13,"Italian Grand Prix",2012-09-09,"12:00:00","button","22","BUT","Jenson","Button",1980-01-19,"British","mclaren","McLaren","British","Fuel pressure","monza","Autodromo Nazionale di Monza","Monza","Italy",45.6156,9.28111,"162"
14,1,51,841,1065,25238,99,7,"13","13",13,0,53,"+27.216","4941581","50","10","1:25.718","243.295",2021,14,"Italian Grand Prix",2021-09-12,"13:00:00","giovinazzi","99","GIO","Antonio","Giovinazzi",1993-12-14,"Italian","alfa","Alfa Romeo","Swiss","Finished","monza","Autodromo Nazionale di Monza","Monza","Italy",45.6156,9.28111,"162"
14,131,210,853,1065,25241,9,16,"\N","R",16,0,41,"\N","\N","41","18","1:27.202","239.155",2021,14,"Italian Grand Prix",2021-09-12,"13:00:00","mazepin","9","MAZ","Nikita","Mazepin",1999-03-02,"Russian","haas","Haas F1 Team","American","Power Unit","monza","Autodromo Nazionale di Monza","Monza","Italy",45.6156,9.28111,"162"
14,1,6,8,981,23626,7,5,"5","5",5,10,53,"+1:00.082","4592394","43","8","1:25.054","245.194",2017,13,"Italian Grand Prix",2017-09-03,"12:00:00","raikkonen","7","RAI","Kimi","Räikkönen",1979-10-17,"Finnish","ferrari","Ferrari","Italian","Finished","monza","Autodromo Nazionale di Monza","Monza","Italy",45.6156,9.28111,"162"
14,16,1,4,938,22773,14,16,"18","18",18,0,47,"\N","\N","42","15","1:29.285","233.575",2015,12,"Italian Grand Prix",2015-09-06,"12:00:00","alonso","14","ALO","Fernando","Alonso",1981-07-29,"Spanish","mclaren","McLaren","British","+6 Laps","monza","Autodromo Nazionale di Monza","Monza","Italy",45.6156,9.28111,"162"
14,3,6,844,1038,24783,16,13,"\N","R",18,0,23,"\N","\N","19","19","1:26.026","242.424",2020,8,"Italian Grand Prix",2020-09-06,"13:10:00","leclerc","16","LEC","Charles","Leclerc",1997-10-16,"Monegasque","ferrari","Ferrari","Italian","Accident","monza","Autodromo Nazionale di Monza","Monza","Italy",45.6156,9.28111,"162"
14,1,1,815,892,21965,6,8,"12","12",12,0,53,"+39.765","4753117","44","15","1:27.607","238.049",2013,12,"Italian Grand Prix",2013-09-08,"12:00:00","perez","11","PER","Sergio","Pérez",1990-01-26,"Mexican","mclaren","McLaren","British","Finished","monza","Autodromo Nazionale di Monza","Monza","Italy",45.6156,9.28111,"162"
14,1,9,830,1023,24473,33,19,"8","8",8,4,53,"+1:14.492","4601157","41","5","1:23.143","250.830",2019,14,"Italian Grand Prix",2019-09-08,"13:10:00","max_verstappen","33","VER","Max","Verstappen",1997-09-30,"Dutch","red_bull","Red Bull","Austrian","Finished","monza","Autodromo Nazionale di Monza","Monza","Italy",45.6156,9.28111,"162"
14,11,1,18,938,22769,22,15,"14","14",14,0,52,"\N","\N","33","16","1:29.766","232.324",2015,12,"Italian Grand Prix",2015-09-06,"12:00:00","button","22","BUT","Jenson","Button",1980-01-19,"British","mclaren","McLaren","British","+1 Lap","monza","Autodromo Nazionale di Monza","Monza","Italy",45.6156,9.28111,"162"
14,1,210,154,1038,24777,8,16,"12","12",12,0,53,"+35.164","6461220","48","12","1:24.785","245.972",2020,8,"Italian Grand Prix",2020-09-06,"13:10:00","grosjean","8","GRO","Romain","Grosjean",1986-04-17,"French","haas","Haas F1 Team","American","Finished","monza","Autodromo Nazionale di Monza","Monza","Italy",45.6156,9.28111,"162"
14,3,9,17,853,21083,2,5,"\N","R",20,0,4,"\N","\N","4","18","1:30.994","229.188",2011,13,"Italian Grand Prix",2011-09-11,"12:00:00","webber","\N","WEB","Mark","Webber",1976-08-27,"Australian","red_bull","Red Bull","Austrian","Accident","monza","Autodromo Nazionale di Monza","Monza","Italy",45.6156,9.28111,"162"
14,1,9,815,1065,25230,11,8,"5","5",5,10,53,"+8.723","4923088","53","4","1:25.156","244.901",2021,14,"Italian Grand Prix",2021-09-12,"13:00:00","perez","11","PER","Sergio","Pérez",1990-01-26,"Mexican","red_bull","Red Bull","Austrian","Finished","monza","Autodromo Nazionale di Monza","Monza","Italy",45.6156,9.28111,"162"
14,1,10,814,872,21527,11,9,"8","8",8,4,53,"+41.057","4822278","51","16","1:29.068","234.144",2012,13,"Italian Grand Prix",2012-09-09,"12:00:00","resta","\N","DIR","Paul","di Resta",1986-04-16,"British","force_india","Force India","Indian","Finished","monza","Autodromo Nazionale di Monza","Monza","Italy",45.6156,9.28111,"162"
14,1,6,20,981,23624,5,6,"3","3",3,15,53,"+36.317","4568629","51","4","1:23.897","248.576",2017,13,"Italian Grand Prix",2017-09-03,"12:00:00","vettel","5","VET","Sebastian","Vettel",1987-07-03,"German","ferrari","Ferrari","Italian","Finished","monza","Autodromo Nazionale di Monza","Monza","Italy",45.6156,9.28111,"162"
14,1,51,841,1038,24781,99,18,"16","16",16,0,53,"+55.199","6481255","43","14","1:24.856","245.766",2020,8,"Italian Grand Prix",2020-09-06,"13:10:00","giovinazzi","99","GIO","Antonio","Giovinazzi",1993-12-14,"Italian","alfa","Alfa Romeo","Swiss","Finished","monza","Autodromo Nazionale di Monza","Monza","Italy",45.6156,9.28111,"162"
14,1,10,815,912,22401,11,10,"7","7",7,6,53,"+1:02.518","4812754","35","8","1:29.107","234.042",2014,13,"Italian Grand Prix",2014-09-07,"12:00:00","perez","11","PER","Sergio","Pérez",1990-01-26,"Mexican","force_india","Force India","Indian","Finished","monza","Autodromo Nazionale di Monza","Monza","Italy",45.6156,9.28111,"162"
14,12,205,5,853,21076,20,20,"13","13",13,0,51,"\N","\N","50","14","1:29.639","232.653",2011,13,"Italian Grand Prix",2011-09-11,"12:00:00","kovalainen","\N","KOV","Heikki","Kovalainen",1981-10-19,"Finnish","lotus_racing","Lotus","Malaysian","+2 Laps","monza","Autodromo Nazionale di Monza","Monza","Italy",45.6156,9.28111,"162"
14,1,9,20,892,21954,1,1,"1","1",1,25,53,"1:18:33.352","4713352","52","12","1:27.190","239.187",2013,12,"Italian Grand Prix",2013-09-08,"12:00:00","vettel","5","VET","Sebastian","Vettel",1987-07-03,"German","red_bull","Red Bull","Austrian","Finished","monza","Autodromo Nazionale di Monza","Monza","Italy",45.6156,9.28111,"162"
14,1,3,13,912,22397,19,4,"3","3",3,15,53,"+25.026","4775262","46","3","1:28.342","236.068",2014,13,"Italian Grand Prix",2014-09-07,"12:00:00","massa","19","MAS","Felipe","Massa",1981-04-25,"Brazilian","williams","Williams","British","Finished","monza","Autodromo Nazionale di Monza","Monza","Italy",45.6156,9.28111,"162"
14,11,5,830,938,22767,33,20,"12","12",12,0,52,"\N","\N","35","4","1:27.390","238.640",2015,12,"Italian Grand Prix",2015-09-06,"12:00:00","max_verstappen","33","VER","Max","Verstappen",1997-09-30,"Dutch","toro_rosso","Toro Rosso","Italian","+1 Lap","monza","Autodromo Nazionale di Monza","Monza","Italy",45.6156,9.28111,"162"
14,1,131,1,981,23622,44,1,"1","1",1,25,53,"1:15:32.312","4532312","50","2","1:23.488","249.793",2017,13,"Italian Grand Prix",2017-09-03,"12:00:00","hamilton","44","HAM","Lewis","Hamilton",1985-01-07,"British","mercedes","Mercedes","German","Finished","monza","Autodromo Nazionale di Monza","Monza","Italy",45.6156,9.28111,"162"
14,1,3,813,892,21967,16,14,"14","14",14,0,53,"+49.085","4762437","51","7","1:26.981","239.762",2013,12,"Italian Grand Prix",2013-09-08,"12:00:00","maldonado","13","MAL","Pastor","Maldonado",1985-03-09,"Venezuelan","williams","Williams","British","Finished","monza","Autodromo Nazionale di Monza","Monza","Italy",45.6156,9.28111,"162"
14,1,131,3,872,21526,8,6,"7","7",7,6,53,"+33.550","4814771","53","1","1:27.239","239.053",2012,13,"Italian Grand Prix",2012-09-09,"12:00:00","rosberg","6","ROS","Nico","Rosberg",1985-06-27,"German","mercedes","Mercedes","German","Finished","monza","Autodromo Nazionale di Monza","Monza","Italy",45.6156,9.28111,"162"
14,130,4,835,961,23223,30,20,"\N","R",21,0,7,"\N","\N","4","21","1:31.361","228.268",2016,14,"Italian Grand Prix",2016-09-04,"12:00:00","jolyon_palmer","30","PAL","Jolyon","Palmer",1991-01-20,"British","renault","Renault","French","Collision damage","monza","Autodromo Nazionale di Monza","Monza","Italy",45.6156,9.28111,"162"
14,4,4,808,853,21085,10,7,"\N","R",22,0,0,"\N","\N","\N","0","\N","\N",2011,13,"Italian Grand Prix",2011-09-11,"12:00:00","petrov","\N","PET","Vitaly","Petrov",1984-09-08,"Russian","renault","Renault","French","Collision","monza","Autodromo Nazionale di Monza","Monza","Italy",45.6156,9.28111,"162"
14,1,3,847,1038,24779,63,19,"14","14",14,0,53,"+36.593","6462649","39","9","1:24.421","247.033",2020,8,"Italian Grand Prix",2020-09-06,"13:10:00","russell","63","RUS","George","Russell",1998-02-15,"British","williams","Williams","British","Finished","monza","Autodromo Nazionale di Monza","Monza","Italy",45.6156,9.28111,"162"
14,11,6,20,1023,24478,5,4,"13","13",13,0,52,"\N","\N","50","2","1:22.799","251.872",2019,14,"Italian Grand Prix",2019-09-08,"13:10:00","vettel","5","VET","Sebastian","Vettel",1987-07-03,"German","ferrari","Ferrari","Italian","+1 Lap","monza","Autodromo Nazionale di Monza","Monza","Italy",45.6156,9.28111,"162"
14,11,210,821,961,23215,21,10,"13","13",13,0,52,"\N","\N","42","14","1:27.106","239.418",2016,14,"Italian Grand Prix",2016-09-04,"12:00:00","gutierrez","21","GUT","Esteban","Gutiérrez",1991-08-05,"Mexican","haas","Haas F1 Team","American","+1 Lap","monza","Autodromo Nazionale di Monza","Monza","Italy",45.6156,9.28111,"162"
14,1,131,3,892,21959,9,6,"6","6",6,8,53,"+10.999","4724351","50","2","1:26.500","241.095",2013,12,"Italian Grand Prix",2013-09-08,"12:00:00","rosberg","6","ROS","Nico","Rosberg",1985-06-27,"German","mercedes","Mercedes","German","Finished","monza","Autodromo Nazionale di Monza","Monza","Italy",45.6156,9.28111,"162"
14,84,5,826,961,23221,26,16,"\N","R",19,0,36,"\N","\N","35","17","1:28.037","236.886",2016,14,"Italian Grand Prix",2016-09-04,"12:00:00","kvyat","26","KVY","Daniil","Kvyat",1994-04-26,"Russian","toro_rosso","Toro Rosso","Italian","Battery","monza","Autodromo Nazionale di Monza","Monza","Italy",45.6156,9.28111,"162"
14,1,3,822,961,23208,77,5,"6","6",6,8,53,"+51.015","4699104","46","10","1:26.708","240.517",2016,14,"Italian Grand Prix",2016-09-04,"12:00:00","bottas","77","BOT","Valtteri","Bottas",1989-08-28,"Finnish","williams","Williams","British","Finished","monza","Autodromo Nazionale di Monza","Monza","Italy",45.6156,9.28111,"162"
14,1,3,822,892,21968,17,18,"15","15",15,0,53,"+56.827","4770179","53","11","1:27.166","239.253",2013,12,"Italian Grand Prix",2013-09-08,"12:00:00","bottas","77","BOT","Valtteri","Bottas",1989-08-28,"Finnish","williams","Williams","British","Finished","monza","Autodromo Nazionale di Monza","Monza","Italy",45.6156,9.28111,"162"
14,1,208,816,872,21532,10,15,"13","13",13,0,53,"+1:15.861","4857082","52","8","1:28.677","235.177",2012,13,"Italian Grand Prix",2012-09-09,"12:00:00","ambrosio","\N","DAM","Jérôme","d'Ambrosio",1985-12-27,"Belgian","lotus_f1","Lotus F1","British","Finished","monza","Autodromo Nazionale di Monza","Monza","Italy",45.6156,9.28111,"162"
14,1,9,848,1038,24780,23,9,"15","15",15,0,53,"+37.533","6463589","48","15","1:24.926","245.564",2020,8,"Italian Grand Prix",2020-09-06,"13:10:00","albon","23","ALB","Alexander","Albon",1996-03-23,"Thai","red_bull","Red Bull","Austrian","Finished","monza","Autodromo Nazionale di Monza","Monza","Italy",45.6156,9.28111,"162"
14,1,6,20,1002,24046,5,2,"4","4",4,12,53,"+16.151","4630635","51","2","1:22.505","252.770",2018,14,"Italian Grand Prix",2018-09-02,"13:10:00","vettel","5","VET","Sebastian","Vettel",1987-07-03,"German","ferrari","Ferrari","Italian","Finished","monza","Autodromo Nazionale di Monza","Monza","Italy",45.6156,9.28111,"162"
14,11,5,832,981,23635,55,15,"14","14",14,0,52,"\N","\N","46","17","1:26.210","241.906",2017,13,"Italian Grand Prix",2017-09-03,"12:00:00","sainz","55","SAI","Carlos","Sainz",1994-09-01,"Spanish","toro_rosso","Toro Rosso","Italian","+1 Lap","monza","Autodromo Nazionale di Monza","Monza","Italy",45.6156,9.28111,"162"
14,1,6,4,872,21522,5,10,"3","3",3,15,53,"+20.594","4801815","44","11","1:28.835","234.758",2012,13,"Italian Grand Prix",2012-09-09,"12:00:00","alonso","14","ALO","Fernando","Alonso",1981-07-29,"Spanish","ferrari","Ferrari","Italian","Finished","monza","Autodromo Nazionale di Monza","Monza","Italy",45.6156,9.28111,"162"
14,6,15,828,981,23639,9,11,"18","18",18,0,49,"\N","\N","20","20","1:27.663","237.897",2017,13,"Italian Grand Prix",2017-09-03,"12:00:00","ericsson","9","ERI","Marcus","Ericsson",1990-09-02,"Swedish","sauber","Sauber","Swiss","Gearbox","monza","Autodromo Nazionale di Monza","Monza","Italy",45.6156,9.28111,"162"
14,3,206,820,912,22416,4,20,"\N","R",22,0,5,"\N","\N","5","22","1:32.569","225.289",2014,13,"Italian Grand Prix",2014-09-07,"12:00:00","chilton","4","CHI","Max","Chilton",1991-04-21,"British","marussia","Marussia","Russian","Accident","monza","Autodromo Nazionale di Monza","Monza","Italy",45.6156,9.28111,"162"
14,11,10,814,853,21071,15,11,"8","8",8,4,52,"\N","\N","52","8","1:28.054","236.841",2011,13,"Italian Grand Prix",2011-09-11,"12:00:00","resta","\N","DIR","Paul","di Resta",1986-04-16,"British","force_india","Force India","Indian","+1 Lap","monza","Autodromo Nazionale di Monza","Monza","Italy",45.6156,9.28111,"162"
14,1,3,849,1038,24776,6,20,"11","11",11,0,53,"+32.876","6458932","39","16","1:24.999","245.353",2020,8,"Italian Grand Prix",2020-09-06,"13:10:00","latifi","6","LAT","Nicholas","Latifi",1995-06-29,"Canadian","williams","Williams","British","Finished","monza","Autodromo Nazionale di Monza","Monza","Italy",45.6156,9.28111,"162"
14,1,4,832,1002,24050,55,7,"9","9",8,4,53,"+1:18.140","4692624","43","5","1:23.529","249.671",2018,14,"Italian Grand Prix",2018-09-02,"13:10:00","sainz","55","SAI","Carlos","Sainz",1994-09-01,"Spanish","renault","Renault","French","Finished","monza","Autodromo Nazionale di Monza","Monza","Italy",45.6156,9.28111,"162"
14,1,10,815,938,22761,11,7,"6","6",6,8,53,"+1:12.783","4753471","46","10","1:28.140","236.609",2015,12,"Italian Grand Prix",2015-09-06,"12:00:00","perez","11","PER","Sergio","Pérez",1990-01-26,"Mexican","force_india","Force India","Indian","Finished","monza","Autodromo Nazionale di Monza","Monza","Italy",45.6156,9.28111,"162"
14,131,210,825,1038,24784,20,15,"\N","R",19,0,17,"\N","\N","10","18","1:25.787","243.099",2020,8,"Italian Grand Prix",2020-09-06,"13:10:00","kevin_magnussen","20","MAG","Kevin","Magnussen",1992-10-05,"Danish","haas","Haas F1 Team","American","Power Unit","monza","Autodromo Nazionale di Monza","Monza","Italy",45.6156,9.28111,"162"
14,1,131,1,892,21962,10,12,"9","9",9,2,53,"+33.527","4746879","51","1","1:25.849","242.924",2013,12,"Italian Grand Prix",2013-09-08,"12:00:00","hamilton","44","HAM","Lewis","Hamilton",1985-01-07,"British","mercedes","Mercedes","German","Finished","monza","Autodromo Nazionale di Monza","Monza","Italy",45.6156,9.28111,"162"
14,1,9,830,961,23209,33,7,"7","7",7,6,53,"+54.236","4702325","50","8","1:26.405","241.361",2016,14,"Italian Grand Prix",2016-09-04,"12:00:00","max_verstappen","33","VER","Max","Verstappen",1997-09-30,"Dutch","red_bull","Red Bull","Austrian","Finished","monza","Autodromo Nazionale di Monza","Monza","Italy",45.6156,9.28111,"162"
14,11,206,819,872,21535,25,20,"16","16",16,0,52,"\N","\N","44","20","1:29.753","232.357",2012,13,"Italian Grand Prix",2012-09-09,"12:00:00","pic","\N","PIC","Charles","Pic",1990-02-15,"French","marussia","Marussia","Russian","+1 Lap","monza","Autodromo Nazionale di Monza","Monza","Italy",45.6156,9.28111,"162"
14,1,51,8,1038,24778,7,14,"13","13",13,0,53,"+36.312","6462368","29","13","1:24.835","245.827",2020,8,"Italian Grand Prix",2020-09-06,"13:10:00","raikkonen","7","RAI","Kimi","Räikkönen",1979-10-17,"Finnish","alfa","Alfa Romeo","Swiss","Finished","monza","Autodromo Nazionale di Monza","Monza","Italy",45.6156,9.28111,"162"
14,1,131,1,938,22756,44,1,"1","1",1,25,53,"1:18:00.688","4680688","48","1","1:26.672","240.617",2015,12,"Italian Grand Prix",2015-09-06,"12:00:00","hamilton","44","HAM","Lewis","Hamilton",1985-01-07,"British","mercedes","Mercedes","German","Finished","monza","Autodromo Nazionale di Monza","Monza","Italy",45.6156,9.28111,"162"
14,1,1,846,1038,24769,4,6,"4","4",4,12,53,"+6.000","6432056","50","7","1:24.232","247.587",2020,8,"Italian Grand Prix",2020-09-06,"13:10:00","norris","4","NOR","Lando","Norris",1999-11-13,"British","mclaren","McLaren","British","Finished","monza","Autodromo Nazionale di Monza","Monza","Italy",45.6156,9.28111,"162"
14,11,5,153,853,21070,19,18,"7","7",7,6,52,"\N","\N","49","10","1:28.357","236.028",2011,13,"Italian Grand Prix",2011-09-11,"12:00:00","alguersuari","\N","ALG","Jaime","Alguersuari",1990-03-23,"Spanish","toro_rosso","Toro Rosso","Italian","+1 Lap","monza","Autodromo Nazionale di Monza","Monza","Italy",45.6156,9.28111,"162"
14,4,164,24,853,21087,23,24,"\N","R",24,0,0,"\N","\N","\N","0","\N","\N",2011,13,"Italian Grand Prix",2011-09-11,"12:00:00","liuzzi","\N","LIU","Vitantonio","Liuzzi",1980-08-06,"Italian","hrt","HRT","Spanish","Collision","monza","Autodromo Nazionale di Monza","Monza","Italy",45.6156,9.28111,"162"
14,1,117,20,1065,25237,5,11,"12","12",12,0,53,"+24.621","4938986","50","15","1:25.938","242.672",2021,14,"Italian Grand Prix",2021-09-12,"13:00:00","vettel","5","VET","Sebastian","Vettel",1987-07-03,"German","aston_martin","Aston Martin","British","Finished","monza","Autodromo Nazionale di Monza","Monza","Italy",45.6156,9.28111,"162"
14,1,131,1,1038,24772,44,1,"7","7",7,7,53,"+17.245","6443301","34","1","1:22.746","252.033",2020,8,"Italian Grand Prix",2020-09-06,"13:10:00","hamilton","44","HAM","Lewis","Hamilton",1985-01-07,"British","mercedes","Mercedes","German","Finished","monza","Autodromo Nazionale di Monza","Monza","Italy",45.6156,9.28111,"162"
14,1,6,8,1002,24044,7,1,"2","2",2,18,53,"+8.705","4623189","28","4","1:23.515","249.713",2018,14,"Italian Grand Prix",2018-09-02,"13:10:00","raikkonen","7","RAI","Kimi","Räikkönen",1979-10-17,"Finnish","ferrari","Ferrari","Italian","Finished","monza","Autodromo Nazionale di Monza","Monza","Italy",45.6156,9.28111,"162"
14,11,4,807,981,23634,27,14,"13","13",13,0,52,"\N","\N","46","16","1:26.131","242.128",2017,13,"Italian Grand Prix",2017-09-03,"12:00:00","hulkenberg","27","HUL","Nico","Hülkenberg",1987-08-19,"German","renault","Renault","French","+1 Lap","monza","Autodromo Nazionale di Monza","Monza","Italy",45.6156,9.28111,"162"
14,1,9,848,1023,24471,23,8,"6","6",6,8,53,"+59.315","4585980","45","6","1:23.364","250.165",2019,14,"Italian Grand Prix",2019-09-08,"13:10:00","albon","23","ALB","Alexander","Albon",1996-03-23,"Thai","red_bull","Red Bull","Austrian","Finished","monza","Autodromo Nazionale di Monza","Monza","Italy",45.6156,9.28111,"162"
14,11,211,840,1023,24477,18,9,"12","12",12,0,52,"\N","\N","31","12","1:24.165","247.784",2019,14,"Italian Grand Prix",2019-09-08,"13:10:00","stroll","18","STR","Lance","Stroll",1998-10-29,"Canadian","racing_point","Racing Point","British","+1 Lap","monza","Autodromo Nazionale di Monza","Monza","Italy",45.6156,9.28111,"162"
14,1,211,815,1038,24775,11,4,"10","10",10,1,53,"+23.224","6449280","50","8","1:24.336","247.282",2020,8,"Italian Grand Prix",2020-09-06,"13:10:00","perez","11","PER","Sergio","Pérez",1990-01-26,"Mexican","racing_point","Racing Point","British","Finished","monza","Autodromo Nazionale di Monza","Monza","Italy",45.6156,9.28111,"162"
14,1,131,3,961,23203,6,2,"1","1",1,25,53,"1:17:28.089","4648089","26","9","1:26.599","240.820",2016,14,"Italian Grand Prix",2016-09-04,"12:00:00","rosberg","6","ROS","Nico","Rosberg",1985-06-27,"German","mercedes","Mercedes","German","Finished","monza","Autodromo Nazionale di Monza","Monza","Italy",45.6156,9.28111,"162"
14,11,164,39,872,21538,23,21,"19","19",19,0,52,"\N","\N","44","23","1:31.086","228.957",2012,13,"Italian Grand Prix",2012-09-09,"12:00:00","karthikeyan","\N","KAR","Narain","Karthikeyan",1977-01-14,"Indian","hrt","HRT","Spanish","+1 Lap","monza","Autodromo Nazionale di Monza","Monza","Italy",45.6156,9.28111,"162"
14,11,1,838,1002,24054,2,17,"13","13",12,0,52,"\N","\N","52","13","1:24.504","246.790",2018,14,"Italian Grand Prix",2018-09-02,"13:10:00","vandoorne","2","VAN","Stoffel","Vandoorne",1992-03-26,"Belgian","mclaren","McLaren","British","+1 Lap","monza","Autodromo Nazionale di Monza","Monza","Italy",45.6156,9.28111,"162"
14,23,213,852,1065,25245,22,0,"\N","W",20,0,0,"\N","\N","\N","0","\N","\N",2021,14,"Italian Grand Prix",2021-09-12,"13:00:00","tsunoda","22","TSU","Yuki","Tsunoda",2000-05-11,"Japanese","alphatauri","AlphaTauri","Italian","Brakes","monza","Autodromo Nazionale di Monza","Monza","Italy",45.6156,9.28111,"162"
14,1,1,18,892,21963,5,9,"10","10",10,1,53,"+38.327","4751679","46","16","1:27.830","237.445",2013,12,"Italian Grand Prix",2013-09-08,"12:00:00","button","22","BUT","Jenson","Button",1980-01-19,"British","mclaren","McLaren","British","Finished","monza","Autodromo Nazionale di Monza","Monza","Italy",45.6156,9.28111,"162"
14,11,206,824,892,21972,22,21,"19","19",19,0,52,"\N","\N","47","20","1:29.595","232.767",2013,12,"Italian Grand Prix",2013-09-08,"12:00:00","jules_bianchi","17","BIA","Jules","Bianchi",1989-08-03,"French","marussia","Marussia","Russian","+1 Lap","monza","Autodromo Nazionale di Monza","Monza","Italy",45.6156,9.28111,"162"
14,1,51,9,1065,25239,88,17,"14","14",14,0,53,"+29.769","4944134","53","12","1:25.849","242.924",2021,14,"Italian Grand Prix",2021-09-12,"13:00:00","kubica","88","KUB","Robert","Kubica",1984-12-07,"Polish","alfa","Alfa Romeo","Swiss","Finished","monza","Autodromo Nazionale di Monza","Monza","Italy",45.6156,9.28111,"162"
14,1,9,17,892,21956,2,2,"3","3",3,15,53,"+6.350","4719702","53","3","1:26.690","240.567",2013,12,"Italian Grand Prix",2013-09-08,"12:00:00","webber","\N","WEB","Mark","Webber",1976-08-27,"Australian","red_bull","Red Bull","Austrian","Finished","monza","Autodromo Nazionale di Monza","Monza","Italy",45.6156,9.28111,"162"
14,11,15,844,1002,24053,16,15,"12","12",11,0,52,"\N","\N","52","8","1:23.768","248.959",2018,14,"Italian Grand Prix",2018-09-02,"13:10:00","leclerc","16","LEC","Charles","Leclerc",1997-10-16,"Monegasque","sauber","Sauber","Swiss","+1 Lap","monza","Autodromo Nazionale di Monza","Monza","Italy",45.6156,9.28111,"162"
14,1,214,839,1065,25235,31,12,"10","10",10,1,53,"+20.868","4935233","53","9","1:25.566","243.727",2021,14,"Italian Grand Prix",2021-09-12,"13:00:00","ocon","31","OCO","Esteban","Ocon",1996-09-17,"French","alpine","Alpine F1 Team","French","Finished","monza","Autodromo Nazionale di Monza","Monza","Italy",45.6156,9.28111,"162"
14,11,10,807,938,22762,27,9,"7","7",7,6,52,"\N","\N","36","14","1:28.913","234.552",2015,12,"Italian Grand Prix",2015-09-06,"12:00:00","hulkenberg","27","HUL","Nico","Hülkenberg",1987-08-19,"German","force_india","Force India","Indian","+1 Lap","monza","Autodromo Nazionale di Monza","Monza","Italy",45.6156,9.28111,"162"
14,1,210,854,1065,25240,47,18,"15","15",15,0,53,"+51.088","4965453","52","17","1:26.707","240.520",2021,14,"Italian Grand Prix",2021-09-12,"13:00:00","mick_schumacher","47","MSC","Mick","Schumacher",1999-03-22,"German","haas","Haas F1 Team","American","Finished","monza","Autodromo Nazionale di Monza","Monza","Italy",45.6156,9.28111,"162"
14,1,5,818,912,22407,25,12,"13","13",13,0,53,"+1:13.093","4823329","39","9","1:29.121","234.005",2014,13,"Italian Grand Prix",2014-09-07,"12:00:00","vergne","25","VER","Jean-Éric","Vergne",1990-04-25,"French","toro_rosso","Toro Rosso","Italian","Finished","monza","Autodromo Nazionale di Monza","Monza","Italy",45.6156,9.28111,"162"
14,1,10,807,961,23212,27,9,"10","10",10,1,53,"+1:18.656","4726745","40","13","1:26.954","239.837",2016,14,"Italian Grand Prix",2016-09-04,"12:00:00","hulkenberg","27","HUL","Nico","Hülkenberg",1987-08-19,"German","force_india","Force India","Indian","Finished","monza","Autodromo Nazionale di Monza","Monza","Italy",45.6156,9.28111,"162"
14,11,4,825,961,23219,20,21,"17","17",17,0,52,"\N","\N","52","16","1:27.618","238.019",2016,14,"Italian Grand Prix",2016-09-04,"12:00:00","kevin_magnussen","20","MAG","Kevin","Magnussen",1992-10-05,"Danish","renault","Renault","French","+1 Lap","monza","Autodromo Nazionale di Monza","Monza","Italy",45.6156,9.28111,"162"
14,1,15,807,892,21958,11,3,"5","5",5,10,53,"+10.355","4723707","48","4","1:26.716","240.495",2013,12,"Italian Grand Prix",2013-09-08,"12:00:00","hulkenberg","27","HUL","Nico","Hülkenberg",1987-08-19,"German","sauber","Sauber","Swiss","Finished","monza","Autodromo Nazionale di Monza","Monza","Italy",45.6156,9.28111,"162"
14,11,208,154,912,22410,8,17,"16","16",16,0,52,"\N","\N","38","18","1:30.083","231.506",2014,13,"Italian Grand Prix",2014-09-07,"12:00:00","grosjean","8","GRO","Romain","Grosjean",1986-04-17,"French","lotus_f1","Lotus F1","British","+1 Lap","monza","Autodromo Nazionale di Monza","Monza","Italy",45.6156,9.28111,"162"
14,11,9,817,938,22763,3,19,"8","8",8,4,52,"\N","\N","50","9","1:28.065","236.811",2015,12,"Italian Grand Prix",2015-09-06,"12:00:00","ricciardo","3","RIC","Daniel","Ricciardo",1989-07-01,"Australian","red_bull","Red Bull","Austrian","+1 Lap","monza","Autodromo Nazionale di Monza","Monza","Italy",45.6156,9.28111,"162"
14,6,1,4,981,23638,14,19,"17","17",17,0,50,"\N","\N","44","13","1:25.871","242.861",2017,13,"Italian Grand Prix",2017-09-03,"12:00:00","alonso","14","ALO","Fernando","Alonso",1981-07-29,"Spanish","mclaren","McLaren","British","Gearbox","monza","Autodromo Nazionale di Monza","Monza","Italy",45.6156,9.28111,"162"
14,1,6,832,1065,25231,55,6,"6","6",6,8,53,"+10.535","4924900","53","8","1:25.559","243.747",2021,14,"Italian Grand Prix",2021-09-12,"13:00:00","sainz","55","SAI","Carlos","Sainz",1994-09-01,"Spanish","ferrari","Ferrari","Italian","Finished","monza","Autodromo Nazionale di Monza","Monza","Italy",45.6156,9.28111,"162"
14,11,210,825,981,23632,20,9,"11","11",11,0,52,"\N","\N","48","15","1:26.037","242.393",2017,13,"Italian Grand Prix",2017-09-03,"12:00:00","kevin_magnussen","20","MAG","Kevin","Magnussen",1992-10-05,"Danish","haas","Haas F1 Team","American","+1 Lap","monza","Autodromo Nazionale di Monza","Monza","Italy",45.6156,9.28111,"162"
14,1,208,8,872,21524,9,7,"5","5",5,10,53,"+30.881","4812102","52","17","1:29.109","234.036",2012,13,"Italian Grand Prix",2012-09-09,"12:00:00","raikkonen","7","RAI","Kimi","Räikkönen",1979-10-17,"Finnish","lotus_f1","Lotus F1","British","Finished","monza","Autodromo Nazionale di Monza","Monza","Italy",45.6156,9.28111,"162"
14,5,6,4,912,22415,14,7,"\N","R",21,0,28,"\N","\N","23","16","1:29.680","232.546",2014,13,"Italian Grand Prix",2014-09-07,"12:00:00","alonso","14","ALO","Fernando","Alonso",1981-07-29,"Spanish","ferrari","Ferrari","Italian","Engine","monza","Autodromo Nazionale di Monza","Monza","Italy",45.6156,9.28111,"162"
14,130,208,154,938,22774,8,8,"\N","R",19,0,1,"\N","\N","\N","0","\N","\N",2015,12,"Italian Grand Prix",2015-09-06,"12:00:00","grosjean","8","GRO","Romain","Grosjean",1986-04-17,"French","lotus_f1","Lotus F1","British","Collision damage","monza","Autodromo Nazionale di Monza","Monza","Italy",45.6156,9.28111,"162"
14,1,131,1,912,22395,44,1,"1","1",1,25,53,"1:19:10.236","4750236","29","1","1:28.004","236.975",2014,13,"Italian Grand Prix",2014-09-07,"12:00:00","hamilton","44","HAM","Lewis","Hamilton",1985-01-07,"British","mercedes","Mercedes","German","Finished","monza","Autodromo Nazionale di Monza","Monza","Italy",45.6156,9.28111,"162"
14,1,1,18,853,21065,4,3,"2","2",2,18,53,"+9.590","4855762","52","2","1:26.207","241.915",2011,13,"Italian Grand Prix",2011-09-11,"12:00:00","button","22","BUT","Jenson","Button",1980-01-19,"British","mclaren","McLaren","British","Finished","monza","Autodromo Nazionale di Monza","Monza","Italy",45.6156,9.28111,"162"
14,1,6,13,853,21069,6,6,"6","6",6,8,53,"+42.993","4889165","53","5","1:26.924","239.919",2011,13,"Italian Grand Prix",2011-09-11,"12:00:00","massa","19","MAS","Felipe","Massa",1981-04-25,"Brazilian","ferrari","Ferrari","Italian","Finished","monza","Autodromo Nazionale di Monza","Monza","Italy",45.6156,9.28111,"162"
14,44,209,836,961,23222,94,13,"\N","R",20,0,26,"\N","\N","18","20","1:28.723","235.055",2016,14,"Italian Grand Prix",2016-09-04,"12:00:00","wehrlein","94","WEH","Pascal","Wehrlein",1994-10-18,"German","manor","Manor Marussia","British","Oil leak","monza","Autodromo Nazionale di Monza","Monza","Italy",45.6156,9.28111,"162"
14,1,3,849,1065,25236,6,13,"11","11",11,0,53,"+23.743","4938108","50","16","1:25.953","242.630",2021,14,"Italian Grand Prix",2021-09-12,"13:00:00","latifi","6","LAT","Nicholas","Latifi",1995-06-29,"Canadian","williams","Williams","British","Finished","monza","Autodromo Nazionale di Monza","Monza","Italy",45.6156,9.28111,"162"
14,7,5,818,892,21974,18,10,"\N","R",21,0,14,"\N","\N","14","21","1:29.710","232.469",2013,12,"Italian Grand Prix",2013-09-08,"12:00:00","vergne","25","VER","Jean-Éric","Vergne",1990-04-25,"French","toro_rosso","Toro Rosso","Italian","Transmission","monza","Autodromo Nazionale di Monza","Monza","Italy",45.6156,9.28111,"162"
14,1,131,822,1065,25228,77,19,"3","3",3,18,53,"+4.921","4919286","34","2","1:24.827","245.850",2021,14,"Italian Grand Prix",2021-09-12,"13:00:00","bottas","77","BOT","Valtteri","Bottas",1989-08-28,"Finnish","mercedes","Mercedes","German","Finished","monza","Autodromo Nazionale di Monza","Monza","Italy",45.6156,9.28111,"162"
14,11,164,37,872,21537,22,23,"18","18",18,0,52,"\N","\N","51","22","1:30.398","230.699",2012,13,"Italian Grand Prix",2012-09-09,"12:00:00","rosa","\N","DLR","Pedro","de la Rosa",1971-02-24,"Spanish","hrt","HRT","Spanish","+1 Lap","monza","Autodromo Nazionale di Monza","Monza","Italy",45.6156,9.28111,"162"
14,23,10,807,872,21540,12,24,"21","21",21,0,50,"\N","\N","46","6","1:28.578","235.439",2012,13,"Italian Grand Prix",2012-09-09,"12:00:00","hulkenberg","27","HUL","Nico","Hülkenberg",1987-08-19,"German","force_india","Force India","Indian","Brakes","monza","Autodromo Nazionale di Monza","Monza","Italy",45.6156,9.28111,"162"
14,1,5,817,892,21960,19,7,"7","7",7,6,53,"+32.329","4745681","52","13","1:27.294","238.903",2013,12,"Italian Grand Prix",2013-09-08,"12:00:00","ricciardo","3","RIC","Daniel","Ricciardo",1989-07-01,"Australian","toro_rosso","Toro Rosso","Italian","Finished","monza","Autodromo Nazionale di Monza","Monza","Italy",45.6156,9.28111,"162"
14,1,3,13,938,22758,19,5,"3","3",3,15,53,"+47.635","4728323","31","8","1:27.874","237.326",2015,12,"Italian Grand Prix",2015-09-06,"12:00:00","massa","19","MAS","Felipe","Massa",1981-04-25,"Brazilian","williams","Williams","British","Finished","monza","Autodromo Nazionale di Monza","Monza","Italy",45.6156,9.28111,"162"
14,9,210,825,1023,24483,20,11,"\N","R",18,0,43,"\N","\N","38","14","1:24.443","246.968",2019,14,"Italian Grand Prix",2019-09-08,"13:10:00","kevin_magnussen","20","MAG","Kevin","Magnussen",1992-10-05,"Danish","haas","Haas F1 Team","American","Hydraulics","monza","Autodromo Nazionale di Monza","Monza","Italy",45.6156,9.28111,"162"
14,4,131,3,853,21086,8,9,"\N","R",23,0,0,"\N","\N","\N","0","\N","\N",2011,13,"Italian Grand Prix",2011-09-11,"12:00:00","rosberg","6","ROS","Nico","Rosberg",1985-06-27,"German","mercedes","Mercedes","German","Collision","monza","Autodromo Nazionale di Monza","Monza","Italy",45.6156,9.28111,"162"
14,1,131,30,872,21525,7,4,"6","6",6,8,53,"+31.259","4812480","51","3","1:27.718","237.748",2012,13,"Italian Grand Prix",2012-09-09,"12:00:00","michael_schumacher","\N","MSC","Michael","Schumacher",1969-01-03,"German","mercedes","Mercedes","German","Finished","monza","Autodromo Nazionale di Monza","Monza","Italy",45.6156,9.28111,"162"
14,11,5,842,1002,24056,10,9,"15","15",14,0,52,"\N","\N","47","10","1:24.059","248.097",2018,14,"Italian Grand Prix",2018-09-02,"13:10:00","gasly","10","GAS","Pierre","Gasly",1996-02-07,"French","toro_rosso","Toro Rosso","Italian","+1 Lap","monza","Autodromo Nazionale di Monza","Monza","Italy",45.6156,9.28111,"162"
14,1,131,822,1023,24467,77,3,"2","2",2,18,53,"+0.835","4527500","47","3","1:22.859","251.690",2019,14,"Italian Grand Prix",2019-09-08,"13:10:00","bottas","77","BOT","Valtteri","Bottas",1989-08-28,"Finnish","mercedes","Mercedes","German","Finished","monza","Autodromo Nazionale di Monza","Monza","Italy",45.6156,9.28111,"162"
14,11,15,831,938,22768,12,17,"13","13",13,0,52,"\N","\N","51","13","1:28.653","235.240",2015,12,"Italian Grand Prix",2015-09-06,"12:00:00","nasr","12","NAS","Felipe","Nasr",1992-08-21,"Brazilian","sauber","Sauber","Swiss","+1 Lap","monza","Autodromo Nazionale di Monza","Monza","Italy",45.6156,9.28111,"162"
14,130,208,813,938,22775,13,10,"\N","R",20,0,1,"\N","\N","\N","0","\N","\N",2015,12,"Italian Grand Prix",2015-09-06,"12:00:00","maldonado","13","MAL","Pastor","Maldonado",1985-03-09,"Venezuelan","lotus_f1","Lotus F1","British","Collision damage","monza","Autodromo Nazionale di Monza","Monza","Italy",45.6156,9.28111,"162"
14,1,213,826,1038,24774,26,11,"9","9",9,2,53,"+22.208","6448264","44","10","1:24.479","246.863",2020,8,"Italian Grand Prix",2020-09-06,"13:10:00","kvyat","26","KVY","Daniil","Kvyat",1994-04-26,"Russian","alphatauri","AlphaTauri","Italian","Finished","monza","Autodromo Nazionale di Monza","Monza","Italy",45.6156,9.28111,"162"
14,11,3,22,853,21075,11,13,"12","12",12,0,52,"\N","\N","49","11","1:28.377","235.975",2011,13,"Italian Grand Prix",2011-09-11,"12:00:00","barrichello","\N","BAR","Rubens","Barrichello",1972-05-23,"Brazilian","williams","Williams","British","+1 Lap","monza","Autodromo Nazionale di Monza","Monza","Italy",45.6156,9.28111,"162"
14,1,6,13,892,21957,4,4,"4","4",4,12,53,"+9.361","4722713","48","10","1:27.095","239.448",2013,12,"Italian Grand Prix",2013-09-08,"12:00:00","massa","19","MAS","Felipe","Massa",1981-04-25,"Brazilian","ferrari","Ferrari","Italian","Finished","monza","Autodromo Nazionale di Monza","Monza","Italy",45.6156,9.28111,"162"
14,1,208,8,892,21964,7,11,"11","11",11,0,53,"+38.695","4752047","45","6","1:26.948","239.853",2013,12,"Italian Grand Prix",2013-09-08,"12:00:00","raikkonen","7","RAI","Kimi","Räikkönen",1979-10-17,"Finnish","lotus_f1","Lotus F1","British","Finished","monza","Autodromo Nazionale di Monza","Monza","Italy",45.6156,9.28111,"162"
14,12,15,821,912,22413,21,15,"19","19",19,0,51,"\N","\N","40","15","1:29.449","233.147",2014,13,"Italian Grand Prix",2014-09-07,"12:00:00","gutierrez","21","GUT","Esteban","Gutiérrez",1991-08-05,"Mexican","sauber","Sauber","Swiss","+2 Laps","monza","Autodromo Nazionale di Monza","Monza","Italy",45.6156,9.28111,"162"
14,76,9,17,872,21539,2,11,"20","20",20,0,51,"\N","\N","43","18","1:29.202","233.792",2012,13,"Italian Grand Prix",2012-09-09,"12:00:00","webber","\N","WEB","Mark","Webber",1976-08-27,"Australian","red_bull","Red Bull","Austrian","Vibrations","monza","Autodromo Nazionale di Monza","Monza","Italy",45.6156,9.28111,"162"
14,1,10,815,1002,24049,11,14,"8","8",7,6,53,"+58.678","4673162","44","11","1:24.179","247.743",2018,14,"Italian Grand Prix",2018-09-02,"13:10:00","perez","11","PER","Sergio","Pérez",1990-01-26,"Mexican","force_india","Force India","Indian","Finished","monza","Autodromo Nazionale di Monza","Monza","Italy",45.6156,9.28111,"162"
14,11,210,154,1023,24481,8,13,"16","16",16,0,52,"\N","\N","31","17","1:24.985","245.393",2019,14,"Italian Grand Prix",2019-09-08,"13:10:00","grosjean","8","GRO","Romain","Grosjean",1986-04-17,"French","haas","Haas F1 Team","American","+1 Lap","monza","Autodromo Nazionale di Monza","Monza","Italy",45.6156,9.28111,"162"
14,5,4,835,981,23641,30,17,"\N","R",20,0,29,"\N","\N","27","12","1:25.752","243.198",2017,13,"Italian Grand Prix",2017-09-03,"12:00:00","jolyon_palmer","30","PAL","Jolyon","Palmer",1991-01-20,"British","renault","Renault","French","Engine","monza","Autodromo Nazionale di Monza","Monza","Italy",45.6156,9.28111,"162"
14,22,213,842,1065,25244,10,0,"\N","R",19,0,3,"\N","\N","2","19","1:29.005","234.310",2021,14,"Italian Grand Prix",2021-09-12,"13:00:00","gasly","10","GAS","Pierre","Gasly",1996-02-07,"French","alphatauri","AlphaTauri","Italian","Suspension","monza","Autodromo Nazionale di Monza","Monza","Italy",45.6156,9.28111,"162"
14,11,9,830,981,23631,33,13,"10","10",10,1,52,"\N","\N","48","5","1:24.351","247.238",2017,13,"Italian Grand Prix",2017-09-03,"12:00:00","max_verstappen","33","VER","Max","Verstappen",1997-09-30,"Dutch","red_bull","Red Bull","Austrian","+1 Lap","monza","Autodromo Nazionale di Monza","Monza","Italy",45.6156,9.28111,"162"
14,11,9,826,938,22765,26,18,"10","10",10,1,52,"\N","\N","39","11","1:28.231","236.365",2015,12,"Italian Grand Prix",2015-09-06,"12:00:00","kvyat","26","KVY","Daniil","Kvyat",1994-04-26,"Russian","red_bull","Red Bull","Austrian","+1 Lap","monza","Autodromo Nazionale di Monza","Monza","Italy",45.6156,9.28111,"162"
14,11,4,811,853,21072,9,10,"9","9",9,2,52,"\N","\N","51","4","1:26.895","240.000",2011,13,"Italian Grand Prix",2011-09-11,"12:00:00","bruno_senna","\N","SEN","Bruno","Senna",1983-10-15,"Brazilian","renault","Renault","French","+1 Lap","monza","Autodromo Nazionale di Monza","Monza","Italy",45.6156,9.28111,"162"
14,1,213,842,1038,24766,10,10,"1","1",1,25,53,"1:47:06.056","6426056","34","6","1:24.037","248.162",2020,8,"Italian Grand Prix",2020-09-06,"13:10:00","gasly","10","GAS","Pierre","Gasly",1996-02-07,"French","alphatauri","AlphaTauri","Italian","Finished","monza","Autodromo Nazionale di Monza","Monza","Italy",45.6156,9.28111,"162"
14,4,131,1,1065,25242,44,4,"\N","R",17,0,25,"\N","\N","3","14","1:25.870","242.864",2021,14,"Italian Grand Prix",2021-09-12,"13:00:00","hamilton","44","HAM","Lewis","Hamilton",1985-01-07,"British","mercedes","Mercedes","German","Collision","monza","Autodromo Nazionale di Monza","Monza","Italy",45.6156,9.28111,"162"
14,11,5,832,961,23217,55,15,"15","15",15,0,52,"\N","\N","41","11","1:26.751","240.398",2016,14,"Italian Grand Prix",2016-09-04,"12:00:00","sainz","55","SAI","Carlos","Sainz",1994-09-01,"Spanish","toro_rosso","Toro Rosso","Italian","+1 Lap","monza","Autodromo Nazionale di Monza","Monza","Italy",45.6156,9.28111,"162"
14,1,1,817,1065,25226,3,2,"1","1",1,27,53,"1:21:54.365","4914365","53","1","1:24.812","245.894",2021,14,"Italian Grand Prix",2021-09-12,"13:00:00","ricciardo","3","RIC","Daniel","Ricciardo",1989-07-01,"Australian","mclaren","McLaren","British","Finished","monza","Autodromo Nazionale di Monza","Monza","Italy",45.6156,9.28111,"162"
14,11,207,819,892,21970,20,20,"17","17",17,0,52,"\N","\N","52","17","1:28.620","235.328",2013,12,"Italian Grand Prix",2013-09-08,"12:00:00","pic","\N","PIC","Charles","Pic",1990-02-15,"French","caterham","Caterham","Malaysian","+1 Lap","monza","Autodromo Nazionale di Monza","Monza","Italy",45.6156,9.28111,"162"
14,1,10,815,981,23630,11,10,"9","9",9,2,53,"+1:15.276","4607588","48","6","1:24.968","245.442",2017,13,"Italian Grand Prix",2017-09-03,"12:00:00","perez","11","PER","Sergio","Pérez",1990-01-26,"Mexican","force_india","Force India","Indian","Finished","monza","Autodromo Nazionale di Monza","Monza","Italy",45.6156,9.28111,"162"
14,5,5,826,1023,24484,26,12,"\N","R",19,0,29,"\N","\N","19","20","1:25.772","243.142",2019,14,"Italian Grand Prix",2019-09-08,"13:10:00","kvyat","26","KVY","Daniil","Kvyat",1994-04-26,"Russian","toro_rosso","Toro Rosso","Italian","Engine","monza","Autodromo Nazionale di Monza","Monza","Italy",45.6156,9.28111,"162"
14,6,166,816,853,21084,25,22,"\N","R",21,0,1,"\N","\N","\N","0","\N","\N",2011,13,"Italian Grand Prix",2011-09-11,"12:00:00","ambrosio","\N","DAM","Jérôme","d'Ambrosio",1985-12-27,"Belgian","virgin","Virgin","British","Gearbox","monza","Autodromo Nazionale di Monza","Monza","Italy",45.6156,9.28111,"162"
14,1,6,8,961,23206,7,4,"4","4",4,12,53,"+27.561","4675650","50","3","1:26.016","242.452",2016,14,"Italian Grand Prix",2016-09-04,"12:00:00","raikkonen","7","RAI","Kimi","Räikkönen",1979-10-17,"Finnish","ferrari","Ferrari","Italian","Finished","monza","Autodromo Nazionale di Monza","Monza","Italy",45.6156,9.28111,"162"
14,1,3,811,872,21529,19,13,"10","10",10,1,53,"+48.144","4829365","52","10","1:28.742","235.004",2012,13,"Italian Grand Prix",2012-09-09,"12:00:00","bruno_senna","\N","SEN","Bruno","Senna",1983-10-15,"Brazilian","williams","Williams","British","Finished","monza","Autodromo Nazionale di Monza","Monza","Italy",45.6156,9.28111,"162"
14,1,3,13,961,23211,19,11,"9","9",9,2,53,"+1:05.617","4713706","50","7","1:26.400","241.375",2016,14,"Italian Grand Prix",2016-09-04,"12:00:00","massa","19","MAS","Felipe","Massa",1981-04-25,"Brazilian","williams","Williams","British","Finished","monza","Autodromo Nazionale di Monza","Monza","Italy",45.6156,9.28111,"162"
14,23,6,20,1038,24785,5,17,"\N","R",20,0,6,"\N","\N","4","20","1:27.107","239.415",2020,8,"Italian Grand Prix",2020-09-06,"13:10:00","vettel","5","VET","Sebastian","Vettel",1987-07-03,"German","ferrari","Ferrari","Italian","Brakes","monza","Autodromo Nazionale di Monza","Monza","Italy",45.6156,9.28111,"162"
14,1,15,821,892,21966,12,16,"13","13",13,0,53,"+40.880","4754232","53","9","1:27.092","239.457",2013,12,"Italian Grand Prix",2013-09-08,"12:00:00","gutierrez","21","GUT","Esteban","Gutiérrez",1991-08-05,"Mexican","sauber","Sauber","Swiss","Finished","monza","Autodromo Nazionale di Monza","Monza","Italy",45.6156,9.28111,"162"
14,12,15,836,981,23637,94,12,"16","16",16,0,51,"\N","\N","47","18","1:26.547","240.965",2017,13,"Italian Grand Prix",2017-09-03,"12:00:00","wehrlein","94","WEH","Pascal","Wehrlein",1994-10-18,"German","sauber","Sauber","Swiss","+2 Laps","monza","Autodromo Nazionale di Monza","Monza","Italy",45.6156,9.28111,"162"
14,1,3,840,981,23628,18,2,"7","7",7,6,53,"+1:14.156","4606468","51","10","1:25.625","243.559",2017,13,"Italian Grand Prix",2017-09-03,"12:00:00","stroll","18","STR","Lance","Stroll",1998-10-29,"Canadian","williams","Williams","British","Finished","monza","Autodromo Nazionale di Monza","Monza","Italy",45.6156,9.28111,"162"
14,1,117,840,1065,25232,18,9,"7","7",7,6,53,"+15.804","4930169","52","13","1:25.853","242.912",2021,14,"Italian Grand Prix",2021-09-12,"13:00:00","stroll","18","STR","Lance","Stroll",1998-10-29,"Canadian","aston_martin","Aston Martin","British","Finished","monza","Autodromo Nazionale di Monza","Monza","Italy",45.6156,9.28111,"162"
14,1,131,1,961,23204,44,1,"2","2",2,18,53,"+15.070","4663159","27","4","1:26.303","241.646",2016,14,"Italian Grand Prix",2016-09-04,"12:00:00","hamilton","44","HAM","Lewis","Hamilton",1985-01-07,"British","mercedes","Mercedes","German","Finished","monza","Autodromo Nazionale di Monza","Monza","Italy",45.6156,9.28111,"162"
14,11,206,820,892,21973,23,22,"20","20",20,0,52,"\N","\N","48","19","1:29.491","233.037",2013,12,"Italian Grand Prix",2013-09-08,"12:00:00","chilton","4","CHI","Max","Chilton",1991-04-21,"British","marussia","Marussia","Russian","+1 Lap","monza","Autodromo Nazionale di Monza","Monza","Italy",45.6156,9.28111,"162"
14,11,3,847,1023,24479,63,14,"14","14",14,0,52,"\N","\N","51","16","1:24.842","245.807",2019,14,"Italian Grand Prix",2019-09-08,"13:10:00","russell","63","RUS","George","Russell",1998-02-15,"British","williams","Williams","British","+1 Lap","monza","Autodromo Nazionale di Monza","Monza","Italy",45.6156,9.28111,"162"
14,1,131,822,1038,24770,77,2,"5","5",5,10,53,"+7.108","6433164","51","5","1:23.961","248.386",2020,8,"Italian Grand Prix",2020-09-06,"13:10:00","bottas","77","BOT","Valtteri","Bottas",1989-08-28,"Finnish","mercedes","Mercedes","German","Finished","monza","Autodromo Nazionale di Monza","Monza","Italy",45.6156,9.28111,"162"
14,1,15,155,872,21528,14,8,"9","9",9,2,53,"+43.898","4825119","39","14","1:29.032","234.239",2012,13,"Italian Grand Prix",2012-09-09,"12:00:00","kobayashi","10","KOB","Kamui","Kobayashi",1986-09-13,"Japanese","sauber","Sauber","Swiss","Finished","monza","Autodromo Nazionale di Monza","Monza","Italy",45.6156,9.28111,"162"
14,131,9,830,1038,24782,33,5,"\N","R",17,0,30,"\N","\N","10","17","1:25.539","243.804",2020,8,"Italian Grand Prix",2020-09-06,"13:10:00","max_verstappen","33","VER","Max","Verstappen",1997-09-30,"Dutch","red_bull","Red Bull","Austrian","Power Unit","monza","Autodromo Nazionale di Monza","Monza","Italy",45.6156,9.28111,"162"
14,1,6,8,912,22403,7,11,"9","9",9,2,53,"+1:03.535","4813771","43","7","1:28.942","234.476",2014,13,"Italian Grand Prix",2014-09-07,"12:00:00","raikkonen","7","RAI","Kimi","Räikkönen",1979-10-17,"Finnish","ferrari","Ferrari","Italian","Finished","monza","Autodromo Nazionale di Monza","Monza","Italy",45.6156,9.28111,"162"
14,11,3,845,1002,24052,35,12,"11","11",10,1,52,"\N","\N","39","14","1:24.580","246.568",2018,14,"Italian Grand Prix",2018-09-02,"13:10:00","sirotkin","35","SIR","Sergey","Sirotkin",1995-08-27,"Russian","williams","Williams","British","+1 Lap","monza","Autodromo Nazionale di Monza","Monza","Italy",45.6156,9.28111,"162"
14,1,9,817,981,23625,3,16,"4","4",4,12,53,"+40.335","4572647","49","1","1:23.361","250.174",2017,13,"Italian Grand Prix",2017-09-03,"12:00:00","ricciardo","3","RIC","Daniel","Ricciardo",1989-07-01,"Australian","red_bull","Red Bull","Austrian","Finished","monza","Autodromo Nazionale di Monza","Monza","Italy",45.6156,9.28111,"162"
14,1,5,826,912,22405,26,21,"11","11",11,0,53,"+1:11.184","4821420","51","4","1:28.486","235.684",2014,13,"Italian Grand Prix",2014-09-07,"12:00:00","kvyat","26","KVY","Daniil","Kvyat",1994-04-26,"Russian","toro_rosso","Toro Rosso","Italian","Finished","monza","Autodromo Nazionale di Monza","Monza","Italy",45.6156,9.28111,"162"
14,11,207,823,892,21971,21,19,"18","18",18,0,52,"\N","\N","52","18","1:28.663","235.214",2013,12,"Italian Grand Prix",2013-09-08,"12:00:00","garde","\N","VDG","Giedo","van der Garde",1985-04-25,"Dutch","caterham","Caterham","Malaysian","+1 Lap","monza","Autodromo Nazionale di Monza","Monza","Italy",45.6156,9.28111,"162"
14,11,207,808,872,21534,21,18,"15","15",15,0,52,"\N","\N","46","15","1:29.066","234.149",2012,13,"Italian Grand Prix",2012-09-09,"12:00:00","petrov","\N","PET","Vitaly","Petrov",1984-09-08,"Russian","caterham","Caterham","Malaysian","+1 Lap","monza","Autodromo Nazionale di Monza","Monza","Italy",45.6156,9.28111,"162"
14,11,210,154,981,23636,8,20,"15","15",15,0,52,"\N","\N","48","7","1:25.020","245.292",2017,13,"Italian Grand Prix",2017-09-03,"12:00:00","grosjean","8","GRO","Romain","Grosjean",1986-04-17,"French","haas","Haas F1 Team","American","+1 Lap","monza","Autodromo Nazionale di Monza","Monza","Italy",45.6156,9.28111,"162"
14,13,131,3,938,22772,6,4,"17","17",17,0,50,"\N","\N","43","2","1:27.067","239.525",2015,12,"Italian Grand Prix",2015-09-06,"12:00:00","rosberg","6","ROS","Nico","Rosberg",1985-06-27,"German","mercedes","Mercedes","German","+3 Laps","monza","Autodromo Nazionale di Monza","Monza","Italy",45.6156,9.28111,"162"
14,1,4,839,1038,24773,31,12,"8","8",8,4,53,"+18.691","6444747","52","11","1:24.490","246.831",2020,8,"Italian Grand Prix",2020-09-06,"13:10:00","ocon","31","OCO","Esteban","Ocon",1996-09-17,"French","renault","Renault","French","Finished","monza","Autodromo Nazionale di Monza","Monza","Italy",45.6156,9.28111,"162"
14,1,5,817,872,21531,16,14,"12","12",12,0,53,"+50.316","4831537","46","7","1:28.621","235.325",2012,13,"Italian Grand Prix",2012-09-09,"12:00:00","ricciardo","3","RIC","Daniel","Ricciardo",1989-07-01,"Australian","toro_rosso","Toro Rosso","Italian","Finished","monza","Autodromo Nazionale di Monza","Monza","Italy",45.6156,9.28111,"162"
14,91,9,20,872,21541,1,5,"22","22",22,0,47,"\N","\N","46","9","1:28.713","235.081",2012,13,"Italian Grand Prix",2012-09-09,"12:00:00","vettel","5","VET","Sebastian","Vettel",1987-07-03,"German","red_bull","Red Bull","Austrian","Alternator","monza","Autodromo Nazionale di Monza","Monza","Italy",45.6156,9.28111,"162"
14,1,6,844,1023,24466,16,1,"1","1",1,25,53,"1:15:26.665","4526665","47","4","1:23.009","251.235",2019,14,"Italian Grand Prix",2019-09-08,"13:10:00","leclerc","16","LEC","Charles","Leclerc",1997-10-16,"Monegasque","ferrari","Ferrari","Italian","Finished","monza","Autodromo Nazionale di Monza","Monza","Italy",45.6156,9.28111,"162"
14,11,210,825,1002,24058,20,11,"17","17",16,0,52,"\N","\N","44","7","1:23.768","248.959",2018,14,"Italian Grand Prix",2018-09-02,"13:10:00","kevin_magnussen","20","MAG","Kevin","Magnussen",1992-10-05,"Danish","haas","Haas F1 Team","American","+1 Lap","monza","Autodromo Nazionale di Monza","Monza","Italy",45.6156,9.28111,"162"
14,1,6,4,892,21955,3,5,"2","2",2,18,53,"+5.467","4718819","52","5","1:26.797","240.270",2013,12,"Italian Grand Prix",2013-09-08,"12:00:00","alonso","14","ALO","Fernando","Alonso",1981-07-29,"Spanish","ferrari","Ferrari","Italian","Finished","monza","Autodromo Nazionale di Monza","Monza","Italy",45.6156,9.28111,"162"
14,1,4,817,1023,24469,3,5,"4","4",4,12,53,"+45.515","4572180","53","7","1:23.466","249.859",2019,14,"Italian Grand Prix",2019-09-08,"13:10:00","ricciardo","3","RIC","Daniel","Ricciardo",1989-07-01,"Australian","renault","Renault","French","Finished","monza","Autodromo Nazionale di Monza","Monza","Italy",45.6156,9.28111,"162"
14,23,5,843,1002,24061,28,16,"\N","R",19,0,0,"\N","\N","6","19","1:27.009","239.685",2018,14,"Italian Grand Prix",2018-09-02,"13:10:00","brendon_hartley","28","HAR","Brendon","Hartley",1989-11-10,"New Zealander","toro_rosso","Toro Rosso","Italian","Brakes","monza","Autodromo Nazionale di Monza","Monza","Italy",45.6156,9.28111,"162"
14,130,15,831,961,23224,12,18,"\N","R",22,0,6,"\N","\N","\N","0","\N","\N",2016,14,"Italian Grand Prix",2016-09-04,"12:00:00","nasr","12","NAS","Felipe","Nasr",1992-08-21,"Brazilian","sauber","Sauber","Swiss","Collision damage","monza","Autodromo Nazionale di Monza","Monza","Italy",45.6156,9.28111,"162"
14,5,9,817,1002,24059,3,19,"\N","R",17,0,23,"\N","\N","46","18","1:25.692","243.369",2018,14,"Italian Grand Prix",2018-09-02,"13:10:00","ricciardo","3","RIC","Daniel","Ricciardo",1989-07-01,"Australian","red_bull","Red Bull","Austrian","Engine","monza","Autodromo Nazionale di Monza","Monza","Italy",45.6156,9.28111,"162"
14,11,51,841,1023,24474,99,10,"9","9",9,2,52,"\N","\N","44","15","1:24.503","246.793",2019,14,"Italian Grand Prix",2019-09-08,"13:10:00","giovinazzi","99","GIO","Antonio","Giovinazzi",1993-12-14,"Italian","alfa","Alfa Romeo","Swiss","+1 Lap","monza","Autodromo Nazionale di Monza","Monza","Italy",45.6156,9.28111,"162"
14,6,15,815,853,21080,17,15,"\N","R",17,0,32,"\N","\N","29","13","1:29.403","233.267",2011,13,"Italian Grand Prix",2011-09-11,"12:00:00","perez","11","PER","Sergio","Pérez",1990-01-26,"Mexican","sauber","Sauber","Swiss","Gearbox","monza","Autodromo Nazionale di Monza","Monza","Italy",45.6156,9.28111,"162"
14,11,5,842,1023,24476,10,17,"11","11",11,0,52,"\N","\N","51","10","1:23.885","248.611",2019,14,"Italian Grand Prix",2019-09-08,"13:10:00","gasly","10","GAS","Pierre","Gasly",1996-02-07,"French","toro_rosso","Toro Rosso","Italian","+1 Lap","monza","Autodromo Nazionale di Monza","Monza","Italy",45.6156,9.28111,"162"
14,1,208,154,892,21961,8,13,"8","8",8,4,53,"+33.130","4746482","52","8","1:27.043","239.591",2013,12,"Italian Grand Prix",2013-09-08,"12:00:00","grosjean","8","GRO","Romain","Grosjean",1986-04-17,"French","lotus_f1","Lotus F1","British","Finished","monza","Autodromo Nazionale di Monza","Monza","Italy",45.6156,9.28111,"162"
14,11,5,67,853,21073,18,16,"10","10",10,1,52,"\N","\N","51","9","1:28.202","236.443",2011,13,"Italian Grand Prix",2011-09-11,"12:00:00","buemi","\N","BUE","Sébastien","Buemi",1988-10-31,"Swiss","toro_rosso","Toro Rosso","Italian","+1 Lap","monza","Autodromo Nazionale di Monza","Monza","Italy",45.6156,9.28111,"162"
14,1,3,822,912,22398,77,3,"4","4",4,12,53,"+40.786","4791022","50","5","1:28.559","235.490",2014,13,"Italian Grand Prix",2014-09-07,"12:00:00","bottas","77","BOT","Valtteri","Bottas",1989-08-28,"Finnish","williams","Williams","British","Finished","monza","Autodromo Nazionale di Monza","Monza","Italy",45.6156,9.28111,"162"
14,1,6,13,872,21523,6,3,"4","4",4,12,53,"+29.667","4810888","33","12","1:28.914","234.550",2012,13,"Italian Grand Prix",2012-09-09,"12:00:00","massa","19","MAS","Felipe","Massa",1981-04-25,"Brazilian","ferrari","Ferrari","Italian","Finished","monza","Autodromo Nazionale di Monza","Monza","Italy",45.6156,9.28111,"162"
14,11,207,155,912,22411,10,18,"17","17",17,0,52,"\N","\N","35","21","1:30.758","229.784",2014,13,"Italian Grand Prix",2014-09-07,"12:00:00","kobayashi","10","KOB","Kamui","Kobayashi",1986-09-13,"Japanese","caterham","Caterham","Malaysian","+1 Lap","monza","Autodromo Nazionale di Monza","Monza","Italy",45.6156,9.28111,"162"
14,1,6,20,938,22757,5,3,"2","2",2,18,53,"+25.042","4705730","52","3","1:27.376","238.678",2015,12,"Italian Grand Prix",2015-09-06,"12:00:00","vettel","5","VET","Sebastian","Vettel",1987-07-03,"German","ferrari","Ferrari","Italian","Finished","monza","Autodromo Nazionale di Monza","Monza","Italy",45.6156,9.28111,"162"
14,111,164,817,853,21079,22,23,"\N","N",16,0,39,"\N","\N","36","20","1:32.013","226.650",2011,13,"Italian Grand Prix",2011-09-11,"12:00:00","ricciardo","3","RIC","Daniel","Ricciardo",1989-07-01,"Australian","hrt","HRT","Spanish","+14 Laps","monza","Autodromo Nazionale di Monza","Monza","Italy",45.6156,9.28111,"162"
14,11,15,828,938,22764,9,12,"9","9",9,2,52,"\N","\N","22","12","1:28.516","235.604",2015,12,"Italian Grand Prix",2015-09-06,"12:00:00","ericsson","9","ERI","Marcus","Ericsson",1990-09-02,"Swedish","sauber","Sauber","Swiss","+1 Lap","monza","Autodromo Nazionale di Monza","Monza","Italy",45.6156,9.28111,"162"
14,12,209,829,938,22770,28,13,"15","15",15,0,51,"\N","\N","51","17","1:31.098","228.927",2015,12,"Italian Grand Prix",2015-09-06,"12:00:00","stevens","28","STE","Will","Stevens",1991-06-28,"British","manor","Manor Marussia","British","+2 Laps","monza","Autodromo Nazionale di Monza","Monza","Italy",45.6156,9.28111,"162"
14,11,1,4,961,23216,14,12,"14","14",14,0,52,"\N","\N","51","1","1:25.340","244.373",2016,14,"Italian Grand Prix",2016-09-04,"12:00:00","alonso","14","ALO","Fernando","Alonso",1981-07-29,"Spanish","mclaren","McLaren","British","+1 Lap","monza","Autodromo Nazionale di Monza","Monza","Italy",45.6156,9.28111,"162"
14,11,4,807,1002,24055,27,20,"14","14",13,0,52,"\N","\N","47","16","1:24.772","246.010",2018,14,"Italian Grand Prix",2018-09-02,"13:10:00","hulkenberg","27","HUL","Nico","Hülkenberg",1987-08-19,"German","renault","Renault","French","+1 Lap","monza","Autodromo Nazionale di Monza","Monza","Italy",45.6156,9.28111,"162"
14,1,3,13,981,23629,19,7,"8","8",8,4,53,"+1:14.834","4607146","30","9","1:25.477","243.981",2017,13,"Italian Grand Prix",2017-09-03,"12:00:00","massa","19","MAS","Felipe","Massa",1981-04-25,"Brazilian","williams","Williams","British","Finished","monza","Autodromo Nazionale di Monza","Monza","Italy",45.6156,9.28111,"162"
14,11,210,154,961,23213,8,17,"11","11",11,0,52,"\N","\N","50","15","1:27.227","239.086",2016,14,"Italian Grand Prix",2016-09-04,"12:00:00","grosjean","8","GRO","Romain","Grosjean",1986-04-17,"French","haas","Haas F1 Team","American","+1 Lap","monza","Autodromo Nazionale di Monza","Monza","Italy",45.6156,9.28111,"162"
14,1,9,20,912,22400,1,8,"6","6",6,8,53,"+59.965","4810201","34","10","1:29.141","233.952",2014,13,"Italian Grand Prix",2014-09-07,"12:00:00","vettel","5","VET","Sebastian","Vettel",1987-07-03,"German","red_bull","Red Bull","Austrian","Finished","monza","Autodromo Nazionale di Monza","Monza","Italy",45.6156,9.28111,"162"
14,1,131,1,1002,24043,44,3,"1","1",1,25,53,"1:16:54.484","4614484","30","1","1:22.497","252.794",2018,14,"Italian Grand Prix",2018-09-02,"13:10:00","hamilton","44","HAM","Lewis","Hamilton",1985-01-07,"British","mercedes","Mercedes","German","Finished","monza","Autodromo Nazionale di Monza","Monza","Italy",45.6156,9.28111,"162"
14,36,1,832,1023,24485,55,7,"\N","R",20,0,27,"\N","\N","10","19","1:25.637","243.525",2019,14,"Italian Grand Prix",2019-09-08,"13:10:00","sainz","55","SAI","Carlos","Sainz",1994-09-01,"Spanish","mclaren","McLaren","British","Wheel","monza","Autodromo Nazionale di Monza","Monza","Italy",45.6156,9.28111,"162"
14,11,206,10,872,21536,24,19,"17","17",17,0,52,"\N","\N","50","21","1:29.888","232.008",2012,13,"Italian Grand Prix",2012-09-09,"12:00:00","glock","\N","GLO","Timo","Glock",1982-03-18,"German","marussia","Marussia","Russian","+1 Lap","monza","Autodromo Nazionale di Monza","Monza","Italy",45.6156,9.28111,"162"
14,1,131,3,912,22396,6,2,"2","2",2,18,53,"+3.175","4753411","51","2","1:28.206","236.432",2014,13,"Italian Grand Prix",2014-09-07,"12:00:00","rosberg","6","ROS","Nico","Rosberg",1985-06-27,"German","mercedes","Mercedes","German","Finished","monza","Autodromo Nazionale di Monza","Monza","Italy",45.6156,9.28111,"162"
14,11,1,18,961,23214,22,14,"12","12",12,0,52,"\N","\N","40","6","1:26.354","241.503",2016,14,"Italian Grand Prix",2016-09-04,"12:00:00","button","22","BUT","Jenson","Button",1980-01-19,"British","mclaren","McLaren","British","+1 Lap","monza","Autodromo Nazionale di Monza","Monza","Italy",45.6156,9.28111,"162"
14,1,9,817,961,23207,3,6,"5","5",5,10,53,"+45.295","4693384","52","2","1:25.919","242.726",2016,14,"Italian Grand Prix",2016-09-04,"12:00:00","ricciardo","3","RIC","Daniel","Ricciardo",1989-07-01,"Australian","red_bull","Red Bull","Austrian","Finished","monza","Autodromo Nazionale di Monza","Monza","Italy",45.6156,9.28111,"162"
14,11,5,826,981,23633,26,8,"12","12",12,0,52,"\N","\N","43","14","1:25.894","242.796",2017,13,"Italian Grand Prix",2017-09-03,"12:00:00","kvyat","26","KVY","Daniil","Kvyat",1994-04-26,"Russian","toro_rosso","Toro Rosso","Italian","+1 Lap","monza","Autodromo Nazionale di Monza","Monza","Italy",45.6156,9.28111,"162"
14,12,209,833,938,22771,98,14,"16","16",16,0,51,"\N","\N","29","18","1:31.311","228.393",2015,12,"Italian Grand Prix",2015-09-06,"12:00:00","merhi","98","MER","Roberto","Merhi",1991-03-22,"Spanish","manor","Manor Marussia","British","+2 Laps","monza","Autodromo Nazionale di Monza","Monza","Italy",45.6156,9.28111,"162"
14,1,1,832,1038,24767,55,3,"2","2",2,18,53,"+0.415","6426471","40","2","1:23.882","248.620",2020,8,"Italian Grand Prix",2020-09-06,"13:10:00","sainz","55","SAI","Carlos","Sainz",1994-09-01,"Spanish","mclaren","McLaren","British","Finished","monza","Autodromo Nazionale di Monza","Monza","Italy",45.6156,9.28111,"162"
14,11,3,840,1002,24051,18,10,"10","10",9,2,52,"\N","\N","52","9","1:24.056","248.106",2018,14,"Italian Grand Prix",2018-09-02,"13:10:00","stroll","18","STR","Lance","Stroll",1998-10-29,"Canadian","williams","Williams","British","+1 Lap","monza","Autodromo Nazionale di Monza","Monza","Italy",45.6156,9.28111,"162"
14,11,15,828,961,23218,9,19,"16","16",16,0,52,"\N","\N","37","19","1:28.552","235.509",2016,14,"Italian Grand Prix",2016-09-04,"12:00:00","ericsson","9","ERI","Marcus","Ericsson",1990-09-02,"Swedish","sauber","Sauber","Swiss","+1 Lap","monza","Autodromo Nazionale di Monza","Monza","Italy",45.6156,9.28111,"162"
14,1,131,822,1002,24045,77,4,"3","3",3,15,53,"+14.066","4628550","39","3","1:22.907","251.544",2018,14,"Italian Grand Prix",2018-09-02,"13:10:00","bottas","77","BOT","Valtteri","Bottas",1989-08-28,"Finnish","mercedes","Mercedes","German","Finished","monza","Autodromo Nazionale di Monza","Monza","Italy",45.6156,9.28111,"162"
15,1,10,807,873,21557,12,11,"14","14",14,0,59,"+99.413","7325557","52","1","1:51.033","164.480",2012,14,"Singapore Grand Prix",2012-09-23,"12:00:00","hulkenberg","27","HUL","Nico","Hülkenberg",1987-08-19,"German","force_india","Force India","Indian","Finished","marina_bay","Marina Bay Street Circuit","Marina Bay","Singapore",1.2914,103.864,"18"
15,1,6,20,962,23229,5,22,"5","5",5,10,61,"+27.694","6976644","45","2","1:47.345","169.863",2016,15,"Singapore Grand Prix",2016-09-18,"12:00:00","vettel","5","VET","Sebastian","Vettel",1987-07-03,"German","ferrari","Ferrari","Italian","Finished","marina_bay","Marina Bay Street Circuit","Marina Bay","Singapore",1.2914,103.864,"18"
15,1,131,1,893,21980,10,5,"5","5",5,10,61,"+53.159","7206291","59","4","1:49.916","165.890",2013,13,"Singapore Grand Prix",2013-09-22,"12:00:00","hamilton","44","HAM","Lewis","Hamilton",1985-01-07,"British","mercedes","Mercedes","German","Finished","marina_bay","Marina Bay Street Circuit","Marina Bay","Singapore",1.2914,103.864,"18"
15,5,211,815,1024,24504,11,15,"\N","R",19,0,42,"\N","\N","15","17","1:46.683","170.850",2019,15,"Singapore Grand Prix",2019-09-22,"12:10:00","perez","11","PER","Sergio","Pérez",1990-01-26,"Mexican","racing_point","Racing Point","British","Engine","marina_bay","Marina Bay Street Circuit","Marina Bay","Singapore",1.2914,103.864,"18"
15,3,15,828,982,23656,9,20,"\N","R",15,0,35,"\N","\N","35","15","1:52.496","162.085",2017,14,"Singapore Grand Prix",2017-09-17,"12:00:00","ericsson","9","ERI","Marcus","Ericsson",1990-09-02,"Swedish","sauber","Sauber","Swiss","Accident","marina_bay","Marina Bay Street Circuit","Marina Bay","Singapore",1.2914,103.864,"18"
15,1,4,835,982,23647,30,11,"6","6",6,8,58,"+27.259","7430803","52","5","1:46.722","170.855",2017,14,"Singapore Grand Prix",2017-09-17,"12:00:00","jolyon_palmer","30","PAL","Jolyon","Palmer",1991-01-20,"British","renault","Renault","French","Finished","marina_bay","Marina Bay Street Circuit","Marina Bay","Singapore",1.2914,103.864,"18"
15,9,3,813,873,21565,18,2,"\N","R",22,0,36,"\N","\N","27","16","1:55.120","158.641",2012,14,"Singapore Grand Prix",2012-09-23,"12:00:00","maldonado","13","MAL","Pastor","Maldonado",1985-03-09,"Venezuelan","williams","Williams","British","Hydraulics","marina_bay","Marina Bay Street Circuit","Marina Bay","Singapore",1.2914,103.864,"18"
15,11,6,13,854,21096,6,6,"9","9",9,2,60,"\N","\N","26","8","1:52.550","162.263",2011,14,"Singapore Grand Prix",2011-09-25,"12:00:00","massa","19","MAS","Felipe","Massa",1981-04-25,"Brazilian","ferrari","Ferrari","Italian","+1 Lap","marina_bay","Marina Bay Street Circuit","Marina Bay","Singapore",1.2914,103.864,"18"
15,1,131,1,1024,24489,44,2,"4","4",4,12,61,"+4.608","7118275","58","7","1:44.914","173.730",2019,15,"Singapore Grand Prix",2019-09-22,"12:10:00","hamilton","44","HAM","Lewis","Hamilton",1985-01-07,"British","mercedes","Mercedes","German","Finished","marina_bay","Marina Bay Street Circuit","Marina Bay","Singapore",1.2914,103.864,"18"
15,1,1,825,913,22426,20,9,"10","10",10,1,60,"+1:02.230","7267025","48","2","1:51.639","163.330",2014,14,"Singapore Grand Prix",2014-09-21,"12:00:00","kevin_magnussen","20","MAG","Kevin","Magnussen",1992-10-05,"Danish","mclaren","McLaren","British","Finished","marina_bay","Marina Bay Street Circuit","Marina Bay","Singapore",1.2914,103.864,"18"
15,3,5,817,893,21997,19,9,"\N","R",22,0,23,"\N","\N","23","22","1:53.052","161.288",2013,13,"Singapore Grand Prix",2013-09-22,"12:00:00","ricciardo","3","RIC","Daniel","Ricciardo",1989-07-01,"Australian","toro_rosso","Toro Rosso","Italian","Accident","marina_bay","Marina Bay Street Circuit","Marina Bay","Singapore",1.2914,103.864,"18"
15,1,5,832,939,22784,55,14,"9","9",9,2,61,"+52.860","7334978","43","6","1:50.401","165.161",2015,13,"Singapore Grand Prix",2015-09-20,"12:00:00","sainz","55","SAI","Carlos","Sainz",1994-09-01,"Spanish","toro_rosso","Toro Rosso","Italian","Finished","marina_bay","Marina Bay Street Circuit","Marina Bay","Singapore",1.2914,103.864,"18"
15,1,9,848,1024,24491,23,6,"6","6",6,8,61,"+11.663","7125330","59","9","1:45.260","173.159",2019,15,"Singapore Grand Prix",2019-09-22,"12:10:00","albon","23","ALB","Alexander","Albon",1996-03-23,"Thai","red_bull","Red Bull","Austrian","Finished","marina_bay","Marina Bay Street Circuit","Marina Bay","Singapore",1.2914,103.864,"18"
15,4,5,818,873,21563,17,16,"\N","R",20,0,38,"\N","\N","28","8","1:53.510","160.891",2012,14,"Singapore Grand Prix",2012-09-23,"12:00:00","vergne","25","VER","Jean-Éric","Vergne",1990-04-25,"French","toro_rosso","Toro Rosso","Italian","Collision","marina_bay","Marina Bay Street Circuit","Marina Bay","Singapore",1.2914,103.864,"18"
15,1,5,818,913,22422,25,12,"6","6",6,8,60,"+56.801","7261596","48","4","1:51.937","162.895",2014,14,"Singapore Grand Prix",2014-09-21,"12:00:00","vergne","25","VER","Jean-Éric","Vergne",1990-04-25,"French","toro_rosso","Toro Rosso","Italian","Finished","marina_bay","Marina Bay Street Circuit","Marina Bay","Singapore",1.2914,103.864,"18"
15,11,164,37,873,21560,22,24,"17","17",17,0,58,"\N","\N","48","23","1:57.671","155.202",2012,14,"Singapore Grand Prix",2012-09-23,"12:00:00","rosa","\N","DLR","Pedro","de la Rosa",1971-02-24,"Spanish","hrt","HRT","Spanish","+1 Lap","marina_bay","Marina Bay Street Circuit","Marina Bay","Singapore",1.2914,103.864,"18"
15,1,6,13,893,21981,4,6,"6","6",6,8,61,"+1:03.877","7217009","45","7","1:50.509","165.000",2013,13,"Singapore Grand Prix",2013-09-22,"12:00:00","massa","19","MAS","Felipe","Massa",1981-04-25,"Brazilian","ferrari","Ferrari","Italian","Finished","marina_bay","Marina Bay Street Circuit","Marina Bay","Singapore",1.2914,103.864,"18"
15,3,6,8,982,23661,7,4,"\N","R",20,0,0,"\N","\N","\N","0","\N","\N",2017,14,"Singapore Grand Prix",2017-09-17,"12:00:00","raikkonen","7","RAI","Kimi","Räikkönen",1979-10-17,"Finnish","ferrari","Ferrari","Italian","Accident","marina_bay","Marina Bay Street Circuit","Marina Bay","Singapore",1.2914,103.864,"18"
15,1,9,826,939,22781,26,4,"6","6",6,8,61,"+35.508","7317626","36","8","1:51.109","164.109",2015,13,"Singapore Grand Prix",2015-09-20,"12:00:00","kvyat","26","KVY","Daniil","Kvyat",1994-04-26,"Russian","red_bull","Red Bull","Austrian","Finished","marina_bay","Marina Bay Street Circuit","Marina Bay","Singapore",1.2914,103.864,"18"
15,1,15,155,873,21556,14,17,"13","13",13,0,59,"+97.141","7323285","52","2","1:51.690","163.513",2012,14,"Singapore Grand Prix",2012-09-23,"12:00:00","kobayashi","10","KOB","Kamui","Kobayashi",1986-09-13,"Japanese","sauber","Sauber","Swiss","Finished","marina_bay","Marina Bay Street Circuit","Marina Bay","Singapore",1.2914,103.864,"18"
15,12,4,808,854,21104,10,18,"17","17",17,0,59,"\N","\N","56","14","1:54.204","159.913",2011,14,"Singapore Grand Prix",2011-09-25,"12:00:00","petrov","\N","PET","Vitaly","Petrov",1984-09-08,"Russian","renault","Renault","French","+2 Laps","marina_bay","Marina Bay Street Circuit","Marina Bay","Singapore",1.2914,103.864,"18"
15,1,9,817,939,22777,3,2,"2","2",2,18,61,"+1.478","7283596","52","1","1:50.041","165.701",2015,13,"Singapore Grand Prix",2015-09-20,"12:00:00","ricciardo","3","RIC","Daniel","Ricciardo",1989-07-01,"Australian","red_bull","Red Bull","Austrian","Finished","marina_bay","Marina Bay Street Circuit","Marina Bay","Singapore",1.2914,103.864,"18"
15,1,206,10,873,21555,24,20,"12","12",12,0,59,"+91.918","7318062","30","21","1:56.057","157.360",2012,14,"Singapore Grand Prix",2012-09-23,"12:00:00","glock","\N","GLO","Timo","Glock",1982-03-18,"German","marussia","Marussia","Russian","Finished","marina_bay","Marina Bay Street Circuit","Marina Bay","Singapore",1.2914,103.864,"18"
15,12,4,811,854,21102,9,15,"15","15",15,0,59,"\N","\N","55","12","1:53.774","160.518",2011,14,"Singapore Grand Prix",2011-09-25,"12:00:00","bruno_senna","\N","SEN","Bruno","Senna",1983-10-15,"Brazilian","renault","Renault","French","+2 Laps","marina_bay","Marina Bay Street Circuit","Marina Bay","Singapore",1.2914,103.864,"18"
15,3,164,39,873,21566,23,23,"\N","R",23,0,30,"\N","\N","26","24","1:58.507","154.107",2012,14,"Singapore Grand Prix",2012-09-23,"12:00:00","karthikeyan","\N","KAR","Narain","Karthikeyan",1977-01-14,"Indian","hrt","HRT","Spanish","Accident","marina_bay","Marina Bay Street Circuit","Marina Bay","Singapore",1.2914,103.864,"18"
15,1,9,817,1003,24068,3,6,"6","6",6,8,61,"+53.982","6725593","59","3","1:43.120","176.753",2018,15,"Singapore Grand Prix",2018-09-16,"12:10:00","ricciardo","3","RIC","Daniel","Ricciardo",1989-07-01,"Australian","red_bull","Red Bull","Austrian","Finished","marina_bay","Marina Bay Street Circuit","Marina Bay","Singapore",1.2914,103.864,"18"
15,5,210,825,982,23654,20,16,"\N","R",13,0,50,"\N","\N","44","10","1:47.585","169.484",2017,14,"Singapore Grand Prix",2017-09-17,"12:00:00","kevin_magnussen","20","MAG","Kevin","Magnussen",1992-10-05,"Danish","haas","Haas F1 Team","American","Engine","marina_bay","Marina Bay Street Circuit","Marina Bay","Singapore",1.2914,103.864,"18"
15,4,10,839,1003,24082,31,9,"\N","R",20,0,0,"\N","\N","\N","0","\N","\N",2018,15,"Singapore Grand Prix",2018-09-16,"12:10:00","ocon","31","OCO","Esteban","Ocon",1996-09-17,"French","force_india","Force India","Indian","Collision","marina_bay","Marina Bay Street Circuit","Marina Bay","Singapore",1.2914,103.864,"18"
15,14,164,817,854,21106,22,23,"19","19",19,0,57,"\N","\N","40","23","1:59.064","153.386",2011,14,"Singapore Grand Prix",2011-09-25,"12:00:00","ricciardo","3","RIC","Daniel","Ricciardo",1989-07-01,"Australian","hrt","HRT","Spanish","+4 Laps","marina_bay","Marina Bay Street Circuit","Marina Bay","Singapore",1.2914,103.864,"18"
15,1,10,815,982,23646,11,12,"5","5",5,10,58,"+25.359","7428903","52","7","1:46.731","170.840",2017,14,"Singapore Grand Prix",2017-09-17,"12:00:00","perez","11","PER","Sergio","Pérez",1990-01-26,"Mexican","force_india","Force India","Indian","Finished","marina_bay","Marina Bay Street Circuit","Marina Bay","Singapore",1.2914,103.864,"18"
15,1,15,828,939,22786,9,17,"11","11",11,0,61,"+1:37.507","7379625","30","11","1:51.594","163.395",2015,13,"Singapore Grand Prix",2015-09-20,"12:00:00","ericsson","9","ERI","Marcus","Ericsson",1990-09-02,"Swedish","sauber","Sauber","Swiss","Finished","marina_bay","Marina Bay Street Circuit","Marina Bay","Singapore",1.2914,103.864,"18"
15,1,9,817,962,23226,3,2,"2","2",2,18,61,"+0.488","6949438","49","1","1:47.187","170.113",2016,15,"Singapore Grand Prix",2016-09-18,"12:00:00","ricciardo","3","RIC","Daniel","Ricciardo",1989-07-01,"Australian","red_bull","Red Bull","Austrian","Finished","marina_bay","Marina Bay Street Circuit","Marina Bay","Singapore",1.2914,103.864,"18"
15,1,6,8,913,22424,7,7,"8","8",8,4,60,"+1:00.641","7265436","28","11","1:52.872","161.545",2014,14,"Singapore Grand Prix",2014-09-21,"12:00:00","raikkonen","7","RAI","Kimi","Räikkönen",1979-10-17,"Finnish","ferrari","Ferrari","Italian","Finished","marina_bay","Marina Bay Street Circuit","Marina Bay","Singapore",1.2914,103.864,"18"
15,1,3,813,893,21986,16,18,"11","11",11,0,61,"+1:28.479","7241611","46","8","1:50.708","164.703",2013,13,"Singapore Grand Prix",2013-09-22,"12:00:00","maldonado","13","MAL","Pastor","Maldonado",1985-03-09,"Venezuelan","williams","Williams","British","Finished","marina_bay","Marina Bay Street Circuit","Marina Bay","Singapore",1.2914,103.864,"18"
15,4,51,8,1024,24503,7,12,"\N","R",18,0,49,"\N","\N","18","19","1:47.062","170.245",2019,15,"Singapore Grand Prix",2019-09-22,"12:10:00","raikkonen","7","RAI","Kimi","Räikkönen",1979-10-17,"Finnish","alfa","Alfa Romeo","Swiss","Collision","marina_bay","Marina Bay Street Circuit","Marina Bay","Singapore",1.2914,103.864,"18"
15,37,131,1,939,22793,44,5,"\N","R",18,0,32,"\N","\N","24","14","1:52.505","162.072",2015,13,"Singapore Grand Prix",2015-09-20,"12:00:00","hamilton","44","HAM","Lewis","Hamilton",1985-01-07,"British","mercedes","Mercedes","German","Throttle","marina_bay","Marina Bay Street Circuit","Marina Bay","Singapore",1.2914,103.864,"18"
15,27,208,154,939,22788,8,10,"13","13",13,0,59,"\N","\N","28","13","1:52.353","162.292",2015,13,"Singapore Grand Prix",2015-09-20,"12:00:00","grosjean","8","GRO","Romain","Grosjean",1986-04-17,"French","lotus_f1","Lotus F1","British","Tyre","marina_bay","Marina Bay Street Circuit","Marina Bay","Singapore",1.2914,103.864,"18"
15,11,15,831,962,23237,12,16,"13","13",13,0,60,"\N","\N","41","17","1:51.683","163.265",2016,15,"Singapore Grand Prix",2016-09-18,"12:00:00","nasr","12","NAS","Felipe","Nasr",1992-08-21,"Brazilian","sauber","Sauber","Swiss","+1 Lap","marina_bay","Marina Bay Street Circuit","Marina Bay","Singapore",1.2914,103.864,"18"
15,1,10,815,939,22782,11,13,"7","7",7,6,61,"+50.836","7332954","44","12","1:51.970","162.847",2015,13,"Singapore Grand Prix",2015-09-20,"12:00:00","perez","11","PER","Sergio","Pérez",1990-01-26,"Mexican","force_india","Force India","Indian","Finished","marina_bay","Marina Bay Street Circuit","Marina Bay","Singapore",1.2914,103.864,"18"
15,11,1,838,1003,24074,2,18,"12","12",12,0,60,"\N","\N","50","14","1:45.555","172.675",2018,15,"Singapore Grand Prix",2018-09-16,"12:10:00","vandoorne","2","VAN","Stoffel","Vandoorne",1992-03-26,"Belgian","mclaren","McLaren","British","+1 Lap","marina_bay","Marina Bay Street Circuit","Marina Bay","Singapore",1.2914,103.864,"18"
15,11,131,3,854,21094,8,7,"7","7",7,6,60,"\N","\N","42","16","1:54.383","159.663",2011,14,"Singapore Grand Prix",2011-09-25,"12:00:00","rosberg","6","ROS","Nico","Rosberg",1985-06-27,"German","mercedes","Mercedes","German","+1 Lap","marina_bay","Marina Bay Street Circuit","Marina Bay","Singapore",1.2914,103.864,"18"
15,1,206,819,873,21559,25,21,"16","16",16,0,59,"+132.925","7359069","37","22","1:56.486","156.781",2012,14,"Singapore Grand Prix",2012-09-23,"12:00:00","pic","\N","PIC","Charles","Pic",1990-02-15,"French","marussia","Marussia","Russian","Finished","marina_bay","Marina Bay Street Circuit","Marina Bay","Singapore",1.2914,103.864,"18"
15,4,131,30,873,21564,7,9,"\N","R",21,0,38,"\N","\N","26","20","1:56.047","157.374",2012,14,"Singapore Grand Prix",2012-09-23,"12:00:00","michael_schumacher","\N","MSC","Michael","Schumacher",1969-01-03,"German","mercedes","Mercedes","German","Collision","marina_bay","Marina Bay Street Circuit","Marina Bay","Singapore",1.2914,103.864,"18"
15,31,3,811,873,21561,19,22,"18","18",18,0,57,"\N","\N","27","9","1:53.610","160.749",2012,14,"Singapore Grand Prix",2012-09-23,"12:00:00","bruno_senna","\N","SEN","Bruno","Senna",1983-10-15,"Brazilian","williams","Williams","British","Retired","marina_bay","Marina Bay Street Circuit","Marina Bay","Singapore",1.2914,103.864,"18"
15,11,206,824,893,21993,22,21,"18","18",18,0,60,"\N","\N","45","20","1:52.898","161.508",2013,13,"Singapore Grand Prix",2013-09-22,"12:00:00","jules_bianchi","17","BIA","Jules","Bianchi",1989-08-03,"French","marussia","Marussia","Russian","+1 Lap","marina_bay","Marina Bay Street Circuit","Marina Bay","Singapore",1.2914,103.864,"18"
15,12,166,816,854,21105,25,22,"18","18",18,0,59,"\N","\N","22","22","1:58.730","153.817",2011,14,"Singapore Grand Prix",2011-09-25,"12:00:00","ambrosio","\N","DAM","Jérôme","d'Ambrosio",1985-12-27,"Belgian","virgin","Virgin","British","+2 Laps","marina_bay","Marina Bay Street Circuit","Marina Bay","Singapore",1.2914,103.864,"18"
15,34,15,16,913,22435,99,17,"\N","R",19,0,40,"\N","\N","10","18","1:53.948","160.020",2014,14,"Singapore Grand Prix",2014-09-21,"12:00:00","sutil","99","SUT","Adrian","Sutil",1983-01-11,"German","sauber","Sauber","Swiss","Water pressure","marina_bay","Marina Bay Street Circuit","Marina Bay","Singapore",1.2914,103.864,"18"
15,1,131,822,1024,24490,77,5,"5","5",5,10,61,"+6.119","7119786","58","2","1:43.534","176.046",2019,15,"Singapore Grand Prix",2019-09-22,"12:10:00","bottas","77","BOT","Valtteri","Bottas",1989-08-28,"Finnish","mercedes","Mercedes","German","Finished","marina_bay","Marina Bay Street Circuit","Marina Bay","Singapore",1.2914,103.864,"18"
15,4,10,807,939,22795,27,11,"\N","R",20,0,12,"\N","\N","6","18","1:53.868","160.132",2015,13,"Singapore Grand Prix",2015-09-20,"12:00:00","hulkenberg","27","HUL","Nico","Hülkenberg",1987-08-19,"German","force_india","Force India","Indian","Collision","marina_bay","Marina Bay Street Circuit","Marina Bay","Singapore",1.2914,103.864,"18"
15,1,131,3,939,22779,6,6,"4","4",4,12,61,"+24.720","7306838","50","7","1:50.934","164.368",2015,13,"Singapore Grand Prix",2015-09-20,"12:00:00","rosberg","6","ROS","Nico","Rosberg",1985-06-27,"German","mercedes","Mercedes","German","Finished","marina_bay","Marina Bay Street Circuit","Marina Bay","Singapore",1.2914,103.864,"18"
15,1,9,830,962,23230,33,4,"6","6",6,8,61,"+1:11.197","7020147","46","5","1:49.050","167.207",2016,15,"Singapore Grand Prix",2016-09-18,"12:00:00","max_verstappen","33","VER","Max","Verstappen",1997-09-30,"Dutch","red_bull","Red Bull","Austrian","Finished","marina_bay","Marina Bay Street Circuit","Marina Bay","Singapore",1.2914,103.864,"18"
15,3,10,814,893,21995,14,17,"20","20",20,0,54,"\N","\N","45","9","1:50.739","164.657",2013,13,"Singapore Grand Prix",2013-09-22,"12:00:00","resta","\N","DIR","Paul","di Resta",1986-04-16,"British","force_india","Force India","Indian","Accident","marina_bay","Marina Bay Street Circuit","Marina Bay","Singapore",1.2914,103.864,"18"
15,11,5,67,854,21099,18,14,"12","12",12,0,60,"\N","\N","51","7","1:52.197","162.774",2011,14,"Singapore Grand Prix",2011-09-25,"12:00:00","buemi","\N","BUE","Sébastien","Buemi",1988-10-31,"Swiss","toro_rosso","Toro Rosso","Italian","+1 Lap","marina_bay","Marina Bay Street Circuit","Marina Bay","Singapore",1.2914,103.864,"18"
15,1,1,1,854,21092,3,4,"5","5",5,10,61,"+1:07.766","7214523","54","4","1:50.832","164.779",2011,14,"Singapore Grand Prix",2011-09-25,"12:00:00","hamilton","44","HAM","Lewis","Hamilton",1985-01-07,"British","mclaren","McLaren","British","Finished","marina_bay","Marina Bay Street Circuit","Marina Bay","Singapore",1.2914,103.864,"18"
15,11,209,836,962,23240,94,19,"16","16",16,0,60,"\N","\N","40","20","1:52.021","162.773",2016,15,"Singapore Grand Prix",2016-09-18,"12:00:00","wehrlein","94","WEH","Pascal","Wehrlein",1994-10-18,"German","manor","Manor Marussia","British","+1 Lap","marina_bay","Marina Bay Street Circuit","Marina Bay","Singapore",1.2914,103.864,"18"
15,11,207,819,893,21994,20,19,"19","19",19,0,60,"\N","\N","58","10","1:50.990","164.285",2013,13,"Singapore Grand Prix",2013-09-22,"12:00:00","pic","\N","PIC","Charles","Pic",1990-02-15,"French","caterham","Caterham","Malaysian","+1 Lap","marina_bay","Marina Bay Street Circuit","Marina Bay","Singapore",1.2914,103.864,"18"
15,1,208,154,913,22429,8,16,"13","13",13,0,60,"+1:08.029","7272824","25","15","1:53.543","160.591",2014,14,"Singapore Grand Prix",2014-09-21,"12:00:00","grosjean","8","GRO","Romain","Grosjean",1986-04-17,"French","lotus_f1","Lotus F1","British","Finished","marina_bay","Marina Bay Street Circuit","Marina Bay","Singapore",1.2914,103.864,"18"
15,11,5,832,962,23238,55,6,"14","14",14,0,60,"\N","\N","56","7","1:50.532","164.965",2016,15,"Singapore Grand Prix",2016-09-18,"12:00:00","sainz","55","SAI","Carlos","Sainz",1994-09-01,"Spanish","toro_rosso","Toro Rosso","Italian","+1 Lap","marina_bay","Marina Bay Street Circuit","Marina Bay","Singapore",1.2914,103.864,"18"
15,3,9,830,982,23660,33,2,"\N","R",19,0,0,"\N","\N","\N","0","\N","\N",2017,14,"Singapore Grand Prix",2017-09-17,"12:00:00","max_verstappen","33","VER","Max","Verstappen",1997-09-30,"Dutch","red_bull","Red Bull","Austrian","Accident","marina_bay","Marina Bay Street Circuit","Marina Bay","Singapore",1.2914,103.864,"18"
15,11,3,13,962,23236,19,11,"12","12",12,0,60,"\N","\N","53","14","1:51.455","163.599",2016,15,"Singapore Grand Prix",2016-09-18,"12:00:00","massa","19","MAS","Felipe","Massa",1981-04-25,"Brazilian","williams","Williams","British","+1 Lap","marina_bay","Marina Bay Street Circuit","Marina Bay","Singapore",1.2914,103.864,"18"
15,1,131,822,982,23644,77,6,"3","3",3,15,58,"+8.800","7412344","54","3","1:45.405","172.989",2017,14,"Singapore Grand Prix",2017-09-17,"12:00:00","bottas","77","BOT","Valtteri","Bottas",1989-08-28,"Finnish","mercedes","Mercedes","German","Finished","marina_bay","Marina Bay Street Circuit","Marina Bay","Singapore",1.2914,103.864,"18"
15,1,51,841,1024,24495,99,10,"10","10",10,1,61,"+27.855","7141522","59","10","1:45.630","172.553",2019,15,"Singapore Grand Prix",2019-09-22,"12:10:00","giovinazzi","99","GIO","Antonio","Giovinazzi",1993-12-14,"Italian","alfa","Alfa Romeo","Swiss","Finished","marina_bay","Marina Bay Street Circuit","Marina Bay","Singapore",1.2914,103.864,"18"
15,11,3,840,1003,24076,18,20,"14","14",14,0,60,"\N","\N","53","17","1:46.033","171.897",2018,15,"Singapore Grand Prix",2018-09-16,"12:10:00","stroll","18","STR","Lance","Stroll",1998-10-29,"Canadian","williams","Williams","British","+1 Lap","marina_bay","Marina Bay Street Circuit","Marina Bay","Singapore",1.2914,103.864,"18"
15,10,15,821,913,22436,21,14,"\N","R",20,0,17,"\N","\N","6","20","1:55.684","157.619",2014,14,"Singapore Grand Prix",2014-09-21,"12:00:00","gutierrez","21","GUT","Esteban","Gutiérrez",1991-08-05,"Mexican","sauber","Sauber","Swiss","Electrical","marina_bay","Marina Bay Street Circuit","Marina Bay","Singapore",1.2914,103.864,"18"
15,131,207,155,913,22438,10,20,"\N","W",22,0,0,"\N","\N","\N","0","\N","\N",2014,14,"Singapore Grand Prix",2014-09-21,"12:00:00","kobayashi","10","KOB","Kamui","Kobayashi",1986-09-13,"Japanese","caterham","Caterham","Malaysian","Power Unit","marina_bay","Marina Bay Street Circuit","Marina Bay","Singapore",1.2914,103.864,"18"
15,1,5,817,873,21552,16,15,"9","9",9,2,59,"+45.820","7271964","53","15","1:54.267","159.825",2012,14,"Singapore Grand Prix",2012-09-23,"12:00:00","ricciardo","3","RIC","Daniel","Ricciardo",1989-07-01,"Australian","toro_rosso","Toro Rosso","Italian","Finished","marina_bay","Marina Bay Street Circuit","Marina Bay","Singapore",1.2914,103.864,"18"
15,11,15,815,854,21097,17,11,"10","10",10,1,60,"\N","\N","42","18","1:54.615","159.340",2011,14,"Singapore Grand Prix",2011-09-25,"12:00:00","perez","11","PER","Sergio","Pérez",1990-01-26,"Mexican","sauber","Sauber","Swiss","+1 Lap","marina_bay","Marina Bay Street Circuit","Marina Bay","Singapore",1.2914,103.864,"18"
15,6,1,1,873,21567,4,1,"\N","R",24,0,22,"\N","\N","14","19","1:55.541","158.063",2012,14,"Singapore Grand Prix",2012-09-23,"12:00:00","hamilton","44","HAM","Lewis","Hamilton",1985-01-07,"British","mclaren","McLaren","British","Gearbox","marina_bay","Marina Bay Street Circuit","Marina Bay","Singapore",1.2914,103.864,"18"
15,1,5,826,913,22430,26,10,"14","14",14,0,60,"+1:12.008","7276803","45","3","1:51.761","163.151",2014,14,"Singapore Grand Prix",2014-09-21,"12:00:00","kvyat","26","KVY","Daniil","Kvyat",1994-04-26,"Russian","toro_rosso","Toro Rosso","Italian","Finished","marina_bay","Marina Bay Street Circuit","Marina Bay","Singapore",1.2914,103.864,"18"
15,11,206,820,913,22433,4,21,"17","17",17,0,59,"\N","\N","43","17","1:53.807","160.218",2014,14,"Singapore Grand Prix",2014-09-21,"12:00:00","chilton","4","CHI","Max","Chilton",1991-04-21,"British","marussia","Marussia","Russian","+1 Lap","marina_bay","Marina Bay Street Circuit","Marina Bay","Singapore",1.2914,103.864,"18"
15,6,3,13,939,22794,19,9,"\N","R",19,0,30,"\N","\N","19","17","1:53.666","160.417",2015,13,"Singapore Grand Prix",2015-09-20,"12:00:00","massa","19","MAS","Felipe","Massa",1981-04-25,"Brazilian","williams","Williams","British","Gearbox","marina_bay","Marina Bay Street Circuit","Marina Bay","Singapore",1.2914,103.864,"18"
15,1,3,822,913,22427,77,8,"11","11",11,0,60,"+1:05.065","7269860","25","7","1:52.515","162.058",2014,14,"Singapore Grand Prix",2014-09-21,"12:00:00","bottas","77","BOT","Valtteri","Bottas",1989-08-28,"Finnish","williams","Williams","British","Finished","marina_bay","Marina Bay Street Circuit","Marina Bay","Singapore",1.2914,103.864,"18"
15,1,9,20,854,21088,1,1,"1","1",1,25,61,"1:59:04.757","7146757","51","2","1:48.688","168.029",2011,14,"Singapore Grand Prix",2011-09-25,"12:00:00","vettel","5","VET","Sebastian","Vettel",1987-07-03,"German","red_bull","Red Bull","Austrian","Finished","marina_bay","Marina Bay Street Circuit","Marina Bay","Singapore",1.2914,103.864,"18"
15,1,5,842,1024,24493,10,11,"8","8",8,4,61,"+15.547","7129214","58","13","1:45.769","172.326",2019,15,"Singapore Grand Prix",2019-09-22,"12:10:00","gasly","10","GAS","Pierre","Gasly",1996-02-07,"French","toro_rosso","Toro Rosso","Italian","Finished","marina_bay","Marina Bay Street Circuit","Marina Bay","Singapore",1.2914,103.864,"18"
15,12,205,5,854,21103,20,19,"16","16",16,0,59,"\N","\N","56","13","1:54.063","160.111",2011,14,"Singapore Grand Prix",2011-09-25,"12:00:00","kovalainen","\N","KOV","Heikki","Kovalainen",1981-10-19,"Finnish","lotus_racing","Lotus","Malaysian","+2 Laps","marina_bay","Marina Bay Street Circuit","Marina Bay","Singapore",1.2914,103.864,"18"
15,1,6,20,939,22776,5,1,"1","1",1,25,61,"2:01:22.118","7282118","53","2","1:50.069","165.659",2015,13,"Singapore Grand Prix",2015-09-20,"12:00:00","vettel","5","VET","Sebastian","Vettel",1987-07-03,"German","ferrari","Ferrari","Italian","Finished","marina_bay","Marina Bay Street Circuit","Marina Bay","Singapore",1.2914,103.864,"18"
15,1,1,4,1003,24069,14,11,"7","7",7,6,61,"+1:43.001","6774612","57","4","1:43.164","176.677",2018,15,"Singapore Grand Prix",2018-09-16,"12:10:00","alonso","14","ALO","Fernando","Alonso",1981-07-29,"Spanish","mclaren","McLaren","British","Finished","marina_bay","Marina Bay Street Circuit","Marina Bay","Singapore",1.2914,103.864,"18"
15,11,3,22,854,21100,11,12,"13","13",13,0,60,"\N","\N","40","19","1:55.235","158.483",2011,14,"Singapore Grand Prix",2011-09-25,"12:00:00","barrichello","\N","BAR","Rubens","Barrichello",1972-05-23,"Brazilian","williams","Williams","British","+1 Lap","marina_bay","Marina Bay Street Circuit","Marina Bay","Singapore",1.2914,103.864,"18"
15,63,208,154,893,21996,8,3,"\N","R",21,0,37,"\N","\N","35","12","1:51.097","164.126",2013,13,"Singapore Grand Prix",2013-09-22,"12:00:00","grosjean","8","GRO","Romain","Grosjean",1986-04-17,"French","lotus_f1","Lotus F1","British","Pneumatics","marina_bay","Marina Bay Street Circuit","Marina Bay","Singapore",1.2914,103.864,"18"
15,11,210,154,1003,24077,8,8,"15","15",15,0,60,"\N","\N","57","16","1:45.904","172.106",2018,15,"Singapore Grand Prix",2018-09-16,"12:10:00","grosjean","8","GRO","Romain","Grosjean",1986-04-17,"French","haas","Haas F1 Team","American","+1 Lap","marina_bay","Marina Bay Street Circuit","Marina Bay","Singapore",1.2914,103.864,"18"
15,1,6,13,873,21551,6,13,"8","8",8,4,59,"+42.829","7268973","47","13","1:53.997","160.204",2012,14,"Singapore Grand Prix",2012-09-23,"12:00:00","massa","19","MAS","Felipe","Massa",1981-04-25,"Brazilian","ferrari","Ferrari","Italian","Finished","marina_bay","Marina Bay Street Circuit","Marina Bay","Singapore",1.2914,103.864,"18"
15,1,208,8,873,21549,9,12,"6","6",6,8,59,"+35.759","7261903","53","11","1:53.785","160.502",2012,14,"Singapore Grand Prix",2012-09-23,"12:00:00","raikkonen","7","RAI","Kimi","Räikkönen",1979-10-17,"Finnish","lotus_f1","Lotus F1","British","Finished","marina_bay","Marina Bay Street Circuit","Marina Bay","Singapore",1.2914,103.864,"18"
15,1,5,818,893,21989,18,12,"14","14",14,0,61,"+1:53.512","7266644","45","5","1:50.328","165.270",2013,13,"Singapore Grand Prix",2013-09-22,"12:00:00","vergne","25","VER","Jean-Éric","Vergne",1990-04-25,"French","toro_rosso","Toro Rosso","Italian","Finished","marina_bay","Marina Bay Street Circuit","Marina Bay","Singapore",1.2914,103.864,"18"
15,11,10,16,854,21095,14,9,"8","8",8,4,60,"\N","\N","45","17","1:54.564","159.411",2011,14,"Singapore Grand Prix",2011-09-25,"12:00:00","sutil","99","SUT","Adrian","Sutil",1983-01-11,"German","force_india","Force India","Indian","+1 Lap","marina_bay","Marina Bay Street Circuit","Marina Bay","Singapore",1.2914,103.864,"18"
15,11,4,832,1003,24070,55,12,"8","8",8,4,60,"\N","\N","50","12","1:45.211","173.240",2018,15,"Singapore Grand Prix",2018-09-16,"12:10:00","sainz","55","SAI","Carlos","Sainz",1994-09-01,"Spanish","renault","Renault","French","+1 Lap","marina_bay","Marina Bay Street Circuit","Marina Bay","Singapore",1.2914,103.864,"18"
15,6,1,18,939,22791,22,15,"\N","R",16,0,52,"\N","\N","43","9","1:51.167","164.023",2015,13,"Singapore Grand Prix",2015-09-20,"12:00:00","button","22","BUT","Jenson","Button",1980-01-19,"British","mclaren","McLaren","British","Gearbox","marina_bay","Marina Bay Street Circuit","Marina Bay","Singapore",1.2914,103.864,"18"
15,1,6,20,1003,24065,5,3,"3","3",3,15,61,"+39.984","6711595","48","6","1:44.669","174.137",2018,15,"Singapore Grand Prix",2018-09-16,"12:10:00","vettel","5","VET","Sebastian","Vettel",1987-07-03,"German","ferrari","Ferrari","Italian","Finished","marina_bay","Marina Bay Street Circuit","Marina Bay","Singapore",1.2914,103.864,"18"
15,1,6,20,1024,24486,5,3,"1","1",1,25,61,"1:58:33.667","7113667","57","5","1:44.802","173.916",2019,15,"Singapore Grand Prix",2019-09-22,"12:10:00","vettel","5","VET","Sebastian","Vettel",1987-07-03,"German","ferrari","Ferrari","Italian","Finished","marina_bay","Marina Bay Street Circuit","Marina Bay","Singapore",1.2914,103.864,"18"
15,1,1,18,873,21545,3,4,"2","2",2,18,59,"+8.959 sec","7235103","47","4","1:52.625","162.155",2012,14,"Singapore Grand Prix",2012-09-23,"12:00:00","button","22","BUT","Jenson","Button",1980-01-19,"British","mclaren","McLaren","British","Finished","marina_bay","Marina Bay Street Circuit","Marina Bay","Singapore",1.2914,103.864,"18"
15,12,15,836,982,23653,94,19,"12","12",12,0,56,"\N","\N","56","14","1:49.061","167.190",2017,14,"Singapore Grand Prix",2017-09-17,"12:00:00","wehrlein","94","WEH","Pascal","Wehrlein",1994-10-18,"German","sauber","Sauber","Swiss","+2 Laps","marina_bay","Marina Bay Street Circuit","Marina Bay","Singapore",1.2914,103.864,"18"
15,1,10,807,913,22425,27,13,"9","9",9,2,60,"+1:01.661","7266456","27","10","1:52.762","161.703",2014,14,"Singapore Grand Prix",2014-09-21,"12:00:00","hulkenberg","27","HUL","Nico","Hülkenberg",1987-08-19,"German","force_india","Force India","Indian","Finished","marina_bay","Marina Bay Street Circuit","Marina Bay","Singapore",1.2914,103.864,"18"
15,5,4,807,982,23655,27,7,"\N","R",14,0,48,"\N","\N","37","13","1:48.011","168.816",2017,14,"Singapore Grand Prix",2017-09-17,"12:00:00","hulkenberg","27","HUL","Nico","Hülkenberg",1987-08-19,"German","renault","Renault","French","Engine","marina_bay","Marina Bay Street Circuit","Marina Bay","Singapore",1.2914,103.864,"18"
15,1,131,3,873,21548,8,10,"5","5",5,10,59,"+34.784","7260928","55","12","1:53.897","160.344",2012,14,"Singapore Grand Prix",2012-09-23,"12:00:00","rosberg","6","ROS","Nico","Rosberg",1985-06-27,"German","mercedes","Mercedes","German","Finished","marina_bay","Marina Bay Street Circuit","Marina Bay","Singapore",1.2914,103.864,"18"
15,1,5,830,939,22783,33,8,"8","8",8,4,61,"+51.450","7333568","43","4","1:50.298","165.315",2015,13,"Singapore Grand Prix",2015-09-20,"12:00:00","max_verstappen","33","VER","Max","Verstappen",1997-09-30,"Dutch","toro_rosso","Toro Rosso","Italian","Finished","marina_bay","Marina Bay Street Circuit","Marina Bay","Singapore",1.2914,103.864,"18"
15,11,4,835,962,23239,30,18,"15","15",15,0,60,"\N","\N","36","19","1:51.777","163.128",2016,15,"Singapore Grand Prix",2016-09-18,"12:00:00","jolyon_palmer","30","PAL","Jolyon","Palmer",1991-01-20,"British","renault","Renault","French","+1 Lap","marina_bay","Marina Bay Street Circuit","Marina Bay","Singapore",1.2914,103.864,"18"
15,1,131,1,913,22417,44,1,"1","1",1,25,60,"2:00:04.795","7204795","39","1","1:50.417","165.137",2014,14,"Singapore Grand Prix",2014-09-21,"12:00:00","hamilton","44","HAM","Lewis","Hamilton",1985-01-07,"British","mercedes","Mercedes","German","Finished","marina_bay","Marina Bay Street Circuit","Marina Bay","Singapore",1.2914,103.864,"18"
15,1,211,840,1024,24498,18,16,"13","13",13,0,61,"+36.419","7150086","57","6","1:44.896","173.760",2019,15,"Singapore Grand Prix",2019-09-22,"12:10:00","stroll","18","STR","Lance","Stroll",1998-10-29,"Canadian","racing_point","Racing Point","British","Finished","marina_bay","Marina Bay Street Circuit","Marina Bay","Singapore",1.2914,103.864,"18"
15,1,10,16,893,21985,15,15,"10","10",10,1,61,"+1:24.668","7237800","43","2","1:49.656","166.283",2013,13,"Singapore Grand Prix",2013-09-22,"12:00:00","sutil","99","SUT","Adrian","Sutil",1983-01-11,"German","force_india","Force India","Indian","Finished","marina_bay","Marina Bay Street Circuit","Marina Bay","Singapore",1.2914,103.864,"18"
15,3,6,20,982,23659,5,1,"\N","R",18,0,0,"\N","\N","\N","0","\N","\N",2017,14,"Singapore Grand Prix",2017-09-17,"12:00:00","vettel","5","VET","Sebastian","Vettel",1987-07-03,"German","ferrari","Ferrari","Italian","Accident","marina_bay","Marina Bay Street Circuit","Marina Bay","Singapore",1.2914,103.864,"18"
15,34,9,17,893,21990,2,4,"15","15",15,0,60,"\N","\N","51","3","1:49.783","166.091",2013,13,"Singapore Grand Prix",2013-09-22,"12:00:00","webber","\N","WEB","Mark","Webber",1976-08-27,"Australian","red_bull","Red Bull","Austrian","Water pressure","marina_bay","Marina Bay Street Circuit","Marina Bay","Singapore",1.2914,103.864,"18"
15,1,9,20,893,21976,1,1,"1","1",1,25,61,"1:59:13.132","7153132","46","1","1:48.574","167.940",2013,13,"Singapore Grand Prix",2013-09-22,"12:00:00","vettel","5","VET","Sebastian","Vettel",1987-07-03,"German","red_bull","Red Bull","Austrian","Finished","marina_bay","Marina Bay Street Circuit","Marina Bay","Singapore",1.2914,103.864,"18"
15,1,3,822,939,22780,77,7,"5","5",5,10,61,"+34.204","7316322","49","10","1:51.342","163.765",2015,13,"Singapore Grand Prix",2015-09-20,"12:00:00","bottas","77","BOT","Valtteri","Bottas",1989-08-28,"Finnish","williams","Williams","British","Finished","marina_bay","Marina Bay Street Circuit","Marina Bay","Singapore",1.2914,103.864,"18"
15,1,9,830,1003,24064,33,2,"2","2",2,18,61,"+8.961","6680572","54","5","1:43.345","176.368",2018,15,"Singapore Grand Prix",2018-09-16,"12:10:00","max_verstappen","33","VER","Max","Verstappen",1997-09-30,"Dutch","red_bull","Red Bull","Austrian","Finished","marina_bay","Marina Bay Street Circuit","Marina Bay","Singapore",1.2914,103.864,"18"
15,1,15,831,939,22785,12,16,"10","10",10,1,61,"+1:30.045","7372163","36","15","1:52.566","161.984",2015,13,"Singapore Grand Prix",2015-09-20,"12:00:00","nasr","12","NAS","Felipe","Nasr",1992-08-21,"Brazilian","sauber","Sauber","Swiss","Finished","marina_bay","Marina Bay Street Circuit","Marina Bay","Singapore",1.2914,103.864,"18"
15,1,131,822,1003,24066,77,4,"4","4",4,12,61,"+51.930","6723541","42","8","1:44.720","174.052",2018,15,"Singapore Grand Prix",2018-09-16,"12:10:00","bottas","77","BOT","Valtteri","Bottas",1989-08-28,"Finnish","mercedes","Mercedes","German","Finished","marina_bay","Marina Bay Street Circuit","Marina Bay","Singapore",1.2914,103.864,"18"
15,1,5,832,982,23645,55,10,"4","4",4,12,58,"+22.822","7426366","52","4","1:46.537","171.151",2017,14,"Singapore Grand Prix",2017-09-17,"12:00:00","sainz","55","SAI","Carlos","Sainz",1994-09-01,"Spanish","toro_rosso","Toro Rosso","Italian","Finished","marina_bay","Marina Bay Street Circuit","Marina Bay","Singapore",1.2914,103.864,"18"
15,23,1,18,962,23243,22,12,"\N","R",19,0,43,"\N","\N","18","16","1:51.631","163.341",2016,15,"Singapore Grand Prix",2016-09-18,"12:00:00","button","22","BUT","Jenson","Button",1980-01-19,"British","mclaren","McLaren","British","Brakes","marina_bay","Marina Bay Street Circuit","Marina Bay","Singapore",1.2914,103.864,"18"
15,12,3,845,1003,24081,35,19,"19","19",19,0,59,"\N","\N","48","15","1:45.902","172.110",2018,15,"Singapore Grand Prix",2018-09-16,"12:10:00","sirotkin","35","SIR","Sergey","Sirotkin",1995-08-27,"Russian","williams","Williams","British","+2 Laps","marina_bay","Marina Bay Street Circuit","Marina Bay","Singapore",1.2914,103.864,"18"
15,11,210,821,962,23235,21,13,"11","11",11,0,60,"\N","\N","39","11","1:51.075","164.159",2016,15,"Singapore Grand Prix",2016-09-18,"12:00:00","gutierrez","21","GUT","Esteban","Gutiérrez",1991-08-05,"Mexican","haas","Haas F1 Team","American","+1 Lap","marina_bay","Marina Bay Street Circuit","Marina Bay","Singapore",1.2914,103.864,"18"
15,54,210,154,962,23246,8,20,"\N","W",22,0,0,"\N","\N","\N","0","\N","\N",2016,15,"Singapore Grand Prix",2016-09-18,"12:00:00","grosjean","8","GRO","Romain","Grosjean",1986-04-17,"French","haas","Haas F1 Team","American","Withdrew","marina_bay","Marina Bay Street Circuit","Marina Bay","Singapore",1.2914,103.864,"18"
15,3,5,826,982,23657,26,13,"\N","R",16,0,10,"\N","\N","10","16","2:10.512","139.711",2017,14,"Singapore Grand Prix",2017-09-17,"12:00:00","kvyat","26","KVY","Daniil","Kvyat",1994-04-26,"Russian","toro_rosso","Toro Rosso","Italian","Accident","marina_bay","Marina Bay Street Circuit","Marina Bay","Singapore",1.2914,103.864,"18"
15,1,10,814,873,21547,11,6,"4","4",4,12,59,"+19.063","7245207","54","7","1:52.931","161.716",2012,14,"Singapore Grand Prix",2012-09-23,"12:00:00","resta","\N","DIR","Paul","di Resta",1986-04-16,"British","force_india","Force India","Indian","Finished","marina_bay","Marina Bay Street Circuit","Marina Bay","Singapore",1.2914,103.864,"18"
15,1,9,830,1024,24488,33,4,"3","3",3,15,61,"+3.821","7117488","56","8","1:45.176","173.298",2019,15,"Singapore Grand Prix",2019-09-22,"12:10:00","max_verstappen","33","VER","Max","Verstappen",1997-09-30,"Dutch","red_bull","Red Bull","Austrian","Finished","marina_bay","Marina Bay Street Circuit","Marina Bay","Singapore",1.2914,103.864,"18"
15,1,6,4,854,21091,5,5,"4","4",4,12,61,"+55.449","7202206","58","5","1:50.891","164.691",2011,14,"Singapore Grand Prix",2011-09-25,"12:00:00","alonso","14","ALO","Fernando","Alonso",1981-07-29,"Spanish","ferrari","Ferrari","Italian","Finished","marina_bay","Marina Bay Street Circuit","Marina Bay","Singapore",1.2914,103.864,"18"
15,1,131,1,982,23642,44,5,"1","1",1,25,58,"2:03:23.544","7403544","55","1","1:45.008","173.643",2017,14,"Singapore Grand Prix",2017-09-17,"12:00:00","hamilton","44","HAM","Lewis","Hamilton",1985-01-07,"British","mercedes","Mercedes","German","Finished","marina_bay","Marina Bay Street Circuit","Marina Bay","Singapore",1.2914,103.864,"18"
15,1,210,154,1024,24496,8,17,"11","11",11,0,61,"+35.436","7149103","54","16","1:46.274","171.507",2019,15,"Singapore Grand Prix",2019-09-22,"12:10:00","grosjean","8","GRO","Romain","Grosjean",1986-04-17,"French","haas","Haas F1 Team","American","Finished","marina_bay","Marina Bay Street Circuit","Marina Bay","Singapore",1.2914,103.864,"18"
15,1,6,8,1003,24067,7,5,"5","5",5,10,61,"+53.001","6724612","46","7","1:44.715","174.061",2018,15,"Singapore Grand Prix",2018-09-16,"12:10:00","raikkonen","7","RAI","Kimi","Räikkönen",1979-10-17,"Finnish","ferrari","Ferrari","Italian","Finished","marina_bay","Marina Bay Street Circuit","Marina Bay","Singapore",1.2914,103.864,"18"
15,1,6,4,873,21546,5,5,"3","3",3,15,59,"+15.227","7241371","53","5","1:52.709","162.034",2012,14,"Singapore Grand Prix",2012-09-23,"12:00:00","alonso","14","ALO","Fernando","Alonso",1981-07-29,"Spanish","ferrari","Ferrari","Italian","Finished","marina_bay","Marina Bay Street Circuit","Marina Bay","Singapore",1.2914,103.864,"18"
15,1,208,813,939,22787,13,18,"12","12",12,0,61,"+1:37.718","7379836","57","3","1:50.175","165.500",2015,13,"Singapore Grand Prix",2015-09-20,"12:00:00","maldonado","13","MAL","Pastor","Maldonado",1985-03-09,"Venezuelan","lotus_f1","Lotus F1","British","Finished","marina_bay","Marina Bay Street Circuit","Marina Bay","Singapore",1.2914,103.864,"18"
15,12,209,834,939,22789,53,20,"14","14",14,0,59,"\N","\N","43","19","1:55.312","158.127",2015,13,"Singapore Grand Prix",2015-09-20,"12:00:00","rossi","53","RSS","Alexander","Rossi",1991-09-25,"American","manor","Manor Marussia","British","+2 Laps","marina_bay","Marina Bay Street Circuit","Marina Bay","Singapore",1.2914,103.864,"18"
15,1,4,817,1024,24499,3,20,"14","14",14,0,61,"+37.660","7151327","55","14","1:45.915","172.088",2019,15,"Singapore Grand Prix",2019-09-22,"12:10:00","ricciardo","3","RIC","Daniel","Ricciardo",1989-07-01,"Australian","renault","Renault","French","Finished","marina_bay","Marina Bay Street Circuit","Marina Bay","Singapore",1.2914,103.864,"18"
15,1,207,828,913,22431,9,22,"15","15",15,0,60,"+1:34.188","7298983","14","19","1:55.416","157.985",2014,14,"Singapore Grand Prix",2014-09-21,"12:00:00","ericsson","9","ERI","Marcus","Ericsson",1990-09-02,"Swedish","caterham","Caterham","Malaysian","Finished","marina_bay","Marina Bay Street Circuit","Marina Bay","Singapore",1.2914,103.864,"18"
15,1,3,822,893,21988,17,16,"13","13",13,0,61,"+1:45.161","7258293","53","14","1:51.706","163.232",2013,13,"Singapore Grand Prix",2013-09-22,"12:00:00","bottas","77","BOT","Valtteri","Bottas",1989-08-28,"Finnish","williams","Williams","British","Finished","marina_bay","Marina Bay Street Circuit","Marina Bay","Singapore",1.2914,103.864,"18"
15,1,1,815,893,21983,6,14,"8","8",8,4,61,"+1:23.820","7236952","46","16","1:51.926","162.911",2013,13,"Singapore Grand Prix",2013-09-22,"12:00:00","perez","11","PER","Sergio","Pérez",1990-01-26,"Mexican","mclaren","McLaren","British","Finished","marina_bay","Marina Bay Street Circuit","Marina Bay","Singapore",1.2914,103.864,"18"
15,11,4,807,1003,24072,27,10,"10","10",10,1,60,"\N","\N","53","19","1:46.093","171.800",2018,15,"Singapore Grand Prix",2018-09-16,"12:10:00","hulkenberg","27","HUL","Nico","Hülkenberg",1987-08-19,"German","renault","Renault","French","+1 Lap","marina_bay","Marina Bay Street Circuit","Marina Bay","Singapore",1.2914,103.864,"18"
15,1,15,815,873,21553,15,14,"10","10",10,1,59,"+50.619","7276763","51","6","1:52.778","161.935",2012,14,"Singapore Grand Prix",2012-09-23,"12:00:00","perez","11","PER","Sergio","Pérez",1990-01-26,"Mexican","sauber","Sauber","Swiss","Finished","marina_bay","Marina Bay Street Circuit","Marina Bay","Singapore",1.2914,103.864,"18"
15,25,3,822,962,23244,77,10,"\N","R",20,0,35,"\N","\N","17","13","1:51.368","163.727",2016,15,"Singapore Grand Prix",2016-09-18,"12:00:00","bottas","77","BOT","Valtteri","Bottas",1989-08-28,"Finnish","williams","Williams","British","Overheating","marina_bay","Marina Bay Street Circuit","Marina Bay","Singapore",1.2914,103.864,"18"
15,1,210,825,1024,24502,20,13,"17","17",17,0,61,"+1:26.522","7200189","58","1","1:42.301","178.168",2019,15,"Singapore Grand Prix",2019-09-22,"12:10:00","kevin_magnussen","20","MAG","Kevin","Magnussen",1992-10-05,"Danish","haas","Haas F1 Team","American","Finished","marina_bay","Marina Bay Street Circuit","Marina Bay","Singapore",1.2914,103.864,"18"
15,1,206,824,913,22432,17,19,"16","16",16,0,60,"+1:34.543","7299338","47","14","1:53.538","160.598",2014,14,"Singapore Grand Prix",2014-09-21,"12:00:00","jules_bianchi","17","BIA","Jules","Bianchi",1989-08-03,"French","marussia","Marussia","Russian","Finished","marina_bay","Marina Bay Street Circuit","Marina Bay","Singapore",1.2914,103.864,"18"
15,11,206,820,893,21992,23,22,"17","17",17,0,60,"\N","\N","50","21","1:53.041","161.304",2013,13,"Singapore Grand Prix",2013-09-22,"12:00:00","chilton","4","CHI","Max","Chilton",1991-04-21,"British","marussia","Marussia","Russian","+1 Lap","marina_bay","Marina Bay Street Circuit","Marina Bay","Singapore",1.2914,103.864,"18"
15,12,210,825,1003,24080,20,16,"18","18",18,0,59,"\N","\N","50","1","1:41.905","178.860",2018,15,"Singapore Grand Prix",2018-09-16,"12:10:00","kevin_magnussen","20","MAG","Kevin","Magnussen",1992-10-05,"Danish","haas","Haas F1 Team","American","+2 Laps","marina_bay","Marina Bay Street Circuit","Marina Bay","Singapore",1.2914,103.864,"18"
15,11,15,844,1003,24071,16,13,"9","9",9,2,60,"\N","\N","57","11","1:45.203","173.253",2018,15,"Singapore Grand Prix",2018-09-16,"12:10:00","leclerc","16","LEC","Charles","Leclerc",1997-10-16,"Monegasque","sauber","Sauber","Swiss","+1 Lap","marina_bay","Marina Bay Street Circuit","Marina Bay","Singapore",1.2914,103.864,"18"
15,11,15,828,1003,24073,9,14,"11","11",11,0,60,"\N","\N","50","10","1:45.169","173.309",2018,15,"Singapore Grand Prix",2018-09-16,"12:10:00","ericsson","9","ERI","Marcus","Ericsson",1990-09-02,"Swedish","sauber","Sauber","Swiss","+1 Lap","marina_bay","Marina Bay Street Circuit","Marina Bay","Singapore",1.2914,103.864,"18"
15,1,1,4,962,23231,14,9,"7","7",7,6,61,"+1:29.198","7038148","49","12","1:51.249","163.902",2016,15,"Singapore Grand Prix",2016-09-18,"12:00:00","alonso","14","ALO","Fernando","Alonso",1981-07-29,"Spanish","mclaren","McLaren","British","Finished","marina_bay","Marina Bay Street Circuit","Marina Bay","Singapore",1.2914,103.864,"18"
15,1,6,844,1024,24487,16,1,"2","2",2,18,61,"+2.641","7116308","59","4","1:44.723","174.047",2019,15,"Singapore Grand Prix",2019-09-22,"12:10:00","leclerc","16","LEC","Charles","Leclerc",1997-10-16,"Monegasque","ferrari","Ferrari","Italian","Finished","marina_bay","Marina Bay Street Circuit","Marina Bay","Singapore",1.2914,103.864,"18"
15,6,205,15,854,21109,21,20,"\N","R",22,0,47,"\N","\N","25","20","1:57.126","155.924",2011,14,"Singapore Grand Prix",2011-09-25,"12:00:00","trulli","\N","TRU","Jarno","Trulli",1974-07-13,"Italian","lotus_racing","Lotus","Malaysian","Gearbox","marina_bay","Marina Bay Street Circuit","Marina Bay","Singapore",1.2914,103.864,"18"
15,1,9,17,854,21090,2,2,"3","3",3,15,61,"+29.279","7176036","54","3","1:50.088","165.892",2011,14,"Singapore Grand Prix",2011-09-25,"12:00:00","webber","\N","WEB","Mark","Webber",1976-08-27,"Australian","red_bull","Red Bull","Austrian","Finished","marina_bay","Marina Bay Street Circuit","Marina Bay","Singapore",1.2914,103.864,"18"
15,1,6,4,913,22420,14,5,"4","4",4,12,60,"+15.389","7220184","27","6","1:52.115","162.636",2014,14,"Singapore Grand Prix",2014-09-21,"12:00:00","alonso","14","ALO","Fernando","Alonso",1981-07-29,"Spanish","ferrari","Ferrari","Italian","Finished","marina_bay","Marina Bay Street Circuit","Marina Bay","Singapore",1.2914,103.864,"18"
15,1,9,17,873,21554,2,7,"11","11",11,0,59,"+87.175","7313319","53","10","1:53.726","160.585",2012,14,"Singapore Grand Prix",2012-09-23,"12:00:00","webber","\N","WEB","Mark","Webber",1976-08-27,"Australian","red_bull","Red Bull","Austrian","Finished","marina_bay","Marina Bay Street Circuit","Marina Bay","Singapore",1.2914,103.864,"18"
15,1,3,13,913,22421,19,6,"5","5",5,10,60,"+42.161","7246956","27","13","1:53.283","160.959",2014,14,"Singapore Grand Prix",2014-09-21,"12:00:00","massa","19","MAS","Felipe","Massa",1981-04-25,"Brazilian","williams","Williams","British","Finished","marina_bay","Marina Bay Street Circuit","Marina Bay","Singapore",1.2914,103.864,"18"
15,1,5,826,1024,24500,26,14,"15","15",15,0,61,"+38.178","7151845","57","3","1:44.371","174.634",2019,15,"Singapore Grand Prix",2019-09-22,"12:10:00","kvyat","26","KVY","Daniil","Kvyat",1994-04-26,"Russian","toro_rosso","Toro Rosso","Italian","Finished","marina_bay","Marina Bay Street Circuit","Marina Bay","Singapore",1.2914,103.864,"18"
15,11,207,823,893,21991,21,20,"16","16",16,0,60,"\N","\N","44","19","1:52.472","162.120",2013,13,"Singapore Grand Prix",2013-09-22,"12:00:00","garde","\N","VDG","Giedo","van der Garde",1985-04-25,"Dutch","caterham","Caterham","Malaysian","+1 Lap","marina_bay","Marina Bay Street Circuit","Marina Bay","Singapore",1.2914,103.864,"18"
15,14,164,24,854,21107,23,24,"20","20",20,0,57,"\N","\N","41","21","1:58.283","154.399",2011,14,"Singapore Grand Prix",2011-09-25,"12:00:00","liuzzi","\N","LIU","Vitantonio","Liuzzi",1980-08-06,"Italian","hrt","HRT","Spanish","+4 Laps","marina_bay","Marina Bay Street Circuit","Marina Bay","Singapore",1.2914,103.864,"18"
15,3,5,153,854,21108,19,16,"21","21",21,0,56,"\N","\N","37","11","1:53.676","160.656",2011,14,"Singapore Grand Prix",2011-09-25,"12:00:00","alguersuari","\N","ALG","Jaime","Alguersuari",1990-03-23,"Spanish","toro_rosso","Toro Rosso","Italian","Accident","marina_bay","Marina Bay Street Circuit","Marina Bay","Singapore",1.2914,103.864,"18"
15,1,9,817,913,22419,3,3,"3","3",3,15,60,"+14.273","7219068","30","9","1:52.569","161.980",2014,14,"Singapore Grand Prix",2014-09-21,"12:00:00","ricciardo","3","RIC","Daniel","Ricciardo",1989-07-01,"Australian","red_bull","Red Bull","Austrian","Finished","marina_bay","Marina Bay Street Circuit","Marina Bay","Singapore",1.2914,103.864,"18"
15,10,131,3,913,22437,6,2,"\N","R",21,0,13,"\N","\N","5","21","1:56.769","156.154",2014,14,"Singapore Grand Prix",2014-09-21,"12:00:00","rosberg","6","ROS","Nico","Rosberg",1985-06-27,"German","mercedes","Mercedes","German","Electrical","marina_bay","Marina Bay Street Circuit","Marina Bay","Singapore",1.2914,103.864,"18"
15,1,15,821,893,21987,12,10,"12","12",12,0,61,"+1:37.894","7251026","37","17","1:52.007","162.793",2013,13,"Singapore Grand Prix",2013-09-22,"12:00:00","gutierrez","21","GUT","Esteban","Gutiérrez",1991-08-05,"Mexican","sauber","Sauber","Swiss","Finished","marina_bay","Marina Bay Street Circuit","Marina Bay","Singapore",1.2914,103.864,"18"
15,1,15,807,893,21984,11,11,"9","9",9,2,61,"+1:24.261","7237393","47","18","1:52.186","162.533",2013,13,"Singapore Grand Prix",2013-09-22,"12:00:00","hulkenberg","27","HUL","Nico","Hülkenberg",1987-08-19,"German","sauber","Sauber","Swiss","Finished","marina_bay","Marina Bay Street Circuit","Marina Bay","Singapore",1.2914,103.864,"18"
15,1,10,839,982,23651,31,14,"10","10",10,1,58,"+44.795","7448339","52","12","1:47.677","169.339",2017,14,"Singapore Grand Prix",2017-09-17,"12:00:00","ocon","31","OCO","Esteban","Ocon",1996-09-17,"French","force_india","Force India","Indian","Finished","marina_bay","Marina Bay Street Circuit","Marina Bay","Singapore",1.2914,103.864,"18"
15,1,10,815,913,22423,11,15,"7","7",7,6,60,"+59.038","7263833","46","5","1:52.007","162.793",2014,14,"Singapore Grand Prix",2014-09-21,"12:00:00","perez","11","PER","Sergio","Pérez",1990-01-26,"Mexican","force_india","Force India","Indian","Finished","marina_bay","Marina Bay Street Circuit","Marina Bay","Singapore",1.2914,103.864,"18"
15,1,131,1,1003,24063,44,1,"1","1",1,25,61,"1:51:11.611","6671611","56","2","1:42.913","177.108",2018,15,"Singapore Grand Prix",2018-09-16,"12:10:00","hamilton","44","HAM","Lewis","Hamilton",1985-01-07,"British","mercedes","Mercedes","German","Finished","marina_bay","Marina Bay Street Circuit","Marina Bay","Singapore",1.2914,103.864,"18"
15,1,1,18,854,21089,4,3,"2","2",2,18,61,"+1.737","7148494","54","1","1:48.454","168.392",2011,14,"Singapore Grand Prix",2011-09-25,"12:00:00","button","22","BUT","Jenson","Button",1980-01-19,"British","mclaren","McLaren","British","Finished","marina_bay","Marina Bay Street Circuit","Marina Bay","Singapore",1.2914,103.864,"18"
15,1,208,8,893,21978,7,13,"3","3",3,15,61,"+43.920","7197052","55","13","1:51.140","164.063",2013,13,"Singapore Grand Prix",2013-09-22,"12:00:00","raikkonen","7","RAI","Kimi","Räikkönen",1979-10-17,"Finnish","lotus_f1","Lotus F1","British","Finished","marina_bay","Marina Bay Street Circuit","Marina Bay","Singapore",1.2914,103.864,"18"
15,130,1,4,982,23658,14,8,"\N","R",17,0,8,"\N","\N","6","17","2:13.579","136.503",2017,14,"Singapore Grand Prix",2017-09-17,"12:00:00","alonso","14","ALO","Fernando","Alonso",1981-07-29,"Spanish","mclaren","McLaren","British","Collision damage","marina_bay","Marina Bay Street Circuit","Marina Bay","Singapore",1.2914,103.864,"18"
15,1,208,813,913,22428,13,18,"12","12",12,0,60,"+1:06.915","7271710","26","12","1:53.213","161.059",2014,14,"Singapore Grand Prix",2014-09-21,"12:00:00","maldonado","13","MAL","Pastor","Maldonado",1985-03-09,"Venezuelan","lotus_f1","Lotus F1","British","Finished","marina_bay","Marina Bay Street Circuit","Marina Bay","Singapore",1.2914,103.864,"18"
15,3,131,30,854,21110,7,8,"\N","R",23,0,28,"\N","\N","26","9","1:53.096","161.480",2011,14,"Singapore Grand Prix",2011-09-25,"12:00:00","michael_schumacher","\N","MSC","Michael","Schumacher",1969-01-03,"German","mercedes","Mercedes","German","Accident","marina_bay","Marina Bay Street Circuit","Marina Bay","Singapore",1.2914,103.864,"18"
15,1,1,838,982,23648,2,9,"7","7",7,6,58,"+30.388","7433932","57","6","1:46.722","170.855",2017,14,"Singapore Grand Prix",2017-09-17,"12:00:00","vandoorne","2","VAN","Stoffel","Vandoorne",1992-03-26,"Belgian","mclaren","McLaren","British","Finished","marina_bay","Marina Bay Street Circuit","Marina Bay","Singapore",1.2914,103.864,"18"
15,1,3,9,1024,24501,88,19,"16","16",16,0,61,"+47.024","7160691","59","18","1:46.793","170.674",2019,15,"Singapore Grand Prix",2019-09-22,"12:10:00","kubica","88","KUB","Robert","Kubica",1984-12-07,"Polish","williams","Williams","British","Finished","marina_bay","Marina Bay Street Circuit","Marina Bay","Singapore",1.2914,103.864,"18"
15,1,9,20,913,22418,1,4,"2","2",2,18,60,"+13.534","7218329","27","8","1:52.519","162.052",2014,14,"Singapore Grand Prix",2014-09-21,"12:00:00","vettel","5","VET","Sebastian","Vettel",1987-07-03,"German","red_bull","Red Bull","Austrian","Finished","marina_bay","Marina Bay Street Circuit","Marina Bay","Singapore",1.2914,103.864,"18"
15,3,166,10,854,21111,24,21,"\N","R",24,0,9,"\N","\N","6","24","2:00.412","151.669",2011,14,"Singapore Grand Prix",2011-09-25,"12:00:00","glock","\N","GLO","Timo","Glock",1982-03-18,"German","virgin","Virgin","British","Accident","marina_bay","Marina Bay Street Circuit","Marina Bay","Singapore",1.2914,103.864,"18"
15,1,6,4,893,21977,3,7,"2","2",2,18,61,"+32.627","7185759","44","11","1:51.082","164.149",2013,13,"Singapore Grand Prix",2013-09-22,"12:00:00","alonso","14","ALO","Fernando","Alonso",1981-07-29,"Spanish","ferrari","Ferrari","Italian","Finished","marina_bay","Marina Bay Street Circuit","Marina Bay","Singapore",1.2914,103.864,"18"
15,11,5,843,1003,24079,28,17,"17","17",17,0,60,"\N","\N","38","9","1:44.889","173.772",2018,15,"Singapore Grand Prix",2018-09-16,"12:10:00","brendon_hartley","28","HAR","Brendon","Hartley",1989-11-10,"New Zealander","toro_rosso","Toro Rosso","Italian","+1 Lap","marina_bay","Marina Bay Street Circuit","Marina Bay","Singapore",1.2914,103.864,"18"
15,1,6,8,962,23228,7,5,"4","4",4,12,61,"+10.219","6959169","51","4","1:48.204","168.515",2016,15,"Singapore Grand Prix",2016-09-18,"12:00:00","raikkonen","7","RAI","Kimi","Räikkönen",1979-10-17,"Finnish","ferrari","Ferrari","Italian","Finished","marina_bay","Marina Bay Street Circuit","Marina Bay","Singapore",1.2914,103.864,"18"
15,4,3,847,1024,24505,63,18,"\N","R",20,0,34,"\N","\N","29","20","1:48.285","168.322",2019,15,"Singapore Grand Prix",2019-09-22,"12:10:00","russell","63","RUS","George","Russell",1998-02-15,"British","williams","Williams","British","Collision","marina_bay","Marina Bay Street Circuit","Marina Bay","Singapore",1.2914,103.864,"18"
15,11,3,813,854,21098,12,13,"11","11",11,0,60,"\N","\N","50","10","1:53.198","161.335",2011,14,"Singapore Grand Prix",2011-09-25,"12:00:00","maldonado","13","MAL","Pastor","Maldonado",1985-03-09,"Venezuelan","williams","Williams","British","+1 Lap","marina_bay","Marina Bay Street Circuit","Marina Bay","Singapore",1.2914,103.864,"18"
15,11,10,815,1003,24078,11,7,"16","16",16,0,60,"\N","\N","48","13","1:45.389","172.947",2018,15,"Singapore Grand Prix",2018-09-16,"12:10:00","perez","11","PER","Sergio","Pérez",1990-01-26,"Mexican","force_india","Force India","Indian","+1 Lap","marina_bay","Marina Bay Street Circuit","Marina Bay","Singapore",1.2914,103.864,"18"
15,1,210,154,982,23650,8,15,"9","9",9,2,58,"+43.282","7446826","54","11","1:47.637","169.402",2017,14,"Singapore Grand Prix",2017-09-17,"12:00:00","grosjean","8","GRO","Romain","Grosjean",1986-04-17,"French","haas","Haas F1 Team","American","Finished","marina_bay","Marina Bay Street Circuit","Marina Bay","Singapore",1.2914,103.864,"18"
15,1,6,8,939,22778,7,3,"3","3",3,15,61,"+17.154","7299272","48","5","1:50.341","165.251",2015,13,"Singapore Grand Prix",2015-09-20,"12:00:00","raikkonen","7","RAI","Kimi","Räikkönen",1979-10-17,"Finnish","ferrari","Ferrari","Italian","Finished","marina_bay","Marina Bay Street Circuit","Marina Bay","Singapore",1.2914,103.864,"18"
15,12,209,829,939,22790,28,19,"15","15",15,0,59,"\N","\N","45","20","1:55.890","157.338",2015,13,"Singapore Grand Prix",2015-09-20,"12:00:00","stevens","28","STE","Will","Stevens",1991-06-28,"British","manor","Manor Marussia","British","+2 Laps","marina_bay","Marina Bay Street Circuit","Marina Bay","Singapore",1.2914,103.864,"18"
15,1,131,3,962,23225,6,1,"1","1",1,25,61,"1:55:48.950","6948950","38","6","1:50.296","165.318",2016,15,"Singapore Grand Prix",2016-09-18,"12:00:00","rosberg","6","ROS","Nico","Rosberg",1985-06-27,"German","mercedes","Mercedes","German","Finished","marina_bay","Marina Bay Street Circuit","Marina Bay","Singapore",1.2914,103.864,"18"
15,1,4,807,1024,24494,27,8,"9","9",9,2,61,"+16.718","7130385","59","12","1:45.765","172.333",2019,15,"Singapore Grand Prix",2019-09-22,"12:10:00","hulkenberg","27","HUL","Nico","Hülkenberg",1987-08-19,"German","renault","Renault","French","Finished","marina_bay","Marina Bay Street Circuit","Marina Bay","Singapore",1.2914,103.864,"18"
15,11,5,842,1003,24075,10,15,"13","13",13,0,60,"\N","\N","56","18","1:46.063","171.848",2018,15,"Singapore Grand Prix",2018-09-16,"12:10:00","gasly","10","GAS","Pierre","Gasly",1996-02-07,"French","toro_rosso","Toro Rosso","Italian","+1 Lap","marina_bay","Marina Bay Street Circuit","Marina Bay","Singapore",1.2914,103.864,"18"
15,31,1,18,913,22434,22,11,"\N","R",18,0,52,"\N","\N","16","16","1:53.707","160.359",2014,14,"Singapore Grand Prix",2014-09-21,"12:00:00","button","22","BUT","Jenson","Button",1980-01-19,"British","mclaren","McLaren","British","Retired","marina_bay","Marina Bay Street Circuit","Marina Bay","Singapore",1.2914,103.864,"18"
15,1,131,1,962,23227,44,3,"3","3",3,15,61,"+8.038","6956988","52","3","1:47.752","169.221",2016,15,"Singapore Grand Prix",2016-09-18,"12:00:00","hamilton","44","HAM","Lewis","Hamilton",1985-01-07,"British","mercedes","Mercedes","German","Finished","marina_bay","Marina Bay Street Circuit","Marina Bay","Singapore",1.2914,103.864,"18"
15,1,208,154,873,21550,10,8,"7","7",7,6,59,"+36.698","7262842","56","14","1:54.123","160.027",2012,14,"Singapore Grand Prix",2012-09-23,"12:00:00","grosjean","8","GRO","Romain","Grosjean",1986-04-17,"French","lotus_f1","Lotus F1","British","Finished","marina_bay","Marina Bay Street Circuit","Marina Bay","Singapore",1.2914,103.864,"18"
15,1,1,18,893,21982,5,8,"7","7",7,6,61,"+1:23.354","7236486","46","15","1:51.740","163.182",2013,13,"Singapore Grand Prix",2013-09-22,"12:00:00","button","22","BUT","Jenson","Button",1980-01-19,"British","mclaren","McLaren","British","Finished","marina_bay","Marina Bay Street Circuit","Marina Bay","Singapore",1.2914,103.864,"18"
15,12,209,839,962,23242,31,21,"18","18",18,0,59,"\N","\N","47","18","1:51.748","163.170",2016,15,"Singapore Grand Prix",2016-09-18,"12:00:00","ocon","31","OCO","Esteban","Ocon",1996-09-17,"French","manor","Manor Marussia","British","+2 Laps","marina_bay","Marina Bay Street Circuit","Marina Bay","Singapore",1.2914,103.864,"18"
15,12,207,808,873,21562,21,18,"19","19",19,0,57,"\N","\N","44","17","1:55.140","158.613",2012,14,"Singapore Grand Prix",2012-09-23,"12:00:00","petrov","\N","PET","Vitaly","Petrov",1984-09-08,"Russian","caterham","Caterham","Malaysian","+2 Laps","marina_bay","Marina Bay Street Circuit","Marina Bay","Singapore",1.2914,103.864,"18"
15,1,3,840,982,23649,18,18,"8","8",8,4,58,"+41.696","7445240","55","9","1:47.512","169.599",2017,14,"Singapore Grand Prix",2017-09-17,"12:00:00","stroll","18","STR","Lance","Stroll",1998-10-29,"Canadian","williams","Williams","British","Finished","marina_bay","Marina Bay Street Circuit","Marina Bay","Singapore",1.2914,103.864,"18"
15,1,131,3,893,21979,9,2,"4","4",4,12,61,"+51.155","7204287","51","6","1:50.353","165.233",2013,13,"Singapore Grand Prix",2013-09-22,"12:00:00","rosberg","6","ROS","Nico","Rosberg",1985-06-27,"German","mercedes","Mercedes","German","Finished","marina_bay","Marina Bay Street Circuit","Marina Bay","Singapore",1.2914,103.864,"18"
15,1,9,817,982,23643,3,3,"2","2",2,18,58,"+4.507","7408051","57","2","1:45.301","173.160",2017,14,"Singapore Grand Prix",2017-09-17,"12:00:00","ricciardo","3","RIC","Daniel","Ricciardo",1989-07-01,"Australian","red_bull","Red Bull","Austrian","Finished","marina_bay","Marina Bay Street Circuit","Marina Bay","Singapore",1.2914,103.864,"18"
15,6,1,4,939,22792,14,12,"\N","R",17,0,33,"\N","\N","27","16","1:53.325","160.900",2015,13,"Singapore Grand Prix",2015-09-20,"12:00:00","alonso","14","ALO","Fernando","Alonso",1981-07-29,"Spanish","mclaren","McLaren","British","Gearbox","marina_bay","Marina Bay Street Circuit","Marina Bay","Singapore",1.2914,103.864,"18"
15,1,3,13,982,23652,19,17,"11","11",11,0,58,"+46.536","7450080","58","8","1:47.055","170.323",2017,14,"Singapore Grand Prix",2017-09-17,"12:00:00","massa","19","MAS","Felipe","Massa",1981-04-25,"Brazilian","williams","Williams","British","Finished","marina_bay","Marina Bay Street Circuit","Marina Bay","Singapore",1.2914,103.864,"18"
15,1,5,826,962,23233,26,7,"9","9",9,2,61,"+1:51.557","7060507","39","9","1:50.944","164.353",2016,15,"Singapore Grand Prix",2016-09-18,"12:00:00","kvyat","26","KVY","Daniil","Kvyat",1994-04-26,"Russian","toro_rosso","Toro Rosso","Italian","Finished","marina_bay","Marina Bay Street Circuit","Marina Bay","Singapore",1.2914,103.864,"18"
15,1,1,832,1024,24497,55,7,"12","12",12,0,61,"+35.974","7149641","41","15","1:45.969","172.001",2019,15,"Singapore Grand Prix",2019-09-22,"12:10:00","sainz","55","SAI","Carlos","Sainz",1994-09-01,"Spanish","mclaren","McLaren","British","Finished","marina_bay","Marina Bay Street Circuit","Marina Bay","Singapore",1.2914,103.864,"18"
15,11,15,828,962,23241,9,14,"17","17",17,0,60,"\N","\N","27","10","1:50.963","164.325",2016,15,"Singapore Grand Prix",2016-09-18,"12:00:00","ericsson","9","ERI","Marcus","Ericsson",1990-09-02,"Swedish","sauber","Sauber","Swiss","+1 Lap","marina_bay","Marina Bay Street Circuit","Marina Bay","Singapore",1.2914,103.864,"18"
15,4,10,807,962,23245,27,8,"\N","R",21,0,0,"\N","\N","\N","0","\N","\N",2016,15,"Singapore Grand Prix",2016-09-18,"12:00:00","hulkenberg","27","HUL","Nico","Hülkenberg",1987-08-19,"German","force_india","Force India","Indian","Collision","marina_bay","Marina Bay Street Circuit","Marina Bay","Singapore",1.2914,103.864,"18"
15,1,4,825,962,23234,20,15,"10","10",10,1,61,"+1:59.952","7068902","44","8","1:50.858","164.480",2016,15,"Singapore Grand Prix",2016-09-18,"12:00:00","kevin_magnussen","20","MAG","Kevin","Magnussen",1992-10-05,"Danish","renault","Renault","French","Finished","marina_bay","Marina Bay Street Circuit","Marina Bay","Singapore",1.2914,103.864,"18"
15,12,15,155,854,21101,16,17,"14","14",14,0,59,"\N","\N","56","6","1:51.329","164.043",2011,14,"Singapore Grand Prix",2011-09-25,"12:00:00","kobayashi","10","KOB","Kamui","Kobayashi",1986-09-13,"Japanese","sauber","Sauber","Swiss","+2 Laps","marina_bay","Marina Bay Street Circuit","Marina Bay","Singapore",1.2914,103.864,"18"
15,1,207,5,873,21558,20,19,"15","15",15,0,59,"+107.967","7334111","48","18","1:55.233","158.485",2012,14,"Singapore Grand Prix",2012-09-23,"12:00:00","kovalainen","\N","KOV","Heikki","Kovalainen",1981-10-19,"Finnish","caterham","Caterham","Malaysian","Finished","marina_bay","Marina Bay Street Circuit","Marina Bay","Singapore",1.2914,103.864,"18"
15,1,10,814,854,21093,15,10,"6","6",6,8,61,"+1:51.067","7257824","41","15","1:54.239","159.864",2011,14,"Singapore Grand Prix",2011-09-25,"12:00:00","resta","\N","DIR","Paul","di Resta",1986-04-16,"British","force_india","Force India","Indian","Finished","marina_bay","Marina Bay Street Circuit","Marina Bay","Singapore",1.2914,103.864,"18"
15,1,10,815,962,23232,11,17,"8","8",8,4,61,"+1:51.062","7060012","34","15","1:51.517","163.508",2016,15,"Singapore Grand Prix",2016-09-18,"12:00:00","perez","11","PER","Sergio","Pérez",1990-01-26,"Mexican","force_india","Force India","Indian","Finished","marina_bay","Marina Bay Street Circuit","Marina Bay","Singapore",1.2914,103.864,"18"
15,1,1,846,1024,24492,4,9,"7","7",7,6,61,"+14.769","7128436","58","11","1:45.716","172.412",2019,15,"Singapore Grand Prix",2019-09-22,"12:10:00","norris","4","NOR","Lando","Norris",1999-11-13,"British","mclaren","McLaren","British","Finished","marina_bay","Marina Bay Street Circuit","Marina Bay","Singapore",1.2914,103.864,"18"
15,1,9,20,873,21544,1,3,"1","1",1,25,59,"2:00:26.144","7226144","50","3","1:52.134","162.865",2012,14,"Singapore Grand Prix",2012-09-23,"12:00:00","vettel","5","VET","Sebastian","Vettel",1987-07-03,"German","red_bull","Red Bull","Austrian","Finished","marina_bay","Marina Bay Street Circuit","Marina Bay","Singapore",1.2914,103.864,"18"
17,1,9,17,843,20827,2,18,"3","3",3,15,56,"+7.555","5825781","42","1","1:38.993","198.232",2011,3,"Chinese Grand Prix",2011-04-17,"07:00:00","webber","\N","WEB","Mark","Webber",1976-08-27,"Australian","red_bull","Red Bull","Austrian","Finished","shanghai","Shanghai International Circuit","Shanghai","China",31.3389,121.22,"5"
17,11,206,824,903,22212,17,19,"17","17",17,0,53,"\N","\N","36","21","1:44.825","187.203",2014,4,"Chinese Grand Prix",2014-04-20,"07:00:00","jules_bianchi","17","BIA","Jules","Bianchi",1989-08-03,"French","marussia","Marussia","Russian","+1 Lap","shanghai","Shanghai International Circuit","Shanghai","China",31.3389,121.22,"5"
17,1,6,20,928,22578,5,3,"3","3",3,15,56,"+2.988","5984996","15","5","1:43.018","190.487",2015,3,"Chinese Grand Prix",2015-04-12,"06:00:00","vettel","5","VET","Sebastian","Vettel",1987-07-03,"German","ferrari","Ferrari","Italian","Finished","shanghai","Shanghai International Circuit","Shanghai","China",31.3389,121.22,"5"
17,1,131,3,928,22577,6,2,"2","2",2,18,56,"+0.714","5982722","39","2","1:42.565","191.328",2015,3,"Chinese Grand Prix",2015-04-12,"06:00:00","rosberg","6","ROS","Nico","Rosberg",1985-06-27,"German","mercedes","Mercedes","German","Finished","shanghai","Shanghai International Circuit","Shanghai","China",31.3389,121.22,"5"
17,1,131,822,970,23404,77,3,"6","6",6,8,56,"+48.808","5904966","41","3","1:35.849","204.734",2017,2,"Chinese Grand Prix",2017-04-09,"06:00:00","bottas","77","BOT","Valtteri","Bottas",1989-08-28,"Finnish","mercedes","Mercedes","German","Finished","shanghai","Shanghai International Circuit","Shanghai","China",31.3389,121.22,"5"
17,1,131,1,970,23399,44,1,"1","1",1,25,56,"1:37:36.158","5856158","44","1","1:35.378","205.745",2017,2,"Chinese Grand Prix",2017-04-09,"06:00:00","hamilton","44","HAM","Lewis","Hamilton",1985-01-07,"British","mercedes","Mercedes","German","Finished","shanghai","Shanghai International Circuit","Shanghai","China",31.3389,121.22,"5"
17,1,131,1,991,23825,44,4,"4","4",4,12,56,"+16.985","5753365","20","4","1:36.878","202.559",2018,3,"Chinese Grand Prix",2018-04-15,"06:10:00","hamilton","44","HAM","Lewis","Hamilton",1985-01-07,"British","mercedes","Mercedes","German","Finished","shanghai","Shanghai International Circuit","Shanghai","China",31.3389,121.22,"5"
17,1,9,17,862,21283,2,6,"4","4",4,12,56,"+27.924","5814853","52","5","1:40.490","195.279",2012,3,"Chinese Grand Prix",2012-04-15,"07:00:00","webber","\N","WEB","Mark","Webber",1976-08-27,"Australian","red_bull","Red Bull","Austrian","Finished","shanghai","Shanghai International Circuit","Shanghai","China",31.3389,121.22,"5"
17,11,210,154,970,23409,8,19,"11","11",11,0,55,"\N","\N","50","12","1:37.551","201.162",2017,2,"Chinese Grand Prix",2017-04-09,"06:00:00","grosjean","8","GRO","Romain","Grosjean",1986-04-17,"French","haas","Haas F1 Team","American","+1 Lap","shanghai","Shanghai International Circuit","Shanghai","China",31.3389,121.22,"5"
17,1,1,1,843,20825,3,3,"1","1",1,25,56,"1:36:58.226","5818226","48","2","1:40.415","195.424",2011,3,"Chinese Grand Prix",2011-04-17,"07:00:00","hamilton","44","HAM","Lewis","Hamilton",1985-01-07,"British","mclaren","McLaren","British","Finished","shanghai","Shanghai International Circuit","Shanghai","China",31.3389,121.22,"5"
17,1,6,8,903,22203,7,11,"8","8",8,4,54,"+1:16.335","5684673","34","8","1:42.300","191.824",2014,4,"Chinese Grand Prix",2014-04-20,"07:00:00","raikkonen","7","RAI","Kimi","Räikkönen",1979-10-17,"Finnish","ferrari","Ferrari","Italian","Finished","shanghai","Shanghai International Circuit","Shanghai","China",31.3389,121.22,"5"
17,1,4,807,991,23827,27,7,"6","6",6,8,56,"+21.052","5757432","56","5","1:36.881","202.553",2018,3,"Chinese Grand Prix",2018-04-15,"06:10:00","hulkenberg","27","HUL","Nico","Hülkenberg",1987-08-19,"German","renault","Renault","French","Finished","shanghai","Shanghai International Circuit","Shanghai","China",31.3389,121.22,"5"
17,1,131,1,950,22967,44,22,"7","7",7,6,56,"+1:18.230","6012121","32","10","1:40.662","194.945",2016,3,"Chinese Grand Prix",2016-04-17,"06:00:00","hamilton","44","HAM","Lewis","Hamilton",1985-01-07,"British","mercedes","Mercedes","German","Finished","shanghai","Shanghai International Circuit","Shanghai","China",31.3389,121.22,"5"
17,1,6,20,991,23829,5,1,"8","8",8,4,56,"+35.286","5771666","24","9","1:37.479","201.311",2018,3,"Chinese Grand Prix",2018-04-15,"06:10:00","vettel","5","VET","Sebastian","Vettel",1987-07-03,"German","ferrari","Ferrari","Italian","Finished","shanghai","Shanghai International Circuit","Shanghai","China",31.3389,121.22,"5"
17,12,164,39,843,20847,22,24,"23","23",23,0,54,"\N","\N","41","24","1:46.081","184.986",2011,3,"Chinese Grand Prix",2011-04-17,"07:00:00","karthikeyan","\N","KAR","Narain","Karthikeyan",1977-01-14,"Indian","hrt","HRT","Spanish","+2 Laps","shanghai","Shanghai International Circuit","Shanghai","China",31.3389,121.22,"5"
17,1,15,155,862,21289,14,3,"10","10",10,1,56,"+38.720","5825649","40","1","1:39.960","196.314",2012,3,"Chinese Grand Prix",2012-04-15,"07:00:00","kobayashi","10","KOB","Kamui","Kobayashi",1986-09-13,"Japanese","sauber","Sauber","Swiss","Finished","shanghai","Shanghai International Circuit","Shanghai","China",31.3389,121.22,"5"
17,11,207,808,862,21297,21,19,"18","18",18,0,55,"\N","\N","38","19","1:42.385","191.664",2012,3,"Chinese Grand Prix",2012-04-15,"07:00:00","petrov","\N","PET","Vitaly","Petrov",1984-09-08,"Russian","caterham","Caterham","Malaysian","+1 Lap","shanghai","Shanghai International Circuit","Shanghai","China",31.3389,121.22,"5"
17,4,3,840,970,23418,18,10,"\N","R",20,0,0,"\N","\N","\N","0","\N","\N",2017,2,"Chinese Grand Prix",2017-04-09,"06:00:00","stroll","18","STR","Lance","Stroll",1998-10-29,"Canadian","williams","Williams","British","Collision","shanghai","Shanghai International Circuit","Shanghai","China",31.3389,121.22,"5"
17,1,5,842,991,23839,10,17,"18","18",18,0,56,"+1:06.330","5802710","54","15","1:38.367","199.493",2018,3,"Chinese Grand Prix",2018-04-15,"06:10:00","gasly","10","GAS","Pierre","Gasly",1996-02-07,"French","toro_rosso","Toro Rosso","Italian","Finished","shanghai","Shanghai International Circuit","Shanghai","China",31.3389,121.22,"5"
17,6,208,154,903,22216,8,10,"\N","R",21,0,28,"\N","\N","4","20","1:44.366","188.026",2014,4,"Chinese Grand Prix",2014-04-20,"07:00:00","grosjean","8","GRO","Romain","Grosjean",1986-04-17,"French","lotus_f1","Lotus F1","British","Gearbox","shanghai","Shanghai International Circuit","Shanghai","China",31.3389,121.22,"5"
17,11,206,824,882,21770,22,18,"15","15",15,0,55,"\N","\N","35","15","1:41.537","193.265",2013,3,"Chinese Grand Prix",2013-04-14,"07:00:00","jules_bianchi","17","BIA","Jules","Bianchi",1989-08-03,"French","marussia","Marussia","Russian","+1 Lap","shanghai","Shanghai International Circuit","Shanghai","China",31.3389,121.22,"5"
17,11,15,831,950,22980,12,16,"20","20",20,0,55,"\N","\N","42","7","1:40.582","195.100",2016,3,"Chinese Grand Prix",2016-04-17,"06:00:00","nasr","12","NAS","Felipe","Nasr",1992-08-21,"Brazilian","sauber","Sauber","Swiss","+1 Lap","shanghai","Shanghai International Circuit","Shanghai","China",31.3389,121.22,"5"
17,1,3,822,903,22202,77,7,"7","7",7,6,54,"+55.697","5664035","52","11","1:42.660","191.151",2014,4,"Chinese Grand Prix",2014-04-20,"07:00:00","bottas","77","BOT","Valtteri","Bottas",1989-08-28,"Finnish","williams","Williams","British","Finished","shanghai","Shanghai International Circuit","Shanghai","China",31.3389,121.22,"5"
17,3,15,841,970,23417,36,18,"\N","R",19,0,3,"\N","\N","\N","0","\N","\N",2017,2,"Chinese Grand Prix",2017-04-09,"06:00:00","giovinazzi","99","GIO","Antonio","Giovinazzi",1993-12-14,"Italian","sauber","Sauber","Swiss","Accident","shanghai","Shanghai International Circuit","Shanghai","China",31.3389,121.22,"5"
17,11,10,807,950,22975,27,13,"15","15",15,0,55,"\N","\N","48","1","1:39.824","196.581",2016,3,"Chinese Grand Prix",2016-04-17,"06:00:00","hulkenberg","27","HUL","Nico","Hülkenberg",1987-08-19,"German","force_india","Force India","Indian","+1 Lap","shanghai","Shanghai International Circuit","Shanghai","China",31.3389,121.22,"5"
17,1,10,807,903,22201,27,8,"6","6",6,8,54,"+54.295","5662633","33","10","1:42.624","191.218",2014,4,"Chinese Grand Prix",2014-04-20,"07:00:00","hulkenberg","27","HUL","Nico","Hülkenberg",1987-08-19,"German","force_india","Force India","Indian","Finished","shanghai","Shanghai International Circuit","Shanghai","China",31.3389,121.22,"5"
17,1,9,20,882,21759,1,9,"4","4",4,12,56,"+12.525","5799470","53","1","1:36.808","202.706",2013,3,"Chinese Grand Prix",2013-04-14,"07:00:00","vettel","5","VET","Sebastian","Vettel",1987-07-03,"German","red_bull","Red Bull","Austrian","Finished","shanghai","Shanghai International Circuit","Shanghai","China",31.3389,121.22,"5"
17,12,166,10,843,20845,24,22,"21","21",21,0,54,"\N","\N","54","21","1:44.381","187.999",2011,3,"Chinese Grand Prix",2011-04-17,"07:00:00","glock","\N","GLO","Timo","Glock",1982-03-18,"German","virgin","Virgin","British","+2 Laps","shanghai","Shanghai International Circuit","Shanghai","China",31.3389,121.22,"5"
17,11,5,848,1012,24252,23,0,"10","10",10,1,55,"\N","\N","22","18","1:38.901","198.416",2019,3,"Chinese Grand Prix",2019-04-14,"06:10:00","albon","23","ALB","Alexander","Albon",1996-03-23,"Thai","toro_rosso","Toro Rosso","Italian","+1 Lap","shanghai","Shanghai International Circuit","Shanghai","China",31.3389,121.22,"5"
17,12,164,24,843,20846,23,23,"22","22",22,0,54,"\N","\N","52","20","1:43.384","189.812",2011,3,"Chinese Grand Prix",2011-04-17,"07:00:00","liuzzi","\N","LIU","Vitantonio","Liuzzi",1980-08-06,"Italian","hrt","HRT","Spanish","+2 Laps","shanghai","Shanghai International Circuit","Shanghai","China",31.3389,121.22,"5"
17,1,9,830,970,23401,33,16,"3","3",3,15,56,"+45.192","5901350","31","7","1:36.722","202.886",2017,2,"Chinese Grand Prix",2017-04-09,"06:00:00","max_verstappen","33","VER","Max","Verstappen",1997-09-30,"Dutch","red_bull","Red Bull","Austrian","Finished","shanghai","Shanghai International Circuit","Shanghai","China",31.3389,121.22,"5"
17,1,15,831,928,22583,12,9,"8","8",8,4,56,"+22.625","6004633","46","12","1:43.692","189.248",2015,3,"Chinese Grand Prix",2015-04-12,"06:00:00","nasr","12","NAS","Felipe","Nasr",1992-08-21,"Brazilian","sauber","Sauber","Swiss","Finished","shanghai","Shanghai International Circuit","Shanghai","China",31.3389,121.22,"5"
17,1,9,20,843,20826,1,1,"2","2",2,18,56,"+5.198","5823424","47","8","1:41.321","193.677",2011,3,"Chinese Grand Prix",2011-04-17,"07:00:00","vettel","5","VET","Sebastian","Vettel",1987-07-03,"German","red_bull","Red Bull","Austrian","Finished","shanghai","Shanghai International Circuit","Shanghai","China",31.3389,121.22,"5"
17,4,15,821,882,21777,12,17,"\N","R",22,0,4,"\N","\N","2","22","1:44.775","187.292",2013,3,"Chinese Grand Prix",2013-04-14,"07:00:00","gutierrez","21","GUT","Esteban","Gutiérrez",1991-08-05,"Mexican","sauber","Sauber","Swiss","Collision","shanghai","Shanghai International Circuit","Shanghai","China",31.3389,121.22,"5"
17,1,131,1,928,22576,44,1,"1","1",1,25,56,"1:39:42.008","5982008","31","1","1:42.208","191.996",2015,3,"Chinese Grand Prix",2015-04-12,"06:00:00","hamilton","44","HAM","Lewis","Hamilton",1985-01-07,"British","mercedes","Mercedes","German","Finished","shanghai","Shanghai International Circuit","Shanghai","China",31.3389,121.22,"5"
17,61,131,30,862,21303,7,2,"\N","R",24,0,12,"\N","\N","9","24","1:44.109","188.490",2012,3,"Chinese Grand Prix",2012-04-15,"07:00:00","michael_schumacher","\N","MSC","Michael","Schumacher",1969-01-03,"German","mercedes","Mercedes","German","Wheel nut","shanghai","Shanghai International Circuit","Shanghai","China",31.3389,121.22,"5"
17,1,6,20,950,22962,5,4,"2","2",2,18,56,"+37.776","5971667","37","9","1:40.610","195.046",2016,3,"Chinese Grand Prix",2016-04-17,"06:00:00","vettel","5","VET","Sebastian","Vettel",1987-07-03,"German","ferrari","Ferrari","Italian","Finished","shanghai","Shanghai International Circuit","Shanghai","China",31.3389,121.22,"5"
17,11,4,835,970,23411,30,20,"13","13",13,0,55,"\N","\N","47","14","1:38.181","199.871",2017,2,"Chinese Grand Prix",2017-04-09,"06:00:00","jolyon_palmer","30","PAL","Jolyon","Palmer",1991-01-20,"British","renault","Renault","French","+1 Lap","shanghai","Shanghai International Circuit","Shanghai","China",31.3389,121.22,"5"
17,11,10,16,843,20839,14,11,"15","15",15,0,55,"\N","\N","54","4","1:41.157","193.991",2011,3,"Chinese Grand Prix",2011-04-17,"07:00:00","sutil","99","SUT","Adrian","Sutil",1983-01-11,"German","force_india","Force India","Indian","+1 Lap","shanghai","Shanghai International Circuit","Shanghai","China",31.3389,121.22,"5"
17,12,209,829,928,22590,28,19,"15","15",15,0,54,"\N","\N","40","17","1:45.414","186.157",2015,3,"Chinese Grand Prix",2015-04-12,"06:00:00","stevens","28","STE","Will","Stevens",1991-06-28,"British","manor","Manor Marussia","British","+2 Laps","shanghai","Shanghai International Circuit","Shanghai","China",31.3389,121.22,"5"
17,11,4,817,1012,24249,3,7,"7","7",7,6,55,"\N","\N","38","16","1:38.632","198.957",2019,3,"Chinese Grand Prix",2019-04-14,"06:10:00","ricciardo","3","RIC","Daniel","Ricciardo",1989-07-01,"Australian","renault","Renault","French","+1 Lap","shanghai","Shanghai International Circuit","Shanghai","China",31.3389,121.22,"5"
17,1,10,814,843,20835,15,8,"11","11",11,0,56,"+1:08.757","5886983","45","18","1:42.614","191.237",2011,3,"Chinese Grand Prix",2011-04-17,"07:00:00","resta","\N","DIR","Paul","di Resta",1986-04-16,"British","force_india","Force India","Indian","Finished","shanghai","Shanghai International Circuit","Shanghai","China",31.3389,121.22,"5"
17,11,1,832,1012,24256,55,14,"14","14",14,0,55,"\N","\N","44","11","1:37.502","201.263",2019,3,"Chinese Grand Prix",2019-04-14,"06:10:00","sainz","55","SAI","Carlos","Sainz",1994-09-01,"Spanish","mclaren","McLaren","British","+1 Lap","shanghai","Shanghai International Circuit","Shanghai","China",31.3389,121.22,"5"
17,1,15,807,882,21765,11,10,"10","10",10,1,56,"+56.598","5843543","31","12","1:40.630","195.007",2013,3,"Chinese Grand Prix",2013-04-14,"07:00:00","hulkenberg","27","HUL","Nico","Hülkenberg",1987-08-19,"German","sauber","Sauber","Swiss","Finished","shanghai","Shanghai International Circuit","Shanghai","China",31.3389,121.22,"5"
17,1,6,20,1012,24245,5,3,"3","3",3,15,56,"+13.774","5540124","37","2","1:34.836","206.921",2019,3,"Chinese Grand Prix",2019-04-14,"06:10:00","vettel","5","VET","Sebastian","Vettel",1987-07-03,"German","ferrari","Ferrari","Italian","Finished","shanghai","Shanghai International Circuit","Shanghai","China",31.3389,121.22,"5"
17,11,1,18,903,22206,22,12,"11","11",11,0,53,"\N","\N","30","18","1:43.375","189.829",2014,4,"Chinese Grand Prix",2014-04-20,"07:00:00","button","22","BUT","Jenson","Button",1980-01-19,"British","mclaren","McLaren","British","+1 Lap","shanghai","Shanghai International Circuit","Shanghai","China",31.3389,121.22,"5"
17,11,211,815,1012,24250,11,12,"8","8",8,4,55,"\N","\N","37","17","1:38.702","198.816",2019,3,"Chinese Grand Prix",2019-04-14,"06:10:00","perez","11","PER","Sergio","Pérez",1990-01-26,"Mexican","racing_point","Racing Point","British","+1 Lap","shanghai","Shanghai International Circuit","Shanghai","China",31.3389,121.22,"5"
17,1,1,18,862,21281,3,5,"2","2",2,18,56,"+20.626","5807555","56","3","1:40.422","195.411",2012,3,"Chinese Grand Prix",2012-04-15,"07:00:00","button","22","BUT","Jenson","Button",1980-01-19,"British","mclaren","McLaren","British","Finished","shanghai","Shanghai International Circuit","Shanghai","China",31.3389,121.22,"5"
17,1,9,20,862,21284,1,11,"5","5",5,10,56,"+30.483","5817412","33","7","1:40.601","195.063",2012,3,"Chinese Grand Prix",2012-04-15,"07:00:00","vettel","5","VET","Sebastian","Vettel",1987-07-03,"German","red_bull","Red Bull","Austrian","Finished","shanghai","Shanghai International Circuit","Shanghai","China",31.3389,121.22,"5"
17,11,10,815,970,23407,11,8,"9","9",9,2,55,"\N","\N","55","6","1:36.531","203.288",2017,2,"Chinese Grand Prix",2017-04-09,"06:00:00","perez","11","PER","Sergio","Pérez",1990-01-26,"Mexican","force_india","Force India","Indian","+1 Lap","shanghai","Shanghai International Circuit","Shanghai","China",31.3389,121.22,"5"
17,11,3,13,970,23412,19,6,"14","14",14,0,55,"\N","\N","50","5","1:36.511","203.330",2017,2,"Chinese Grand Prix",2017-04-09,"06:00:00","massa","19","MAS","Felipe","Massa",1981-04-25,"Brazilian","williams","Williams","British","+1 Lap","shanghai","Shanghai International Circuit","Shanghai","China",31.3389,121.22,"5"
17,7,5,830,928,22592,33,13,"17","17",17,0,52,"\N","\N","46","14","1:43.880","188.906",2015,3,"Chinese Grand Prix",2015-04-12,"06:00:00","max_verstappen","33","VER","Max","Verstappen",1997-09-30,"Dutch","toro_rosso","Toro Rosso","Italian","Transmission","shanghai","Shanghai International Circuit","Shanghai","China",31.3389,121.22,"5"
17,1,9,817,950,22964,3,2,"4","4",4,12,56,"+52.688","5986579","55","11","1:41.015","194.264",2016,3,"Chinese Grand Prix",2016-04-17,"06:00:00","ricciardo","3","RIC","Daniel","Ricciardo",1989-07-01,"Australian","red_bull","Red Bull","Austrian","Finished","shanghai","Shanghai International Circuit","Shanghai","China",31.3389,121.22,"5"
17,1,6,20,970,23400,5,2,"2","2",2,18,56,"+6.250","5862408","40","2","1:35.423","205.648",2017,2,"Chinese Grand Prix",2017-04-09,"06:00:00","vettel","5","VET","Sebastian","Vettel",1987-07-03,"German","ferrari","Ferrari","Italian","Finished","shanghai","Shanghai International Circuit","Shanghai","China",31.3389,121.22,"5"
17,1,6,13,882,21761,4,5,"6","6",6,8,56,"+40.827","5827772","55","10","1:40.284","195.680",2013,3,"Chinese Grand Prix",2013-04-14,"07:00:00","massa","19","MAS","Felipe","Massa",1981-04-25,"Brazilian","ferrari","Ferrari","Italian","Finished","shanghai","Shanghai International Circuit","Shanghai","China",31.3389,121.22,"5"
17,1,4,832,991,23830,55,9,"9","9",9,2,56,"+35.763","5772143","54","11","1:37.754","200.744",2018,3,"Chinese Grand Prix",2018-04-15,"06:10:00","sainz","55","SAI","Carlos","Sainz",1994-09-01,"Spanish","renault","Renault","French","Finished","shanghai","Shanghai International Circuit","Shanghai","China",31.3389,121.22,"5"
17,1,131,3,903,22197,6,4,"2","2",2,18,54,"+18.062","5626400","39","1","1:40.402","195.450",2014,4,"Chinese Grand Prix",2014-04-20,"07:00:00","rosberg","6","ROS","Nico","Rosberg",1985-06-27,"German","mercedes","Mercedes","German","Finished","shanghai","Shanghai International Circuit","Shanghai","China",31.3389,121.22,"5"
17,5,15,16,903,22217,99,14,"\N","R",22,0,5,"\N","\N","2","22","1:58.376","165.773",2014,4,"Chinese Grand Prix",2014-04-20,"07:00:00","sutil","99","SUT","Adrian","Sutil",1983-01-11,"German","sauber","Sauber","Swiss","Engine","shanghai","Shanghai International Circuit","Shanghai","China",31.3389,121.22,"5"
17,1,3,813,862,21287,18,13,"8","8",8,4,56,"+35.643","5822572","36","4","1:40.482","195.294",2012,3,"Chinese Grand Prix",2012-04-15,"07:00:00","maldonado","13","MAL","Pastor","Maldonado",1985-03-09,"Venezuelan","williams","Williams","British","Finished","shanghai","Shanghai International Circuit","Shanghai","China",31.3389,121.22,"5"
17,11,206,10,862,21298,24,20,"19","19",19,0,55,"\N","\N","41","21","1:42.748","190.987",2012,3,"Chinese Grand Prix",2012-04-15,"07:00:00","glock","\N","GLO","Timo","Glock",1982-03-18,"German","marussia","Marussia","Russian","+1 Lap","shanghai","Shanghai International Circuit","Shanghai","China",31.3389,121.22,"5"
17,1,208,154,928,22582,8,8,"7","7",7,6,56,"+19.008","6001016","34","8","1:43.134","190.272",2015,3,"Chinese Grand Prix",2015-04-12,"06:00:00","grosjean","8","GRO","Romain","Grosjean",1986-04-17,"French","lotus_f1","Lotus F1","British","Finished","shanghai","Shanghai International Circuit","Shanghai","China",31.3389,121.22,"5"
17,1,131,1,882,21758,10,1,"3","3",3,15,56,"+12.322","5799267","50","6","1:39.981","196.273",2013,3,"Chinese Grand Prix",2013-04-14,"07:00:00","hamilton","44","HAM","Lewis","Hamilton",1985-01-07,"British","mercedes","Mercedes","German","Finished","shanghai","Shanghai International Circuit","Shanghai","China",31.3389,121.22,"5"
17,11,15,828,928,22585,9,10,"10","10",10,1,55,"\N","\N","32","15","1:44.204","188.319",2015,3,"Chinese Grand Prix",2015-04-12,"06:00:00","ericsson","9","ERI","Marcus","Ericsson",1990-09-02,"Swedish","sauber","Sauber","Swiss","+1 Lap","shanghai","Shanghai International Circuit","Shanghai","China",31.3389,121.22,"5"
17,1,1,18,843,20828,4,2,"4","4",4,12,56,"+10.000","5828226","39","3","1:40.623","195.021",2011,3,"Chinese Grand Prix",2011-04-17,"07:00:00","button","22","BUT","Jenson","Button",1980-01-19,"British","mclaren","McLaren","British","Finished","shanghai","Shanghai International Circuit","Shanghai","China",31.3389,121.22,"5"
17,1,5,830,950,22968,33,9,"8","8",8,4,56,"+1:19.268","6013159","41","5","1:40.399","195.456",2016,3,"Chinese Grand Prix",2016-04-17,"06:00:00","max_verstappen","33","VER","Max","Verstappen",1997-09-30,"Dutch","toro_rosso","Toro Rosso","Italian","Finished","shanghai","Shanghai International Circuit","Shanghai","China",31.3389,121.22,"5"
17,11,209,837,950,22981,88,20,"21","21",21,0,55,"\N","\N","42","18","1:42.009","192.371",2016,3,"Chinese Grand Prix",2016-04-17,"06:00:00","haryanto","88","HAR","Rio","Haryanto",1993-01-22,"Indonesian","manor","Manor Marussia","British","+1 Lap","shanghai","Shanghai International Circuit","Shanghai","China",31.3389,121.22,"5"
17,1,6,8,950,22965,7,3,"5","5",5,10,56,"+1:05.872","5999763","40","8","1:40.593","195.079",2016,3,"Chinese Grand Prix",2016-04-17,"06:00:00","raikkonen","7","RAI","Kimi","Räikkönen",1979-10-17,"Finnish","ferrari","Ferrari","Italian","Finished","shanghai","Shanghai International Circuit","Shanghai","China",31.3389,121.22,"5"
17,11,211,840,1012,24254,18,16,"12","12",12,0,55,"\N","\N","46","7","1:36.678","202.978",2019,3,"Chinese Grand Prix",2019-04-14,"06:10:00","stroll","18","STR","Lance","Stroll",1998-10-29,"Canadian","racing_point","Racing Point","British","+1 Lap","shanghai","Shanghai International Circuit","Shanghai","China",31.3389,121.22,"5"
17,11,4,807,970,23410,27,7,"12","12",12,0,55,"\N","\N","36","13","1:38.015","200.210",2017,2,"Chinese Grand Prix",2017-04-09,"06:00:00","hulkenberg","27","HUL","Nico","Hülkenberg",1987-08-19,"German","renault","Renault","French","+1 Lap","shanghai","Shanghai International Circuit","Shanghai","China",31.3389,121.22,"5"
17,1,131,1,903,22196,44,1,"1","1",1,25,54,"1:33:28.338","5608338","42","2","1:41.196","193.916",2014,4,"Chinese Grand Prix",2014-04-20,"07:00:00","hamilton","44","HAM","Lewis","Hamilton",1985-01-07,"British","mercedes","Mercedes","German","Finished","shanghai","Shanghai International Circuit","Shanghai","China",31.3389,121.22,"5"
17,1,6,4,843,20831,5,5,"7","7",7,6,56,"+30.622","5848848","41","15","1:42.070","192.256",2011,3,"Chinese Grand Prix",2011-04-17,"07:00:00","alonso","14","ALO","Fernando","Alonso",1981-07-29,"Spanish","ferrari","Ferrari","Italian","Finished","shanghai","Shanghai International Circuit","Shanghai","China",31.3389,121.22,"5"
17,1,5,818,862,21295,17,24,"16","16",16,0,56,"+51.756","5838685","48","2","1:40.019","196.198",2012,3,"Chinese Grand Prix",2012-04-15,"07:00:00","vergne","25","VER","Jean-Éric","Vergne",1990-04-25,"French","toro_rosso","Toro Rosso","Italian","Finished","shanghai","Shanghai International Circuit","Shanghai","China",31.3389,121.22,"5"
17,1,1,4,950,22972,14,11,"12","12",12,0,56,"+1:37.253","6031144","36","19","1:42.226","191.962",2016,3,"Chinese Grand Prix",2016-04-17,"06:00:00","alonso","14","ALO","Fernando","Alonso",1981-07-29,"Spanish","mclaren","McLaren","British","Finished","shanghai","Shanghai International Circuit","Shanghai","China",31.3389,121.22,"5"
17,1,6,4,862,21288,5,9,"9","9",9,2,56,"+37.256","5824185","41","12","1:41.152","194.001",2012,3,"Chinese Grand Prix",2012-04-15,"07:00:00","alonso","14","ALO","Fernando","Alonso",1981-07-29,"Spanish","ferrari","Ferrari","Italian","Finished","shanghai","Shanghai International Circuit","Shanghai","China",31.3389,121.22,"5"
17,11,206,819,862,21299,25,21,"20","20",20,0,55,"\N","\N","39","20","1:42.621","191.224",2012,3,"Chinese Grand Prix",2012-04-15,"07:00:00","pic","\N","PIC","Charles","Pic",1990-02-15,"French","marussia","Marussia","Russian","+1 Lap","shanghai","Shanghai International Circuit","Shanghai","China",31.3389,121.22,"5"
17,12,3,847,1012,24258,63,17,"16","16",16,0,54,"\N","\N","51","9","1:37.283","201.716",2019,3,"Chinese Grand Prix",2019-04-14,"06:10:00","russell","63","RUS","George","Russell",1998-02-15,"British","williams","Williams","British","+2 Laps","shanghai","Shanghai International Circuit","Shanghai","China",31.3389,121.22,"5"
17,23,208,813,928,22593,13,11,"\N","R",18,0,49,"\N","\N","37","11","1:43.686","189.259",2015,3,"Chinese Grand Prix",2015-04-12,"06:00:00","maldonado","13","MAL","Pastor","Maldonado",1985-03-09,"Venezuelan","lotus_f1","Lotus F1","British","Brakes","shanghai","Shanghai International Circuit","Shanghai","China",31.3389,121.22,"5"
17,1,10,815,950,22971,11,7,"11","11",11,0,56,"+1:34.283","6028174","30","17","1:41.846","192.679",2016,3,"Chinese Grand Prix",2016-04-17,"06:00:00","perez","11","PER","Sergio","Pérez",1990-01-26,"Mexican","force_india","Force India","Indian","Finished","shanghai","Shanghai International Circuit","Shanghai","China",31.3389,121.22,"5"
17,1,1,1,862,21282,4,7,"3","3",3,15,56,"+26.012","5812941","40","6","1:40.530","195.201",2012,3,"Chinese Grand Prix",2012-04-15,"07:00:00","hamilton","44","HAM","Lewis","Hamilton",1985-01-07,"British","mclaren","McLaren","British","Finished","shanghai","Shanghai International Circuit","Shanghai","China",31.3389,121.22,"5"
17,12,209,833,928,22591,98,20,"16","16",16,0,54,"\N","\N","43","19","1:45.963","185.192",2015,3,"Chinese Grand Prix",2015-04-12,"06:00:00","merhi","98","MER","Roberto","Merhi",1991-03-22,"Spanish","manor","Manor Marussia","British","+2 Laps","shanghai","Shanghai International Circuit","Shanghai","China",31.3389,121.22,"5"
17,1,6,4,882,21756,3,3,"1","1",1,25,56,"1:36:26.945","5786945","46","4","1:39.506","197.210",2013,3,"Chinese Grand Prix",2013-04-14,"07:00:00","alonso","14","ALO","Fernando","Alonso",1981-07-29,"Spanish","ferrari","Ferrari","Italian","Finished","shanghai","Shanghai International Circuit","Shanghai","China",31.3389,121.22,"5"
17,1,131,822,991,23823,77,3,"2","2",2,18,56,"+8.894","5745274","50","6","1:36.987","202.332",2018,3,"Chinese Grand Prix",2018-04-15,"06:10:00","bottas","77","BOT","Valtteri","Bottas",1989-08-28,"Finnish","mercedes","Mercedes","German","Finished","shanghai","Shanghai International Circuit","Shanghai","China",31.3389,121.22,"5"
17,1,3,811,862,21286,19,14,"7","7",7,6,56,"+34.597","5821526","37","16","1:41.293","193.731",2012,3,"Chinese Grand Prix",2012-04-15,"07:00:00","bruno_senna","\N","SEN","Bruno","Senna",1983-10-15,"Brazilian","williams","Williams","British","Finished","shanghai","Shanghai International Circuit","Shanghai","China",31.3389,121.22,"5"
17,11,15,815,843,20841,17,12,"17","17",17,0,55,"\N","\N","39","9","1:41.643","193.063",2011,3,"Chinese Grand Prix",2011-04-17,"07:00:00","perez","11","PER","Sergio","Pérez",1990-01-26,"Mexican","sauber","Sauber","Swiss","+1 Lap","shanghai","Shanghai International Circuit","Shanghai","China",31.3389,121.22,"5"
17,1,208,154,882,21764,8,6,"9","9",9,2,56,"+53.423","5840368","55","11","1:40.563","195.137",2013,3,"Chinese Grand Prix",2013-04-14,"07:00:00","grosjean","8","GRO","Romain","Grosjean",1986-04-17,"French","lotus_f1","Lotus F1","British","Finished","shanghai","Shanghai International Circuit","Shanghai","China",31.3389,121.22,"5"
17,1,10,839,991,23832,31,12,"11","11",11,0,56,"+44.050","5780430","47","12","1:37.985","200.271",2018,3,"Chinese Grand Prix",2018-04-15,"06:10:00","ocon","31","OCO","Esteban","Ocon",1996-09-17,"French","force_india","Force India","Indian","Finished","shanghai","Shanghai International Circuit","Shanghai","China",31.3389,121.22,"5"
17,1,9,817,991,23822,3,6,"1","1",1,25,56,"1:35:36.380","5736380","55","1","1:35.785","204.871",2018,3,"Chinese Grand Prix",2018-04-15,"06:10:00","ricciardo","3","RIC","Daniel","Ricciardo",1989-07-01,"Australian","red_bull","Red Bull","Austrian","Finished","shanghai","Shanghai International Circuit","Shanghai","China",31.3389,121.22,"5"
17,1,1,18,950,22973,22,12,"13","13",13,0,56,"+1:41.990","6035881","46","3","1:40.298","195.652",2016,3,"Chinese Grand Prix",2016-04-17,"06:00:00","button","22","BUT","Jenson","Button",1980-01-19,"British","mclaren","McLaren","British","Finished","shanghai","Shanghai International Circuit","Shanghai","China",31.3389,121.22,"5"
17,11,5,832,928,22588,55,14,"13","13",13,0,55,"\N","\N","41","3","1:42.652","191.166",2015,3,"Chinese Grand Prix",2015-04-12,"06:00:00","sainz","55","SAI","Carlos","Sainz",1994-09-01,"Spanish","toro_rosso","Toro Rosso","Italian","+1 Lap","shanghai","Shanghai International Circuit","Shanghai","China",31.3389,121.22,"5"
17,11,205,5,843,20840,20,19,"16","16",16,0,55,"\N","\N","45","19","1:42.672","191.129",2011,3,"Chinese Grand Prix",2011-04-17,"07:00:00","kovalainen","\N","KOV","Heikki","Kovalainen",1981-10-19,"Finnish","lotus_racing","Lotus","Malaysian","+1 Lap","shanghai","Shanghai International Circuit","Shanghai","China",31.3389,121.22,"5"
17,1,9,20,903,22200,1,3,"5","5",5,10,54,"+47.778","5656116","37","5","1:42.169","192.070",2014,4,"Chinese Grand Prix",2014-04-20,"07:00:00","vettel","5","VET","Sebastian","Vettel",1987-07-03,"German","red_bull","Red Bull","Austrian","Finished","shanghai","Shanghai International Circuit","Shanghai","China",31.3389,121.22,"5"
17,4,1,846,1012,24260,4,15,"18","18",18,0,50,"\N","\N","37","15","1:38.346","199.536",2019,3,"Chinese Grand Prix",2019-04-14,"06:10:00","norris","4","NOR","Lando","Norris",1999-11-13,"British","mclaren","McLaren","British","Collision","shanghai","Shanghai International Circuit","Shanghai","China",31.3389,121.22,"5"
17,1,10,807,862,21294,12,16,"15","15",15,0,56,"+51.213","5838142","48","9","1:40.977","194.337",2012,3,"Chinese Grand Prix",2012-04-15,"07:00:00","hulkenberg","27","HUL","Nico","Hülkenberg",1987-08-19,"German","force_india","Force India","Indian","Finished","shanghai","Shanghai International Circuit","Shanghai","China",31.3389,121.22,"5"
17,11,210,821,950,22974,21,18,"14","14",14,0,55,"\N","\N","45","4","1:40.368","195.516",2016,3,"Chinese Grand Prix",2016-04-17,"06:00:00","gutierrez","21","GUT","Esteban","Gutiérrez",1991-08-05,"Mexican","haas","Haas F1 Team","American","+1 Lap","shanghai","Shanghai International Circuit","Shanghai","China",31.3389,121.22,"5"
17,11,1,4,928,22587,14,18,"12","12",12,0,55,"\N","\N","40","13","1:43.728","189.183",2015,3,"Chinese Grand Prix",2015-04-12,"06:00:00","alonso","14","ALO","Fernando","Alonso",1981-07-29,"Spanish","mclaren","McLaren","British","+1 Lap","shanghai","Shanghai International Circuit","Shanghai","China",31.3389,121.22,"5"
17,11,210,154,1012,24253,8,10,"11","11",11,0,55,"\N","\N","37","8","1:36.873","202.570",2019,3,"Chinese Grand Prix",2019-04-14,"06:10:00","grosjean","8","GRO","Romain","Grosjean",1986-04-17,"French","haas","Haas F1 Team","American","+1 Lap","shanghai","Shanghai International Circuit","Shanghai","China",31.3389,121.22,"5"
17,1,210,825,991,23831,20,11,"10","10",10,1,56,"+39.594","5775974","54","14","1:38.152","199.930",2018,3,"Chinese Grand Prix",2018-04-15,"06:10:00","kevin_magnussen","20","MAG","Kevin","Magnussen",1992-10-05,"Danish","haas","Haas F1 Team","American","Finished","shanghai","Shanghai International Circuit","Shanghai","China",31.3389,121.22,"5"
17,12,166,816,843,20844,25,21,"20","20",20,0,54,"\N","\N","45","22","1:44.806","187.237",2011,3,"Chinese Grand Prix",2011-04-17,"07:00:00","ambrosio","\N","DAM","Jérôme","d'Ambrosio",1985-12-27,"Belgian","virgin","Virgin","British","+2 Laps","shanghai","Shanghai International Circuit","Shanghai","China",31.3389,121.22,"5"
17,1,6,13,843,20830,6,6,"6","6",6,8,56,"+15.840","5834066","39","10","1:41.678","192.997",2011,3,"Chinese Grand Prix",2011-04-17,"07:00:00","massa","19","MAS","Felipe","Massa",1981-04-25,"Brazilian","ferrari","Ferrari","Italian","Finished","shanghai","Shanghai International Circuit","Shanghai","China",31.3389,121.22,"5"
17,1,10,815,903,22204,11,16,"9","9",9,2,54,"+1:22.647","5690985","32","6","1:42.228","191.959",2014,4,"Chinese Grand Prix",2014-04-20,"07:00:00","perez","11","PER","Sergio","Pérez",1990-01-26,"Mexican","force_india","Force India","Indian","Finished","shanghai","Shanghai International Circuit","Shanghai","China",31.3389,121.22,"5"
17,1,3,840,991,23835,18,18,"14","14",14,0,56,"+55.490","5791870","54","17","1:38.500","199.224",2018,3,"Chinese Grand Prix",2018-04-15,"06:10:00","stroll","18","STR","Lance","Stroll",1998-10-29,"Canadian","williams","Williams","British","Finished","shanghai","Shanghai International Circuit","Shanghai","China",31.3389,121.22,"5"
17,1,3,822,882,21768,17,16,"13","13",13,0,56,"+1:33.861","5880806","53","3","1:38.200","199.832",2013,3,"Chinese Grand Prix",2013-04-14,"07:00:00","bottas","77","BOT","Valtteri","Bottas",1989-08-28,"Finnish","williams","Williams","British","Finished","shanghai","Shanghai International Circuit","Shanghai","China",31.3389,121.22,"5"
17,11,207,823,882,21773,21,21,"18","18",18,0,55,"\N","\N","42","18","1:42.357","191.717",2013,3,"Chinese Grand Prix",2013-04-14,"07:00:00","garde","\N","VDG","Giedo","van der Garde",1985-04-25,"Dutch","caterham","Caterham","Malaysian","+1 Lap","shanghai","Shanghai International Circuit","Shanghai","China",31.3389,121.22,"5"
17,11,205,15,843,20843,21,20,"19","19",19,0,55,"\N","\N","53","14","1:42.052","192.290",2011,3,"Chinese Grand Prix",2011-04-17,"07:00:00","trulli","\N","TRU","Jarno","Trulli",1974-07-13,"Italian","lotus_racing","Lotus","Malaysian","+1 Lap","shanghai","Shanghai International Circuit","Shanghai","China",31.3389,121.22,"5"
17,1,9,842,1012,24248,10,6,"6","6",6,9,56,"+1:29.307","5615657","55","1","1:34.742","207.126",2019,3,"Chinese Grand Prix",2019-04-14,"06:10:00","gasly","10","GAS","Pierre","Gasly",1996-02-07,"French","red_bull","Red Bull","Austrian","Finished","shanghai","Shanghai International Circuit","Shanghai","China",31.3389,121.22,"5"
17,11,5,818,903,22207,25,9,"12","12",12,0,53,"\N","\N","34","14","1:42.896","190.712",2014,4,"Chinese Grand Prix",2014-04-20,"07:00:00","vergne","25","VER","Jean-Éric","Vergne",1990-04-25,"French","toro_rosso","Toro Rosso","Italian","+1 Lap","shanghai","Shanghai International Circuit","Shanghai","China",31.3389,121.22,"5"
17,1,3,22,843,20837,11,15,"13","13",13,0,56,"+1:30.189","5908415","45","13","1:42.031","192.329",2011,3,"Chinese Grand Prix",2011-04-17,"07:00:00","barrichello","\N","BAR","Rubens","Barrichello",1972-05-23,"Brazilian","williams","Williams","British","Finished","shanghai","Shanghai International Circuit","Shanghai","China",31.3389,121.22,"5"
17,131,4,807,1012,24262,27,8,"\N","R",20,0,16,"\N","\N","14","19","1:39.677","196.871",2019,3,"Chinese Grand Prix",2019-04-14,"06:10:00","hulkenberg","27","HUL","Nico","Hülkenberg",1987-08-19,"German","renault","Renault","French","Power Unit","shanghai","Shanghai International Circuit","Shanghai","China",31.3389,121.22,"5"
17,1,131,3,843,20829,8,4,"5","5",5,10,56,"+13.448","5831674","41","5","1:41.166","193.974",2011,3,"Chinese Grand Prix",2011-04-17,"07:00:00","rosberg","6","ROS","Nico","Rosberg",1985-06-27,"German","mercedes","Mercedes","German","Finished","shanghai","Shanghai International Circuit","Shanghai","China",31.3389,121.22,"5"
17,131,9,826,928,22594,26,12,"\N","R",19,0,15,"\N","\N","13","20","1:46.291","184.621",2015,3,"Chinese Grand Prix",2015-04-12,"06:00:00","kvyat","26","KVY","Daniil","Kvyat",1994-04-26,"Russian","red_bull","Red Bull","Austrian","Power Unit","shanghai","Shanghai International Circuit","Shanghai","China",31.3389,121.22,"5"
17,1,10,814,862,21291,11,15,"12","12",12,0,56,"+42.273","5829202","40","17","1:41.498","193.339",2012,3,"Chinese Grand Prix",2012-04-15,"07:00:00","resta","\N","DIR","Paul","di Resta",1986-04-16,"British","force_india","Force India","Indian","Finished","shanghai","Shanghai International Circuit","Shanghai","China",31.3389,121.22,"5"
17,1,208,8,882,21757,7,2,"2","2",2,18,56,"+10.168","5797113","51","5","1:39.955","196.324",2013,3,"Chinese Grand Prix",2013-04-14,"07:00:00","raikkonen","7","RAI","Kimi","Räikkönen",1979-10-17,"Finnish","lotus_f1","Lotus F1","British","Finished","shanghai","Shanghai International Circuit","Shanghai","China",31.3389,121.22,"5"
17,1,10,815,991,23833,11,8,"12","12",12,0,56,"+44.725","5781105","54","10","1:37.673","200.911",2018,3,"Chinese Grand Prix",2018-04-15,"06:10:00","perez","11","PER","Sergio","Pérez",1990-01-26,"Mexican","force_india","Force India","Indian","Finished","shanghai","Shanghai International Circuit","Shanghai","China",31.3389,121.22,"5"
17,11,207,819,882,21771,20,20,"16","16",16,0,55,"\N","\N","48","17","1:41.997","192.393",2013,3,"Chinese Grand Prix",2013-04-14,"07:00:00","pic","\N","PIC","Charles","Pic",1990-02-15,"French","caterham","Caterham","Malaysian","+1 Lap","shanghai","Shanghai International Circuit","Shanghai","China",31.3389,121.22,"5"
17,1,6,8,970,23403,7,4,"5","5",5,10,56,"+48.076","5904234","42","4","1:36.003","204.406",2017,2,"Chinese Grand Prix",2017-04-09,"06:00:00","raikkonen","7","RAI","Kimi","Räikkönen",1979-10-17,"Finnish","ferrari","Ferrari","Italian","Finished","shanghai","Shanghai International Circuit","Shanghai","China",31.3389,121.22,"5"
17,1,5,817,862,21296,16,17,"17","17",17,0,56,"+1:03.156","5850085","40","15","1:41.251","193.811",2012,3,"Chinese Grand Prix",2012-04-15,"07:00:00","ricciardo","3","RIC","Daniel","Ricciardo",1989-07-01,"Australian","toro_rosso","Toro Rosso","Italian","Finished","shanghai","Shanghai International Circuit","Shanghai","China",31.3389,121.22,"5"
17,1,1,838,991,23834,2,14,"13","13",13,0,56,"+49.373","5785753","54","13","1:38.137","199.961",2018,3,"Chinese Grand Prix",2018-04-15,"06:10:00","vandoorne","2","VAN","Stoffel","Vandoorne",1992-03-26,"Belgian","mclaren","McLaren","British","Finished","shanghai","Shanghai International Circuit","Shanghai","China",31.3389,121.22,"5"
17,1,131,3,950,22961,6,1,"1","1",1,25,56,"1:38:53.891","5933891","38","6","1:40.418","195.419",2016,3,"Chinese Grand Prix",2016-04-17,"06:00:00","rosberg","6","ROS","Nico","Rosberg",1985-06-27,"German","mercedes","Mercedes","German","Finished","shanghai","Shanghai International Circuit","Shanghai","China",31.3389,121.22,"5"
17,13,207,5,862,21302,20,18,"23","23",23,0,53,"\N","\N","53","13","1:41.190","193.928",2012,3,"Chinese Grand Prix",2012-04-15,"07:00:00","kovalainen","\N","KOV","Heikki","Kovalainen",1981-10-19,"Finnish","caterham","Caterham","Malaysian","+3 Laps","shanghai","Shanghai International Circuit","Shanghai","China",31.3389,121.22,"5"
17,11,1,18,928,22589,22,17,"14","14",14,0,55,"\N","\N","21","16","1:44.991","186.907",2015,3,"Chinese Grand Prix",2015-04-12,"06:00:00","button","22","BUT","Jenson","Button",1980-01-19,"British","mclaren","McLaren","British","+1 Lap","shanghai","Shanghai International Circuit","Shanghai","China",31.3389,121.22,"5"
17,11,5,826,903,22205,26,13,"10","10",10,1,53,"\N","\N","33","17","1:43.337","189.899",2014,4,"Chinese Grand Prix",2014-04-20,"07:00:00","kvyat","26","KVY","Daniil","Kvyat",1994-04-26,"Russian","toro_rosso","Toro Rosso","Italian","+1 Lap","shanghai","Shanghai International Circuit","Shanghai","China",31.3389,121.22,"5"
17,4,5,826,1012,24261,26,11,"\N","R",19,0,41,"\N","\N","27","13","1:37.975","200.291",2019,3,"Chinese Grand Prix",2019-04-14,"06:10:00","kvyat","26","KVY","Daniil","Kvyat",1994-04-26,"Russian","toro_rosso","Toro Rosso","Italian","Collision","shanghai","Shanghai International Circuit","Shanghai","China",31.3389,121.22,"5"
17,32,1,838,970,23416,2,15,"\N","R",18,0,17,"\N","\N","15","18","1:41.460","193.412",2017,2,"Chinese Grand Prix",2017-04-09,"06:00:00","vandoorne","2","VAN","Stoffel","Vandoorne",1992-03-26,"Belgian","mclaren","McLaren","British","Fuel pressure","shanghai","Shanghai International Circuit","Shanghai","China",31.3389,121.22,"5"
17,11,10,839,970,23408,31,17,"10","10",10,1,55,"\N","\N","55","9","1:37.036","202.230",2017,2,"Chinese Grand Prix",2017-04-09,"06:00:00","ocon","31","OCO","Esteban","Ocon",1996-09-17,"French","force_india","Force India","Indian","+1 Lap","shanghai","Shanghai International Circuit","Shanghai","China",31.3389,121.22,"5"
17,36,9,17,882,21775,2,22,"\N","R",20,0,15,"\N","\N","12","20","1:43.416","189.754",2013,3,"Chinese Grand Prix",2013-04-14,"07:00:00","webber","\N","WEB","Mark","Webber",1976-08-27,"Australian","red_bull","Red Bull","Austrian","Wheel","shanghai","Shanghai International Circuit","Shanghai","China",31.3389,121.22,"5"
17,11,15,821,903,22211,21,17,"16","16",16,0,53,"\N","\N","42","7","1:42.257","191.904",2014,4,"Chinese Grand Prix",2014-04-20,"07:00:00","gutierrez","21","GUT","Esteban","Gutiérrez",1991-08-05,"Mexican","sauber","Sauber","Swiss","+1 Lap","shanghai","Shanghai International Circuit","Shanghai","China",31.3389,121.22,"5"
17,11,164,37,862,21300,22,22,"21","21",21,0,55,"\N","\N","54","22","1:43.610","189.398",2012,3,"Chinese Grand Prix",2012-04-15,"07:00:00","rosa","\N","DLR","Pedro","de la Rosa",1971-02-24,"Spanish","hrt","HRT","Spanish","+1 Lap","shanghai","Shanghai International Circuit","Shanghai","China",31.3389,121.22,"5"
17,1,3,822,928,22581,77,5,"6","6",6,8,56,"+9.885","5991893","37","7","1:43.051","190.426",2015,3,"Chinese Grand Prix",2015-04-12,"06:00:00","bottas","77","BOT","Valtteri","Bottas",1989-08-28,"Finnish","williams","Williams","British","Finished","shanghai","Shanghai International Circuit","Shanghai","China",31.3389,121.22,"5"
17,1,210,154,991,23838,8,10,"17","17",17,0,56,"+1:05.296","5801676","51","8","1:37.410","201.453",2018,3,"Chinese Grand Prix",2018-04-15,"06:10:00","grosjean","8","GRO","Romain","Grosjean",1986-04-17,"French","haas","Haas F1 Team","American","Finished","shanghai","Shanghai International Circuit","Shanghai","China",31.3389,121.22,"5"
17,1,131,1,1012,24243,44,2,"1","1",1,25,56,"1:32:06.350","5526350","47","5","1:35.892","204.642",2019,3,"Chinese Grand Prix",2019-04-14,"06:10:00","hamilton","44","HAM","Lewis","Hamilton",1985-01-07,"British","mercedes","Mercedes","German","Finished","shanghai","Shanghai International Circuit","Shanghai","China",31.3389,121.22,"5"
17,11,210,154,950,22979,8,14,"19","19",19,0,55,"\N","\N","47","2","1:39.923","196.387",2016,3,"Chinese Grand Prix",2016-04-17,"06:00:00","grosjean","8","GRO","Romain","Grosjean",1986-04-17,"French","haas","Haas F1 Team","American","+1 Lap","shanghai","Shanghai International Circuit","Shanghai","China",31.3389,121.22,"5"
17,30,1,4,970,23414,14,13,"\N","R",16,0,33,"\N","\N","31","15","1:39.496","197.230",2017,2,"Chinese Grand Prix",2017-04-09,"06:00:00","alonso","14","ALO","Fernando","Alonso",1981-07-29,"Spanish","mclaren","McLaren","British","Driveshaft","shanghai","Shanghai International Circuit","Shanghai","China",31.3389,121.22,"5"
17,1,5,818,882,21767,18,15,"12","12",12,0,56,"+1:12.604","5859549","56","8","1:40.138","195.965",2013,3,"Chinese Grand Prix",2013-04-14,"07:00:00","vergne","25","VER","Jean-Éric","Vergne",1990-04-25,"French","toro_rosso","Toro Rosso","Italian","Finished","shanghai","Shanghai International Circuit","Shanghai","China",31.3389,121.22,"5"
17,1,6,8,928,22579,7,6,"4","4",4,12,56,"+3.835","5985843","48","6","1:43.026","190.472",2015,3,"Chinese Grand Prix",2015-04-12,"06:00:00","raikkonen","7","RAI","Kimi","Räikkönen",1979-10-17,"Finnish","ferrari","Ferrari","Italian","Finished","shanghai","Shanghai International Circuit","Shanghai","China",31.3389,121.22,"5"
17,1,1,4,991,23828,14,13,"7","7",7,6,56,"+30.639","5767019","56","7","1:37.234","201.818",2018,3,"Chinese Grand Prix",2018-04-15,"06:10:00","alonso","14","ALO","Fernando","Alonso",1981-07-29,"Spanish","mclaren","McLaren","British","Finished","shanghai","Shanghai International Circuit","Shanghai","China",31.3389,121.22,"5"
17,1,5,832,970,23405,55,11,"7","7",7,6,56,"+1:12.893","5929051","30","10","1:37.398","201.478",2017,2,"Chinese Grand Prix",2017-04-09,"06:00:00","sainz","55","SAI","Carlos","Sainz",1994-09-01,"Spanish","toro_rosso","Toro Rosso","Italian","Finished","shanghai","Shanghai International Circuit","Shanghai","China",31.3389,121.22,"5"
17,11,210,825,1012,24255,20,9,"13","13",13,0,55,"\N","\N","35","10","1:37.471","201.327",2019,3,"Chinese Grand Prix",2019-04-14,"06:10:00","kevin_magnussen","20","MAG","Kevin","Magnussen",1992-10-05,"Danish","haas","Haas F1 Team","American","+1 Lap","shanghai","Shanghai International Circuit","Shanghai","China",31.3389,121.22,"5"
17,1,15,155,843,20834,16,13,"10","10",10,1,56,"+1:03.273","5881499","32","17","1:42.577","191.306",2011,3,"Chinese Grand Prix",2011-04-17,"07:00:00","kobayashi","10","KOB","Kamui","Kobayashi",1986-09-13,"Japanese","sauber","Sauber","Swiss","Finished","shanghai","Shanghai International Circuit","Shanghai","China",31.3389,121.22,"5"
17,11,3,13,903,22210,19,6,"15","15",15,0,53,"\N","\N","34","9","1:42.379","191.676",2014,4,"Chinese Grand Prix",2014-04-20,"07:00:00","massa","19","MAS","Felipe","Massa",1981-04-25,"Brazilian","williams","Williams","British","+1 Lap","shanghai","Shanghai International Circuit","Shanghai","China",31.3389,121.22,"5"
17,1,5,832,950,22969,55,8,"9","9",9,2,56,"+1:24.127","6018018","35","12","1:41.485","193.364",2016,3,"Chinese Grand Prix",2016-04-17,"06:00:00","sainz","55","SAI","Carlos","Sainz",1994-09-01,"Spanish","toro_rosso","Toro Rosso","Italian","Finished","shanghai","Shanghai International Circuit","Shanghai","China",31.3389,121.22,"5"
17,11,206,820,882,21772,23,19,"17","17",17,0,55,"\N","\N","39","16","1:41.978","192.429",2013,3,"Chinese Grand Prix",2013-04-14,"07:00:00","chilton","4","CHI","Max","Chilton",1991-04-21,"British","marussia","Marussia","Russian","+1 Lap","shanghai","Shanghai International Circuit","Shanghai","China",31.3389,121.22,"5"
17,1,15,828,991,23837,9,20,"16","16",16,0,56,"+1:02.604","5798984","52","16","1:38.386","199.455",2018,3,"Chinese Grand Prix",2018-04-15,"06:10:00","ericsson","9","ERI","Marcus","Ericsson",1990-09-02,"Swedish","sauber","Sauber","Swiss","Finished","shanghai","Shanghai International Circuit","Shanghai","China",31.3389,121.22,"5"
17,22,131,3,882,21774,9,4,"\N","R",19,0,21,"\N","\N","7","19","1:43.378","189.823",2013,3,"Chinese Grand Prix",2013-04-14,"07:00:00","rosberg","6","ROS","Nico","Rosberg",1985-06-27,"German","mercedes","Mercedes","German","Suspension","shanghai","Shanghai International Circuit","Shanghai","China",31.3389,121.22,"5"
17,1,9,830,991,23826,33,5,"5","5",5,10,56,"+20.436","5756816","50","2","1:36.206","203.974",2018,3,"Chinese Grand Prix",2018-04-15,"06:10:00","max_verstappen","33","VER","Max","Verstappen",1997-09-30,"Dutch","red_bull","Red Bull","Austrian","Finished","shanghai","Shanghai International Circuit","Shanghai","China",31.3389,121.22,"5"
17,11,51,8,1012,24251,7,13,"9","9",9,2,55,"\N","\N","27","12","1:37.812","200.625",2019,3,"Chinese Grand Prix",2019-04-14,"06:10:00","raikkonen","7","RAI","Kimi","Räikkönen",1979-10-17,"Finnish","alfa","Alfa Romeo","Swiss","+1 Lap","shanghai","Shanghai International Circuit","Shanghai","China",31.3389,121.22,"5"
17,1,6,13,862,21292,6,12,"13","13",13,0,56,"+42.779","5829708","48","14","1:41.240","193.832",2012,3,"Chinese Grand Prix",2012-04-15,"07:00:00","massa","19","MAS","Felipe","Massa",1981-04-25,"Brazilian","ferrari","Ferrari","Italian","Finished","shanghai","Shanghai International Circuit","Shanghai","China",31.3389,121.22,"5"
17,1,9,826,950,22963,26,6,"3","3",3,15,56,"+45.936","5979827","38","14","1:41.546","193.248",2016,3,"Chinese Grand Prix",2016-04-17,"06:00:00","kvyat","26","KVY","Daniil","Kvyat",1994-04-26,"Russian","red_bull","Red Bull","Austrian","Finished","shanghai","Shanghai International Circuit","Shanghai","China",31.3389,121.22,"5"
17,1,131,822,1012,24244,77,1,"2","2",2,18,56,"+6.552","5532902","38","4","1:34.872","206.842",2019,3,"Chinese Grand Prix",2019-04-14,"06:10:00","bottas","77","BOT","Valtteri","Bottas",1989-08-28,"Finnish","mercedes","Mercedes","German","Finished","shanghai","Shanghai International Circuit","Shanghai","China",31.3389,121.22,"5"
17,11,209,836,950,22978,94,21,"18","18",18,0,55,"\N","\N","48","13","1:41.489","193.356",2016,3,"Chinese Grand Prix",2016-04-17,"06:00:00","wehrlein","94","WEH","Pascal","Wehrlein",1994-10-18,"German","manor","Manor Marussia","British","+1 Lap","shanghai","Shanghai International Circuit","Shanghai","China",31.3389,121.22,"5"
17,11,207,155,903,22213,10,18,"18","18",18,0,53,"\N","\N","48","16","1:43.323","189.924",2014,4,"Chinese Grand Prix",2014-04-20,"07:00:00","kobayashi","10","KOB","Kamui","Kobayashi",1986-09-13,"Japanese","caterham","Caterham","Malaysian","+1 Lap","shanghai","Shanghai International Circuit","Shanghai","China",31.3389,121.22,"5"
17,1,6,4,903,22198,14,5,"3","3",3,15,54,"+23.604","5631942","48","4","1:42.081","192.235",2014,4,"Chinese Grand Prix",2014-04-20,"07:00:00","alonso","14","ALO","Fernando","Alonso",1981-07-29,"Spanish","ferrari","Ferrari","Italian","Finished","shanghai","Shanghai International Circuit","Shanghai","China",31.3389,121.22,"5"
17,1,3,13,950,22966,19,10,"6","6",6,8,56,"+1:15.511","6009402","34","16","1:41.815","192.737",2016,3,"Chinese Grand Prix",2016-04-17,"06:00:00","massa","19","MAS","Felipe","Massa",1981-04-25,"Brazilian","williams","Williams","British","Finished","shanghai","Shanghai International Circuit","Shanghai","China",31.3389,121.22,"5"
17,1,208,154,862,21285,10,10,"6","6",6,8,56,"+31.491","5818420","35","11","1:41.120","194.062",2012,3,"Chinese Grand Prix",2012-04-15,"07:00:00","grosjean","8","GRO","Romain","Grosjean",1986-04-17,"French","lotus_f1","Lotus F1","British","Finished","shanghai","Shanghai International Circuit","Shanghai","China",31.3389,121.22,"5"
17,11,3,813,843,20842,12,17,"18","18",18,0,55,"\N","\N","46","12","1:41.702","192.951",2011,3,"Chinese Grand Prix",2011-04-17,"07:00:00","maldonado","13","MAL","Pastor","Maldonado",1985-03-09,"Venezuelan","williams","Williams","British","+1 Lap","shanghai","Shanghai International Circuit","Shanghai","China",31.3389,121.22,"5"
17,1,15,815,862,21290,15,8,"11","11",11,0,56,"+41.066","5827995","37","10","1:41.071","194.156",2012,3,"Chinese Grand Prix",2012-04-15,"07:00:00","perez","11","PER","Sergio","Pérez",1990-01-26,"Mexican","sauber","Sauber","Swiss","Finished","shanghai","Shanghai International Circuit","Shanghai","China",31.3389,121.22,"5"
17,1,3,845,991,23836,35,16,"15","15",15,0,56,"+58.241","5794621","47","18","1:38.624","198.973",2018,3,"Chinese Grand Prix",2018-04-15,"06:10:00","sirotkin","35","SIR","Sergey","Sirotkin",1995-08-27,"Russian","williams","Williams","British","Finished","shanghai","Shanghai International Circuit","Shanghai","China",31.3389,121.22,"5"
17,11,10,815,928,22586,11,15,"11","11",11,0,55,"\N","\N","44","10","1:43.512","189.578",2015,3,"Chinese Grand Prix",2015-04-12,"06:00:00","perez","11","PER","Sergio","Pérez",1990-01-26,"Mexican","force_india","Force India","Indian","+1 Lap","shanghai","Shanghai International Circuit","Shanghai","China",31.3389,121.22,"5"
17,1,208,8,862,21293,9,4,"14","14",14,0,56,"+50.573","5837502","43","18","1:41.794","192.777",2012,3,"Chinese Grand Prix",2012-04-15,"07:00:00","raikkonen","7","RAI","Kimi","Räikkönen",1979-10-17,"Finnish","lotus_f1","Lotus F1","British","Finished","shanghai","Shanghai International Circuit","Shanghai","China",31.3389,121.22,"5"
17,1,9,817,970,23402,3,5,"4","4",4,12,56,"+46.035","5902193","36","8","1:36.791","202.741",2017,2,"Chinese Grand Prix",2017-04-09,"06:00:00","ricciardo","3","RIC","Daniel","Ricciardo",1989-07-01,"Australian","red_bull","Red Bull","Austrian","Finished","shanghai","Shanghai International Circuit","Shanghai","China",31.3389,121.22,"5"
17,11,208,813,903,22209,13,22,"14","14",14,0,53,"\N","\N","34","15","1:43.067","190.396",2014,4,"Chinese Grand Prix",2014-04-20,"07:00:00","maldonado","13","MAL","Pastor","Maldonado",1985-03-09,"Venezuelan","lotus_f1","Lotus F1","British","+1 Lap","shanghai","Shanghai International Circuit","Shanghai","China",31.3389,121.22,"5"
17,11,4,835,950,22982,30,19,"22","22",22,0,55,"\N","\N","26","20","1:42.232","191.951",2016,3,"Chinese Grand Prix",2016-04-17,"06:00:00","jolyon_palmer","30","PAL","Jolyon","Palmer",1991-01-20,"British","renault","Renault","French","+1 Lap","shanghai","Shanghai International Circuit","Shanghai","China",31.3389,121.22,"5"
17,9,5,826,970,23415,26,9,"\N","R",17,0,18,"\N","\N","18","17","1:40.090","196.059",2017,2,"Chinese Grand Prix",2017-04-09,"06:00:00","kvyat","26","KVY","Daniil","Kvyat",1994-04-26,"Russian","toro_rosso","Toro Rosso","Italian","Hydraulics","shanghai","Shanghai International Circuit","Shanghai","China",31.3389,121.22,"5"
17,12,207,828,903,22215,9,20,"20","20",20,0,52,"\N","\N","30","19","1:43.620","189.380",2014,4,"Chinese Grand Prix",2014-04-20,"07:00:00","ericsson","9","ERI","Marcus","Ericsson",1990-09-02,"Swedish","caterham","Caterham","Malaysian","+2 Laps","shanghai","Shanghai International Circuit","Shanghai","China",31.3389,121.22,"5"
17,4,10,16,882,21776,15,13,"\N","R",21,0,5,"\N","\N","3","21","1:44.257","188.223",2013,3,"Chinese Grand Prix",2013-04-14,"07:00:00","sutil","99","SUT","Adrian","Sutil",1983-01-11,"German","force_india","Force India","Indian","Collision","shanghai","Shanghai International Circuit","Shanghai","China",31.3389,121.22,"5"
17,11,51,841,1012,24257,99,19,"15","15",15,0,55,"\N","\N","32","14","1:38.048","200.142",2019,3,"Chinese Grand Prix",2019-04-14,"06:10:00","giovinazzi","99","GIO","Antonio","Giovinazzi",1993-12-14,"Italian","alfa","Alfa Romeo","Swiss","+1 Lap","shanghai","Shanghai International Circuit","Shanghai","China",31.3389,121.22,"5"
17,6,10,807,928,22595,27,16,"\N","R",20,0,9,"\N","\N","6","18","1:45.844","185.401",2015,3,"Chinese Grand Prix",2015-04-12,"06:00:00","hulkenberg","27","HUL","Nico","Hülkenberg",1987-08-19,"German","force_india","Force India","Indian","Gearbox","shanghai","Shanghai International Circuit","Shanghai","China",31.3389,121.22,"5"
17,12,206,820,903,22214,4,21,"19","19",19,0,52,"\N","\N","50","13","1:42.875","190.751",2014,4,"Chinese Grand Prix",2014-04-20,"07:00:00","chilton","4","CHI","Max","Chilton",1991-04-21,"British","marussia","Marussia","Russian","+2 Laps","shanghai","Shanghai International Circuit","Shanghai","China",31.3389,121.22,"5"
17,1,15,844,991,23840,16,19,"19","19",19,0,56,"+1:22.575","5818955","23","19","1:38.808","198.603",2018,3,"Chinese Grand Prix",2018-04-15,"06:10:00","leclerc","16","LEC","Charles","Leclerc",1997-10-16,"Monegasque","sauber","Sauber","Swiss","Finished","shanghai","Shanghai International Circuit","Shanghai","China",31.3389,121.22,"5"
17,1,3,822,950,22970,77,5,"10","10",10,1,56,"+1:26.192","6020083","23","15","1:41.558","193.225",2016,3,"Chinese Grand Prix",2016-04-17,"06:00:00","bottas","77","BOT","Valtteri","Bottas",1989-08-28,"Finnish","williams","Williams","British","Finished","shanghai","Shanghai International Circuit","Shanghai","China",31.3389,121.22,"5"
17,1,9,817,928,22584,3,7,"9","9",9,2,56,"+32.117","6014125","46","9","1:43.245","190.068",2015,3,"Chinese Grand Prix",2015-04-12,"06:00:00","ricciardo","3","RIC","Daniel","Ricciardo",1989-07-01,"Australian","red_bull","Red Bull","Austrian","Finished","shanghai","Shanghai International Circuit","Shanghai","China",31.3389,121.22,"5"
17,1,4,808,843,20833,10,10,"9","9",9,2,56,"+57.404","5875630","50","7","1:41.261","193.792",2011,3,"Chinese Grand Prix",2011-04-17,"07:00:00","petrov","\N","PET","Vitaly","Petrov",1984-09-08,"Russian","renault","Renault","French","Finished","shanghai","Shanghai International Circuit","Shanghai","China",31.3389,121.22,"5"
17,11,15,828,950,22976,9,15,"16","16",16,0,55,"\N","\N","41","22","1:43.269","190.024",2016,3,"Chinese Grand Prix",2016-04-17,"06:00:00","ericsson","9","ERI","Marcus","Ericsson",1990-09-02,"Swedish","sauber","Sauber","Swiss","+1 Lap","shanghai","Shanghai International Circuit","Shanghai","China",31.3389,121.22,"5"
17,1,9,817,903,22199,3,2,"4","4",4,12,54,"+27.136","5635474","39","3","1:41.473","193.387",2014,4,"Chinese Grand Prix",2014-04-20,"07:00:00","ricciardo","3","RIC","Daniel","Ricciardo",1989-07-01,"Australian","red_bull","Red Bull","Austrian","Finished","shanghai","Shanghai International Circuit","Shanghai","China",31.3389,121.22,"5"
17,12,164,39,862,21301,23,23,"22","22",22,0,54,"\N","\N","40","23","1:43.935","188.806",2012,3,"Chinese Grand Prix",2012-04-15,"07:00:00","karthikeyan","\N","KAR","Narain","Karthikeyan",1977-01-14,"Indian","hrt","HRT","Spanish","+2 Laps","shanghai","Shanghai International Circuit","Shanghai","China",31.3389,121.22,"5"
17,1,1,18,882,21760,5,8,"5","5",5,10,56,"+35.285","5822230","56","2","1:38.058","200.122",2013,3,"Chinese Grand Prix",2013-04-14,"07:00:00","button","22","BUT","Jenson","Button",1980-01-19,"British","mclaren","McLaren","British","Finished","shanghai","Shanghai International Circuit","Shanghai","China",31.3389,121.22,"5"
17,1,1,815,882,21766,6,12,"11","11",11,0,56,"+1:03.860","5850805","55","14","1:41.281","193.754",2013,3,"Chinese Grand Prix",2013-04-14,"07:00:00","perez","11","PER","Sergio","Pérez",1990-01-26,"Mexican","mclaren","McLaren","British","Finished","shanghai","Shanghai International Circuit","Shanghai","China",31.3389,121.22,"5"
17,1,10,814,882,21763,14,11,"8","8",8,4,56,"+51.084","5838029","55","7","1:40.101","196.038",2013,3,"Chinese Grand Prix",2013-04-14,"07:00:00","resta","\N","DIR","Paul","di Resta",1986-04-16,"British","force_india","Force India","Indian","Finished","shanghai","Shanghai International Circuit","Shanghai","China",31.3389,121.22,"5"
17,1,131,3,862,21280,8,1,"1","1",1,25,56,"1:36:26.929","5786929","40","8","1:40.967","194.356",2012,3,"Chinese Grand Prix",2012-04-15,"07:00:00","rosberg","6","ROS","Nico","Rosberg",1985-06-27,"German","mercedes","Mercedes","German","Finished","shanghai","Shanghai International Circuit","Shanghai","China",31.3389,121.22,"5"
17,1,3,13,928,22580,19,4,"5","5",5,10,56,"+8.544","5990552","37","4","1:42.734","191.013",2015,3,"Chinese Grand Prix",2015-04-12,"06:00:00","massa","19","MAS","Felipe","Massa",1981-04-25,"Brazilian","williams","Williams","British","Finished","shanghai","Shanghai International Circuit","Shanghai","China",31.3389,121.22,"5"
17,1,131,30,843,20832,7,14,"8","8",8,4,56,"+31.026","5849252","46","6","1:41.215","193.880",2011,3,"Chinese Grand Prix",2011-04-17,"07:00:00","michael_schumacher","\N","MSC","Michael","Schumacher",1969-01-03,"German","mercedes","Mercedes","German","Finished","shanghai","Shanghai International Circuit","Shanghai","China",31.3389,121.22,"5"
17,12,3,9,1012,24259,88,18,"17","17",17,0,54,"\N","\N","28","20","1:39.772","196.684",2019,3,"Chinese Grand Prix",2019-04-14,"06:10:00","kubica","88","KUB","Robert","Kubica",1984-12-07,"Polish","williams","Williams","British","+2 Laps","shanghai","Shanghai International Circuit","Shanghai","China",31.3389,121.22,"5"
17,11,210,825,970,23406,20,12,"8","8",8,4,55,"\N","\N","35","11","1:37.528","201.209",2017,2,"Chinese Grand Prix",2017-04-09,"06:00:00","kevin_magnussen","20","MAG","Kevin","Magnussen",1992-10-05,"Danish","haas","Haas F1 Team","American","+1 Lap","shanghai","Shanghai International Circuit","Shanghai","China",31.3389,121.22,"5"
17,1,9,830,1012,24246,33,5,"4","4",4,12,56,"+27.627","5553977","45","6","1:36.143","204.108",2019,3,"Chinese Grand Prix",2019-04-14,"06:10:00","max_verstappen","33","VER","Max","Verstappen",1997-09-30,"Dutch","red_bull","Red Bull","Austrian","Finished","shanghai","Shanghai International Circuit","Shanghai","China",31.3389,121.22,"5"
17,11,1,825,903,22208,20,15,"13","13",13,0,53,"\N","\N","33","12","1:42.701","191.075",2014,4,"Chinese Grand Prix",2014-04-20,"07:00:00","kevin_magnussen","20","MAG","Kevin","Magnussen",1992-10-05,"Danish","mclaren","McLaren","British","+1 Lap","shanghai","Shanghai International Circuit","Shanghai","China",31.3389,121.22,"5"
17,1,5,67,843,20838,18,9,"14","14",14,0,56,"+1:30.671","5908897","45","11","1:41.696","192.963",2011,3,"Chinese Grand Prix",2011-04-17,"07:00:00","buemi","\N","BUE","Sébastien","Buemi",1988-10-31,"Swiss","toro_rosso","Toro Rosso","Italian","Finished","shanghai","Shanghai International Circuit","Shanghai","China",31.3389,121.22,"5"
17,36,5,153,843,20848,19,7,"\N","R",24,0,9,"\N","\N","5","23","1:45.700","185.653",2011,3,"Chinese Grand Prix",2011-04-17,"07:00:00","alguersuari","\N","ALG","Jaime","Alguersuari",1990-03-23,"Spanish","toro_rosso","Toro Rosso","Italian","Wheel","shanghai","Shanghai International Circuit","Shanghai","China",31.3389,121.22,"5"
17,1,3,813,882,21769,16,14,"14","14",14,0,56,"+1:35.453","5882398","54","13","1:40.968","194.354",2013,3,"Chinese Grand Prix",2013-04-14,"07:00:00","maldonado","13","MAL","Pastor","Maldonado",1985-03-09,"Venezuelan","williams","Williams","British","Finished","shanghai","Shanghai International Circuit","Shanghai","China",31.3389,121.22,"5"
17,1,4,2,843,20836,9,16,"12","12",12,0,56,"+1:12.739","5890965","51","16","1:42.406","191.625",2011,3,"Chinese Grand Prix",2011-04-17,"07:00:00","heidfeld","\N","HEI","Nick","Heidfeld",1977-05-10,"German","renault","Renault","French","Finished","shanghai","Shanghai International Circuit","Shanghai","China",31.3389,121.22,"5"
17,130,5,843,991,23841,28,15,"20","20",20,0,51,"\N","\N","50","20","1:39.376","197.468",2018,3,"Chinese Grand Prix",2018-04-15,"06:10:00","brendon_hartley","28","HAR","Brendon","Hartley",1989-11-10,"New Zealander","toro_rosso","Toro Rosso","Italian","Collision damage","shanghai","Shanghai International Circuit","Shanghai","China",31.3389,121.22,"5"
17,1,6,8,991,23824,7,2,"3","3",3,15,56,"+9.637","5746017","48","3","1:36.456","203.446",2018,3,"Chinese Grand Prix",2018-04-15,"06:10:00","raikkonen","7","RAI","Kimi","Räikkönen",1979-10-17,"Finnish","ferrari","Ferrari","Italian","Finished","shanghai","Shanghai International Circuit","Shanghai","China",31.3389,121.22,"5"
17,1,6,844,1012,24247,16,4,"5","5",5,10,56,"+31.276","5557626","45","3","1:34.860","206.869",2019,3,"Chinese Grand Prix",2019-04-14,"06:10:00","leclerc","16","LEC","Charles","Leclerc",1997-10-16,"Monegasque","ferrari","Ferrari","Italian","Finished","shanghai","Shanghai International Circuit","Shanghai","China",31.3389,121.22,"5"
17,11,4,825,950,22977,20,17,"17","17",17,0,55,"\N","\N","22","21","1:42.311","191.803",2016,3,"Chinese Grand Prix",2016-04-17,"06:00:00","kevin_magnussen","20","MAG","Kevin","Magnussen",1992-10-05,"Danish","renault","Renault","French","+1 Lap","shanghai","Shanghai International Circuit","Shanghai","China",31.3389,121.22,"5"
17,11,15,828,970,23413,9,14,"15","15",15,0,55,"\N","\N","50","16","1:39.732","196.763",2017,2,"Chinese Grand Prix",2017-04-09,"06:00:00","ericsson","9","ERI","Marcus","Ericsson",1990-09-02,"Swedish","sauber","Sauber","Swiss","+1 Lap","shanghai","Shanghai International Circuit","Shanghai","China",31.3389,121.22,"5"
17,1,5,817,882,21762,19,7,"7","7",7,6,56,"+42.691","5829636","55","9","1:40.240","195.766",2013,3,"Chinese Grand Prix",2013-04-14,"07:00:00","ricciardo","3","RIC","Daniel","Ricciardo",1989-07-01,"Australian","toro_rosso","Toro Rosso","Italian","Finished","shanghai","Shanghai International Circuit","Shanghai","China",31.3389,121.22,"5"
18,12,205,5,859,21223,20,19,"16","16",16,0,69,"\N","\N","69","17","1:18.023","198.818",2011,19,"Brazilian Grand Prix",2011-11-27,"16:00:00","kovalainen","\N","KOV","Heikki","Kovalainen",1981-10-19,"Finnish","lotus_racing","Lotus","Malaysian","+2 Laps","interlagos","Autódromo José Carlos Pace","São Paulo","Brazil",-23.7036,-46.6997,"785"
18,11,208,5,899,22121,7,11,"14","14",14,0,70,"\N","\N","70","16","1:17.249","200.810",2013,19,"Brazilian Grand Prix",2013-11-24,"16:00:00","kovalainen","\N","KOV","Heikki","Kovalainen",1981-10-19,"Finnish","lotus_f1","Lotus F1","British","+1 Lap","interlagos","Autódromo José Carlos Pace","São Paulo","Brazil",-23.7036,-46.6997,"785"
18,22,9,817,917,22517,3,9,"\N","R",18,0,39,"\N","\N","30","18","1:15.387","205.770",2014,18,"Brazilian Grand Prix",2014-11-09,"16:00:00","ricciardo","3","RIC","Daniel","Ricciardo",1989-07-01,"Australian","red_bull","Red Bull","Austrian","Suspension","interlagos","Autódromo José Carlos Pace","São Paulo","Brazil",-23.7036,-46.6997,"785"
18,1,9,17,899,22109,2,4,"2","2",2,18,71,"+10.452","5566752","51","1","1:15.436","205.636",2013,19,"Brazilian Grand Prix",2013-11-24,"16:00:00","webber","\N","WEB","Mark","Webber",1976-08-27,"Australian","red_bull","Red Bull","Austrian","Finished","interlagos","Autódromo José Carlos Pace","São Paulo","Brazil",-23.7036,-46.6997,"785"
18,1,1,846,1029,24593,4,10,"8","8",8,4,71,"+11.204","5605882","63","7","1:12.328","214.472",2019,20,"Brazilian Grand Prix",2019-11-17,"17:10:00","norris","4","NOR","Lando","Norris",1999-11-13,"British","mclaren","McLaren","British","Finished","interlagos","Autódromo José Carlos Pace","São Paulo","Brazil",-23.7036,-46.6997,"785"
18,3,210,825,987,23761,20,13,"\N","R",20,0,0,"\N","\N","\N","0","\N","\N",2017,19,"Brazilian Grand Prix",2017-11-12,"16:00:00","kevin_magnussen","20","MAG","Kevin","Magnussen",1992-10-05,"Danish","haas","Haas F1 Team","American","Accident","interlagos","Autódromo José Carlos Pace","São Paulo","Brazil",-23.7036,-46.6997,"785"
18,1,210,154,1008,24170,8,8,"8","8",8,4,71,"+51.230s","5280296","71","12","1:12.362","214.372",2018,20,"Brazilian Grand Prix",2018-11-11,"17:10:00","grosjean","8","GRO","Romain","Grosjean",1986-04-17,"French","haas","Haas F1 Team","American","Finished","interlagos","Autódromo José Carlos Pace","São Paulo","Brazil",-23.7036,-46.6997,"785"
18,1,209,839,967,23346,31,22,"12","12",12,0,71,"+45.809","10907144","47","16","1:27.796","176.686",2016,20,"Brazilian Grand Prix",2016-11-13,"16:00:00","ocon","31","OCO","Esteban","Ocon",1996-09-17,"French","manor","Manor Marussia","British","Finished","interlagos","Autódromo José Carlos Pace","São Paulo","Brazil",-23.7036,-46.6997,"785"
18,11,207,5,879,21701,20,20,"14","14",14,0,70,"\N","\N","39","10","1:19.256","195.725",2012,20,"Brazilian Grand Prix",2012-11-25,"16:00:00","kovalainen","\N","KOV","Heikki","Kovalainen",1981-10-19,"Finnish","caterham","Caterham","Malaysian","+1 Lap","interlagos","Autódromo José Carlos Pace","São Paulo","Brazil",-23.7036,-46.6997,"785"
18,1,131,1,1008,24163,44,1,"1","1",1,25,71,"1:27:09.066","5229066","70","7","1:11.795","216.065",2018,20,"Brazilian Grand Prix",2018-11-11,"17:10:00","hamilton","44","HAM","Lewis","Hamilton",1985-01-07,"British","mercedes","Mercedes","German","Finished","interlagos","Autódromo José Carlos Pace","São Paulo","Brazil",-23.7036,-46.6997,"785"
18,1,9,830,987,23746,33,4,"5","5",5,10,71,"+32.940","5519202","64","1","1:11.044","218.349",2017,19,"Brazilian Grand Prix",2017-11-12,"16:00:00","max_verstappen","33","VER","Max","Verstappen",1997-09-30,"Dutch","red_bull","Red Bull","Austrian","Finished","interlagos","Autódromo José Carlos Pace","São Paulo","Brazil",-23.7036,-46.6997,"785"
18,1,5,842,1029,24587,10,6,"2","2",2,18,71,"+6.077","5600755","65","9","1:12.425","214.185",2019,20,"Brazilian Grand Prix",2019-11-17,"17:10:00","gasly","10","GAS","Pierre","Gasly",1996-02-07,"French","toro_rosso","Toro Rosso","Italian","Finished","interlagos","Autódromo José Carlos Pace","São Paulo","Brazil",-23.7036,-46.6997,"785"
18,1,6,832,1071,25331,55,3,"6","6",6,9,71,"+51.820","5594671","63","6","1:12.710","213.346",2021,19,"São Paulo Grand Prix",2021-11-14,"17:00:00","sainz","55","SAI","Carlos","Sainz",1994-09-01,"Spanish","ferrari","Ferrari","Italian","Finished","interlagos","Autódromo José Carlos Pace","São Paulo","Brazil",-23.7036,-46.6997,"785"
18,12,210,853,1071,25342,9,19,"17","17",17,0,69,"\N","\N","36","19","1:14.954","206.958",2021,19,"São Paulo Grand Prix",2021-11-14,"17:00:00","mazepin","9","MAZ","Nikita","Mazepin",1999-03-02,"Russian","haas","Haas F1 Team","American","+2 Laps","interlagos","Autódromo José Carlos Pace","São Paulo","Brazil",-23.7036,-46.6997,"785"
18,1,1,825,917,22508,20,7,"9","9",9,2,71,"+1:10.085","5472640","62","11","1:14.544","208.097",2014,18,"Brazilian Grand Prix",2014-11-09,"16:00:00","kevin_magnussen","20","MAG","Kevin","Magnussen",1992-10-05,"Danish","mclaren","McLaren","British","Finished","interlagos","Autódromo José Carlos Pace","São Paulo","Brazil",-23.7036,-46.6997,"785"
18,75,1,817,1071,25344,3,11,"\N","R",19,0,49,"\N","\N","40","17","1:14.443","208.379",2021,19,"São Paulo Grand Prix",2021-11-14,"17:00:00","ricciardo","3","RIC","Daniel","Ricciardo",1989-07-01,"Australian","mclaren","McLaren","British","Power loss","interlagos","Autódromo José Carlos Pace","São Paulo","Brazil",-23.7036,-46.6997,"785"
18,22,211,840,1029,24604,18,17,"19","19",19,0,65,"\N","\N","65","10","1:12.603","213.660",2019,20,"Brazilian Grand Prix",2019-11-17,"17:10:00","stroll","18","STR","Lance","Stroll",1998-10-29,"Canadian","racing_point","Racing Point","British","Suspension","interlagos","Autódromo José Carlos Pace","São Paulo","Brazil",-23.7036,-46.6997,"785"
18,1,131,1,899,22116,10,5,"9","9",9,2,71,"+1:12.903","5629203","51","10","1:16.692","202.268",2013,19,"Brazilian Grand Prix",2013-11-24,"16:00:00","hamilton","44","HAM","Lewis","Hamilton",1985-01-07,"British","mercedes","Mercedes","German","Finished","interlagos","Autódromo José Carlos Pace","São Paulo","Brazil",-23.7036,-46.6997,"785"
18,11,1,838,1008,24176,2,20,"14","14",14,0,70,"\N","\N","68","16","1:12.968","212.591",2018,20,"Brazilian Grand Prix",2018-11-11,"17:10:00","vandoorne","2","VAN","Stoffel","Vandoorne",1992-03-26,"Belgian","mclaren","McLaren","British","+1 Lap","interlagos","Autódromo José Carlos Pace","São Paulo","Brazil",-23.7036,-46.6997,"785"
18,1,9,20,917,22504,1,6,"5","5",5,10,71,"+51.420","5453975","68","5","1:14.018","209.576",2014,18,"Brazilian Grand Prix",2014-11-09,"16:00:00","vettel","5","VET","Sebastian","Vettel",1987-07-03,"German","red_bull","Red Bull","Austrian","Finished","interlagos","Autódromo José Carlos Pace","São Paulo","Brazil",-23.7036,-46.6997,"785"
18,11,5,826,917,22510,26,17,"11","11",11,0,70,"\N","\N","62","8","1:14.144","209.219",2014,18,"Brazilian Grand Prix",2014-11-09,"16:00:00","kvyat","26","KVY","Daniil","Kvyat",1994-04-26,"Russian","toro_rosso","Toro Rosso","Italian","+1 Lap","interlagos","Autódromo José Carlos Pace","São Paulo","Brazil",-23.7036,-46.6997,"785"
18,1,9,815,1071,25329,11,4,"4","4",4,13,71,"+39.940","5582791","71","1","1:11.010","218.453",2021,19,"São Paulo Grand Prix",2021-11-14,"17:00:00","perez","11","PER","Sergio","Pérez",1990-01-26,"Mexican","red_bull","Red Bull","Austrian","Finished","interlagos","Autódromo José Carlos Pace","São Paulo","Brazil",-23.7036,-46.6997,"785"
18,1,9,17,879,21691,2,3,"4","4",4,12,71,"+4.936","6327592","39","6","1:18.903","196.600",2012,20,"Brazilian Grand Prix",2012-11-25,"16:00:00","webber","\N","WEB","Mark","Webber",1976-08-27,"Australian","red_bull","Red Bull","Austrian","Finished","interlagos","Autódromo José Carlos Pace","São Paulo","Brazil",-23.7036,-46.6997,"785"
18,12,3,840,1008,24180,18,19,"18","18",18,0,69,"\N","\N","68","5","1:11.751","216.197",2018,20,"Brazilian Grand Prix",2018-11-11,"17:10:00","stroll","18","STR","Lance","Stroll",1998-10-29,"Canadian","williams","Williams","British","+2 Laps","interlagos","Autódromo José Carlos Pace","São Paulo","Brazil",-23.7036,-46.6997,"785"
18,1,131,30,879,21694,7,13,"7","7",7,6,71,"+11.907","6334563","37","15","1:20.158","193.522",2012,20,"Brazilian Grand Prix",2012-11-25,"16:00:00","michael_schumacher","\N","MSC","Michael","Schumacher",1969-01-03,"German","mercedes","Mercedes","German","Finished","interlagos","Autódromo José Carlos Pace","São Paulo","Brazil",-23.7036,-46.6997,"785"
18,1,210,154,1029,24598,8,7,"13","13",13,0,71,"+14.247","5608925","29","18","1:13.619","210.711",2019,20,"Brazilian Grand Prix",2019-11-17,"17:10:00","grosjean","8","GRO","Romain","Grosjean",1986-04-17,"French","haas","Haas F1 Team","American","Finished","interlagos","Autódromo José Carlos Pace","São Paulo","Brazil",-23.7036,-46.6997,"785"
18,11,9,817,944,22887,3,19,"11","11",11,0,70,"\N","\N","56","11","1:16.313","203.273",2015,18,"Brazilian Grand Prix",2015-11-15,"16:00:00","ricciardo","3","RIC","Daniel","Ricciardo",1989-07-01,"Australian","red_bull","Red Bull","Austrian","+1 Lap","interlagos","Autódromo José Carlos Pace","São Paulo","Brazil",-23.7036,-46.6997,"785"
18,1,6,8,987,23744,7,3,"3","3",3,15,71,"+4.600","5490862","61","6","1:12.492","213.987",2017,19,"Brazilian Grand Prix",2017-11-12,"16:00:00","raikkonen","7","RAI","Kimi","Räikkönen",1979-10-17,"Finnish","ferrari","Ferrari","Italian","Finished","interlagos","Autódromo José Carlos Pace","São Paulo","Brazil",-23.7036,-46.6997,"785"
18,11,10,16,899,22120,15,15,"13","13",13,0,70,"\N","\N","57","4","1:16.049","203.979",2013,19,"Brazilian Grand Prix",2013-11-24,"16:00:00","sutil","99","SUT","Adrian","Sutil",1983-01-11,"German","force_india","Force India","Indian","+1 Lap","interlagos","Autódromo José Carlos Pace","São Paulo","Brazil",-23.7036,-46.6997,"785"
18,4,6,8,967,23354,7,3,"\N","R",20,0,19,"\N","\N","12","19","1:28.847","174.596",2016,20,"Brazilian Grand Prix",2016-11-13,"16:00:00","raikkonen","7","RAI","Kimi","Räikkönen",1979-10-17,"Finnish","ferrari","Ferrari","Italian","Collision","interlagos","Autódromo José Carlos Pace","São Paulo","Brazil",-23.7036,-46.6997,"785"
18,11,5,67,859,21219,18,14,"12","12",12,0,70,"\N","\N","59","13","1:17.428","200.346",2011,19,"Brazilian Grand Prix",2011-11-27,"16:00:00","buemi","\N","BUE","Sébastien","Buemi",1988-10-31,"Swiss","toro_rosso","Toro Rosso","Italian","+1 Lap","interlagos","Autódromo José Carlos Pace","São Paulo","Brazil",-23.7036,-46.6997,"785"
18,31,166,10,859,21231,24,24,"\N","R",24,0,21,"\N","\N","14","24","1:21.773","189.700",2011,19,"Brazilian Grand Prix",2011-11-27,"16:00:00","glock","\N","GLO","Timo","Glock",1982-03-18,"German","virgin","Virgin","British","Retired","interlagos","Autódromo José Carlos Pace","São Paulo","Brazil",-23.7036,-46.6997,"785"
18,11,131,30,859,21222,7,10,"15","15",15,0,70,"\N","\N","62","5","1:16.681","202.297",2011,19,"Brazilian Grand Prix",2011-11-27,"16:00:00","michael_schumacher","\N","MSC","Michael","Schumacher",1969-01-03,"German","mercedes","Mercedes","German","+1 Lap","interlagos","Autódromo José Carlos Pace","São Paulo","Brazil",-23.7036,-46.6997,"785"
18,1,1,4,987,23749,14,6,"8","8",8,4,71,"+1:09.363","5555625","57","10","1:13.451","211.193",2017,19,"Brazilian Grand Prix",2017-11-12,"16:00:00","alonso","14","ALO","Fernando","Alonso",1981-07-29,"Spanish","mclaren","McLaren","British","Finished","interlagos","Autódromo José Carlos Pace","São Paulo","Brazil",-23.7036,-46.6997,"785"
18,11,15,831,944,22889,12,13,"13","13",13,0,70,"\N","\N","41","17","1:16.794","202.000",2015,18,"Brazilian Grand Prix",2015-11-15,"16:00:00","nasr","12","NAS","Felipe","Nasr",1992-08-21,"Brazilian","sauber","Sauber","Swiss","+1 Lap","interlagos","Autódromo José Carlos Pace","São Paulo","Brazil",-23.7036,-46.6997,"785"
18,11,208,813,944,22886,13,15,"10","10",10,1,70,"\N","\N","63","13","1:16.354","203.164",2015,18,"Brazilian Grand Prix",2015-11-15,"16:00:00","maldonado","13","MAL","Pastor","Maldonado",1985-03-09,"Venezuelan","lotus_f1","Lotus F1","British","+1 Lap","interlagos","Autódromo José Carlos Pace","São Paulo","Brazil",-23.7036,-46.6997,"785"
18,1,131,1,1029,24592,44,3,"7","7",7,6,71,"+11.139","5605817","46","3","1:11.082","218.232",2019,20,"Brazilian Grand Prix",2019-11-17,"17:10:00","hamilton","44","HAM","Lewis","Hamilton",1985-01-07,"British","mercedes","Mercedes","German","Finished","interlagos","Autódromo José Carlos Pace","São Paulo","Brazil",-23.7036,-46.6997,"785"
18,130,117,840,1071,25345,18,14,"\N","R",20,0,47,"\N","\N","25","20","1:15.344","205.887",2021,19,"São Paulo Grand Prix",2021-11-14,"17:00:00","stroll","18","STR","Lance","Stroll",1998-10-29,"Canadian","aston_martin","Aston Martin","British","Collision damage","interlagos","Autódromo José Carlos Pace","São Paulo","Brazil",-23.7036,-46.6997,"785"
18,4,15,815,879,21711,15,12,"\N","R",24,0,0,"\N","\N","\N","0","\N","\N",2012,20,"Brazilian Grand Prix",2012-11-25,"16:00:00","perez","11","PER","Sergio","Pérez",1990-01-26,"Mexican","sauber","Sauber","Swiss","Collision","interlagos","Autódromo José Carlos Pace","São Paulo","Brazil",-23.7036,-46.6997,"785"
18,3,1,838,987,23760,2,12,"\N","R",19,0,0,"\N","\N","\N","0","\N","\N",2017,19,"Brazilian Grand Prix",2017-11-12,"16:00:00","vandoorne","2","VAN","Stoffel","Vandoorne",1992-03-26,"Belgian","mclaren","McLaren","British","Accident","interlagos","Autódromo José Carlos Pace","São Paulo","Brazil",-23.7036,-46.6997,"785"
18,11,208,813,917,22511,13,16,"12","12",12,0,70,"\N","\N","47","14","1:14.810","207.357",2014,18,"Brazilian Grand Prix",2014-11-09,"16:00:00","maldonado","13","MAL","Pastor","Maldonado",1985-03-09,"Venezuelan","lotus_f1","Lotus F1","British","+1 Lap","interlagos","Autódromo José Carlos Pace","São Paulo","Brazil",-23.7036,-46.6997,"785"
18,11,10,814,859,21215,15,11,"8","8",8,4,70,"\N","\N","64","14","1:17.452","200.284",2011,19,"Brazilian Grand Prix",2011-11-27,"16:00:00","resta","\N","DIR","Paul","di Resta",1986-04-16,"British","force_india","Force India","Indian","+1 Lap","interlagos","Autódromo José Carlos Pace","São Paulo","Brazil",-23.7036,-46.6997,"785"
18,6,1,1,859,21229,3,4,"\N","R",22,0,46,"\N","\N","35","11","1:17.209","200.914",2011,19,"Brazilian Grand Prix",2011-11-27,"16:00:00","hamilton","44","HAM","Lewis","Hamilton",1985-01-07,"British","mclaren","McLaren","British","Gearbox","interlagos","Autódromo José Carlos Pace","São Paulo","Brazil",-23.7036,-46.6997,"785"
18,1,5,818,879,21695,17,17,"8","8",8,4,71,"+28.653","6351309","39","8","1:18.983","196.401",2012,20,"Brazilian Grand Prix",2012-11-25,"16:00:00","vergne","25","VER","Jean-Éric","Vergne",1990-04-25,"French","toro_rosso","Toro Rosso","Italian","Finished","interlagos","Autódromo José Carlos Pace","São Paulo","Brazil",-23.7036,-46.6997,"785"
18,1,6,20,944,22879,5,3,"3","3",3,15,71,"+14.244","5483334","57","3","1:15.046","206.705",2015,18,"Brazilian Grand Prix",2015-11-15,"16:00:00","vettel","5","VET","Sebastian","Vettel",1987-07-03,"German","ferrari","Ferrari","Italian","Finished","interlagos","Autódromo José Carlos Pace","São Paulo","Brazil",-23.7036,-46.6997,"785"
18,1,6,13,859,21212,6,7,"5","5",5,10,71,"+1:06.733","5604197","64","12","1:17.271","200.753",2011,19,"Brazilian Grand Prix",2011-11-27,"16:00:00","massa","19","MAS","Felipe","Massa",1981-04-25,"Brazilian","ferrari","Ferrari","Italian","Finished","interlagos","Autódromo José Carlos Pace","São Paulo","Brazil",-23.7036,-46.6997,"785"
18,13,164,817,859,21227,22,22,"20","20",20,0,68,"\N","\N","64","20","1:19.649","194.759",2011,19,"Brazilian Grand Prix",2011-11-27,"16:00:00","ricciardo","3","RIC","Daniel","Ricciardo",1989-07-01,"Australian","hrt","HRT","Spanish","+3 Laps","interlagos","Autódromo José Carlos Pace","São Paulo","Brazil",-23.7036,-46.6997,"785"
18,1,9,817,1008,24166,3,11,"4","4",4,12,71,"+5.193s","5234259","62","3","1:11.343","217.434",2018,20,"Brazilian Grand Prix",2018-11-11,"17:10:00","ricciardo","3","RIC","Daniel","Ricciardo",1989-07-01,"Australian","red_bull","Red Bull","Austrian","Finished","interlagos","Autódromo José Carlos Pace","São Paulo","Brazil",-23.7036,-46.6997,"785"
18,131,131,822,1029,24605,77,4,"\N","R",20,0,51,"\N","\N","43","1","1:10.698","219.417",2019,20,"Brazilian Grand Prix",2019-11-17,"17:10:00","bottas","77","BOT","Valtteri","Bottas",1989-08-28,"Finnish","mercedes","Mercedes","German","Power Unit","interlagos","Autódromo José Carlos Pace","São Paulo","Brazil",-23.7036,-46.6997,"785"
18,1,6,844,1071,25330,16,6,"5","5",5,10,71,"+49.517","5592368","61","7","1:12.822","213.018",2021,19,"São Paulo Grand Prix",2021-11-14,"17:00:00","leclerc","16","LEC","Charles","Leclerc",1997-10-16,"Monegasque","ferrari","Ferrari","Italian","Finished","interlagos","Autódromo José Carlos Pace","São Paulo","Brazil",-23.7036,-46.6997,"785"
18,3,208,154,879,21708,10,18,"\N","R",21,0,5,"\N","\N","2","21","1:22.184","188.752",2012,20,"Brazilian Grand Prix",2012-11-25,"16:00:00","grosjean","8","GRO","Romain","Grosjean",1986-04-17,"French","lotus_f1","Lotus F1","British","Accident","interlagos","Autódromo José Carlos Pace","São Paulo","Brazil",-23.7036,-46.6997,"785"
18,4,15,828,967,23355,9,20,"\N","R",21,0,11,"\N","\N","11","20","1:31.265","169.970",2016,20,"Brazilian Grand Prix",2016-11-13,"16:00:00","ericsson","9","ERI","Marcus","Ericsson",1990-09-02,"Swedish","sauber","Sauber","Swiss","Collision","interlagos","Autódromo José Carlos Pace","São Paulo","Brazil",-23.7036,-46.6997,"785"
18,1,9,20,899,22108,1,1,"1","1",1,25,71,"1:32:36.300","5556300","51","3","1:15.624","205.125",2013,19,"Brazilian Grand Prix",2013-11-24,"16:00:00","vettel","5","VET","Sebastian","Vettel",1987-07-03,"German","red_bull","Red Bull","Austrian","Finished","interlagos","Autódromo José Carlos Pace","São Paulo","Brazil",-23.7036,-46.6997,"785"
18,1,6,13,879,21690,6,5,"3","3",3,15,71,"+3.615","6326271","37","5","1:18.879","196.660",2012,20,"Brazilian Grand Prix",2012-11-25,"16:00:00","massa","19","MAS","Felipe","Massa",1981-04-25,"Brazilian","ferrari","Ferrari","Italian","Finished","interlagos","Autódromo José Carlos Pace","São Paulo","Brazil",-23.7036,-46.6997,"785"
18,54,210,154,967,23356,8,7,"\N","W",22,0,0,"\N","\N","\N","0","\N","\N",2016,20,"Brazilian Grand Prix",2016-11-13,"16:00:00","grosjean","8","GRO","Romain","Grosjean",1986-04-17,"French","haas","Haas F1 Team","American","Withdrew","interlagos","Autódromo José Carlos Pace","São Paulo","Brazil",-23.7036,-46.6997,"785"
18,31,210,821,967,23351,21,12,"\N","R",17,0,60,"\N","\N","43","17","1:27.805","176.668",2016,20,"Brazilian Grand Prix",2016-11-13,"16:00:00","gutierrez","21","GUT","Esteban","Gutiérrez",1991-08-05,"Mexican","haas","Haas F1 Team","American","Retired","interlagos","Autódromo José Carlos Pace","São Paulo","Brazil",-23.7036,-46.6997,"785"
18,11,4,832,1008,24174,55,15,"12","12",12,0,70,"\N","\N","50","9","1:12.169","214.945",2018,20,"Brazilian Grand Prix",2018-11-11,"17:10:00","sainz","55","SAI","Carlos","Sainz",1994-09-01,"Spanish","renault","Renault","French","+1 Lap","interlagos","Autódromo José Carlos Pace","São Paulo","Brazil",-23.7036,-46.6997,"785"
18,18,208,154,917,22516,8,14,"17","17",17,0,63,"\N","\N","63","6","1:14.070","209.428",2014,18,"Brazilian Grand Prix",2014-11-09,"16:00:00","grosjean","8","GRO","Romain","Grosjean",1986-04-17,"French","lotus_f1","Lotus F1","British","+8 Laps","interlagos","Autódromo José Carlos Pace","São Paulo","Brazil",-23.7036,-46.6997,"785"
18,1,6,8,1008,24165,7,4,"3","3",3,15,71,"+4.764s","5233830","64","6","1:11.769","216.143",2018,20,"Brazilian Grand Prix",2018-11-11,"17:10:00","raikkonen","7","RAI","Kimi","Räikkönen",1979-10-17,"Finnish","ferrari","Ferrari","Italian","Finished","interlagos","Autódromo José Carlos Pace","São Paulo","Brazil",-23.7036,-46.6997,"785"
18,11,3,822,917,22509,77,4,"10","10",10,1,70,"\N","\N","64","9","1:14.229","208.980",2014,18,"Brazilian Grand Prix",2014-11-09,"16:00:00","bottas","77","BOT","Valtteri","Bottas",1989-08-28,"Finnish","williams","Williams","British","+1 Lap","interlagos","Autódromo José Carlos Pace","São Paulo","Brazil",-23.7036,-46.6997,"785"
18,11,15,828,987,23754,9,17,"13","13",13,0,70,"\N","\N","70","14","1:13.666","210.577",2017,19,"Brazilian Grand Prix",2017-11-12,"16:00:00","ericsson","9","ERI","Marcus","Ericsson",1990-09-02,"Swedish","sauber","Sauber","Swiss","+1 Lap","interlagos","Autódromo José Carlos Pace","São Paulo","Brazil",-23.7036,-46.6997,"785"
18,11,15,815,859,21220,17,17,"13","13",13,0,70,"\N","\N","63","16","1:17.780","199.439",2011,19,"Brazilian Grand Prix",2011-11-27,"16:00:00","perez","11","PER","Sergio","Pérez",1990-01-26,"Mexican","sauber","Sauber","Swiss","+1 Lap","interlagos","Autódromo José Carlos Pace","São Paulo","Brazil",-23.7036,-46.6997,"785"
18,1,15,807,899,22115,11,10,"8","8",8,4,71,"+1:04.252","5620552","49","12","1:16.802","201.979",2013,19,"Brazilian Grand Prix",2013-11-24,"16:00:00","hulkenberg","27","HUL","Nico","Hülkenberg",1987-08-19,"German","sauber","Sauber","Swiss","Finished","interlagos","Autódromo José Carlos Pace","São Paulo","Brazil",-23.7036,-46.6997,"785"
18,1,3,822,967,23345,77,11,"11","11",11,0,71,"+45.292","10906627","70","4","1:26.062","180.246",2016,20,"Brazilian Grand Prix",2016-11-13,"16:00:00","bottas","77","BOT","Valtteri","Bottas",1989-08-28,"Finnish","williams","Williams","British","Finished","interlagos","Autódromo José Carlos Pace","São Paulo","Brazil",-23.7036,-46.6997,"785"
18,1,9,830,1071,25327,33,2,"2","2",2,20,71,"+10.496","5553347","47","3","1:12.486","214.005",2021,19,"São Paulo Grand Prix",2021-11-14,"17:00:00","max_verstappen","33","VER","Max","Verstappen",1997-09-30,"Dutch","red_bull","Red Bull","Austrian","Finished","interlagos","Autódromo José Carlos Pace","São Paulo","Brazil",-23.7036,-46.6997,"785"
18,1,10,807,879,21692,12,6,"5","5",5,10,71,"+5.708","6328364","38","3","1:18.210","198.342",2012,20,"Brazilian Grand Prix",2012-11-25,"16:00:00","hulkenberg","27","HUL","Nico","Hülkenberg",1987-08-19,"German","force_india","Force India","Indian","Finished","interlagos","Autódromo José Carlos Pace","São Paulo","Brazil",-23.7036,-46.6997,"785"
18,1,9,830,967,23337,33,4,"3","3",3,15,71,"+21.481","10882816","67","1","1:25.305","181.846",2016,20,"Brazilian Grand Prix",2016-11-13,"16:00:00","max_verstappen","33","VER","Max","Verstappen",1997-09-30,"Dutch","red_bull","Red Bull","Austrian","Finished","interlagos","Autódromo José Carlos Pace","São Paulo","Brazil",-23.7036,-46.6997,"785"
18,25,4,807,1008,24181,27,13,"\N","R",19,0,32,"\N","\N","30","18","1:14.029","209.544",2018,20,"Brazilian Grand Prix",2018-11-11,"17:10:00","hulkenberg","27","HUL","Nico","Hülkenberg",1987-08-19,"German","renault","Renault","French","Overheating","interlagos","Autódromo José Carlos Pace","São Paulo","Brazil",-23.7036,-46.6997,"785"
18,3,10,814,879,21706,11,10,"19","19",19,0,68,"\N","\N","39","12","1:19.314","195.582",2012,20,"Brazilian Grand Prix",2012-11-25,"16:00:00","resta","\N","DIR","Paul","di Resta",1986-04-16,"British","force_india","Force India","Indian","Accident","interlagos","Autódromo José Carlos Pace","São Paulo","Brazil",-23.7036,-46.6997,"785"
18,13,166,816,859,21226,25,23,"19","19",19,0,68,"\N","\N","60","22","1:19.902","194.142",2011,19,"Brazilian Grand Prix",2011-11-27,"16:00:00","ambrosio","\N","DAM","Jérôme","d'Ambrosio",1985-12-27,"Belgian","virgin","Virgin","British","+3 Laps","interlagos","Autódromo José Carlos Pace","São Paulo","Brazil",-23.7036,-46.6997,"785"
18,1,51,8,1029,24589,7,8,"4","4",4,12,71,"+9.452","5604130","65","15","1:13.135","212.106",2019,20,"Brazilian Grand Prix",2019-11-17,"17:10:00","raikkonen","7","RAI","Kimi","Räikkönen",1979-10-17,"Finnish","alfa","Alfa Romeo","Swiss","Finished","interlagos","Autódromo José Carlos Pace","São Paulo","Brazil",-23.7036,-46.6997,"785"
18,11,9,826,944,22883,26,6,"7","7",7,6,70,"\N","\N","41","14","1:16.500","202.776",2015,18,"Brazilian Grand Prix",2015-11-15,"16:00:00","kvyat","26","KVY","Daniil","Kvyat",1994-04-26,"Russian","red_bull","Red Bull","Austrian","+1 Lap","interlagos","Autódromo José Carlos Pace","São Paulo","Brazil",-23.7036,-46.6997,"785"
18,11,10,815,917,22514,11,18,"15","15",15,0,70,"\N","\N","70","12","1:14.550","208.080",2014,18,"Brazilian Grand Prix",2014-11-09,"16:00:00","perez","11","PER","Sergio","Pérez",1990-01-26,"Mexican","force_india","Force India","Indian","+1 Lap","interlagos","Autódromo José Carlos Pace","São Paulo","Brazil",-23.7036,-46.6997,"785"
18,1,5,832,967,23340,55,15,"6","6",6,8,71,"+29.160","10890495","38","13","1:27.153","177.990",2016,20,"Brazilian Grand Prix",2016-11-13,"16:00:00","sainz","55","SAI","Carlos","Sainz",1994-09-01,"Spanish","toro_rosso","Toro Rosso","Italian","Finished","interlagos","Autódromo José Carlos Pace","São Paulo","Brazil",-23.7036,-46.6997,"785"
18,12,3,840,987,23757,18,16,"16","16",16,0,69,"\N","\N","69","3","1:11.862","215.863",2017,19,"Brazilian Grand Prix",2017-11-12,"16:00:00","stroll","18","STR","Lance","Stroll",1998-10-29,"Canadian","williams","Williams","British","+2 Laps","interlagos","Autódromo José Carlos Pace","São Paulo","Brazil",-23.7036,-46.6997,"785"
18,31,5,832,944,22895,55,10,"\N","R",19,0,0,"\N","\N","\N","0","\N","\N",2015,18,"Brazilian Grand Prix",2015-11-15,"16:00:00","sainz","55","SAI","Carlos","Sainz",1994-09-01,"Spanish","toro_rosso","Toro Rosso","Italian","Retired","interlagos","Autódromo José Carlos Pace","São Paulo","Brazil",-23.7036,-46.6997,"785"
18,31,164,24,859,21228,23,21,"\N","R",21,0,61,"\N","\N","60","23","1:20.648","192.346",2011,19,"Brazilian Grand Prix",2011-11-27,"16:00:00","liuzzi","\N","LIU","Vitantonio","Liuzzi",1980-08-06,"Italian","hrt","HRT","Spanish","Retired","interlagos","Autódromo José Carlos Pace","São Paulo","Brazil",-23.7036,-46.6997,"785"
18,11,131,3,879,21702,8,9,"15","15",15,0,70,"\N","\N","38","16","1:20.266","193.262",2012,20,"Brazilian Grand Prix",2012-11-25,"16:00:00","rosberg","6","ROS","Nico","Rosberg",1985-06-27,"German","mercedes","Mercedes","German","+1 Lap","interlagos","Autódromo José Carlos Pace","São Paulo","Brazil",-23.7036,-46.6997,"785"
18,1,6,8,917,22506,7,10,"7","7",7,6,71,"+1:03.730","5466285","37","17","1:14.963","206.934",2014,18,"Brazilian Grand Prix",2014-11-09,"16:00:00","raikkonen","7","RAI","Kimi","Räikkönen",1979-10-17,"Finnish","ferrari","Ferrari","Italian","Finished","interlagos","Autódromo José Carlos Pace","São Paulo","Brazil",-23.7036,-46.6997,"785"
18,1,6,4,859,21211,5,5,"4","4",4,12,71,"+35.048","5572512","65","4","1:16.181","203.625",2011,19,"Brazilian Grand Prix",2011-11-27,"16:00:00","alonso","14","ALO","Fernando","Alonso",1981-07-29,"Spanish","ferrari","Ferrari","Italian","Finished","interlagos","Autódromo José Carlos Pace","São Paulo","Brazil",-23.7036,-46.6997,"785"
18,1,9,817,987,23747,3,14,"6","6",6,8,71,"+48.691","5534953","71","4","1:12.029","215.363",2017,19,"Brazilian Grand Prix",2017-11-12,"16:00:00","ricciardo","3","RIC","Daniel","Ricciardo",1989-07-01,"Australian","red_bull","Red Bull","Austrian","Finished","interlagos","Autódromo José Carlos Pace","São Paulo","Brazil",-23.7036,-46.6997,"785"
18,14,209,829,944,22893,28,18,"17","17",17,0,67,"\N","\N","42","19","1:19.098","196.116",2015,18,"Brazilian Grand Prix",2015-11-15,"16:00:00","stevens","28","STE","Will","Stevens",1991-06-28,"British","manor","Manor Marussia","British","+4 Laps","interlagos","Autódromo José Carlos Pace","São Paulo","Brazil",-23.7036,-46.6997,"785"
18,4,1,1,879,21707,4,1,"\N","R",20,0,54,"\N","\N","38","1","1:18.069","198.701",2012,20,"Brazilian Grand Prix",2012-11-25,"16:00:00","hamilton","44","HAM","Lewis","Hamilton",1985-01-07,"British","mclaren","McLaren","British","Collision","interlagos","Autódromo José Carlos Pace","São Paulo","Brazil",-23.7036,-46.6997,"785"
18,1,4,817,1029,24591,3,11,"6","6",6,8,71,"+10.541","5605219","44","11","1:12.733","213.278",2019,20,"Brazilian Grand Prix",2019-11-17,"17:10:00","ricciardo","3","RIC","Daniel","Ricciardo",1989-07-01,"Australian","renault","Renault","French","Finished","interlagos","Autódromo José Carlos Pace","São Paulo","Brazil",-23.7036,-46.6997,"785"
18,26,207,819,899,22127,20,18,"\N","R",20,0,58,"\N","\N","27","21","1:18.434","197.776",2013,19,"Brazilian Grand Prix",2013-11-24,"16:00:00","pic","\N","PIC","Charles","Pic",1990-02-15,"French","caterham","Caterham","Malaysian","Mechanical","interlagos","Autódromo José Carlos Pace","São Paulo","Brazil",-23.7036,-46.6997,"785"
18,11,5,842,1008,24175,10,9,"13","13",13,0,70,"\N","\N","55","17","1:13.822","210.132",2018,20,"Brazilian Grand Prix",2018-11-11,"17:10:00","gasly","10","GAS","Pierre","Gasly",1996-02-07,"French","toro_rosso","Toro Rosso","Italian","+1 Lap","interlagos","Autódromo José Carlos Pace","São Paulo","Brazil",-23.7036,-46.6997,"785"
18,1,15,155,879,21696,14,14,"9","9",9,2,71,"+31.250","6353906","35","7","1:18.973","196.426",2012,20,"Brazilian Grand Prix",2012-11-25,"16:00:00","kobayashi","10","KOB","Kamui","Kobayashi",1986-09-13,"Japanese","sauber","Sauber","Swiss","Finished","interlagos","Autódromo José Carlos Pace","São Paulo","Brazil",-23.7036,-46.6997,"785"
18,1,4,825,967,23348,20,18,"14","14",14,0,71,"+51.555","10912890","69","7","1:26.524","179.284",2016,20,"Brazilian Grand Prix",2016-11-13,"16:00:00","kevin_magnussen","20","MAG","Kevin","Magnussen",1992-10-05,"Danish","renault","Renault","French","Finished","interlagos","Autódromo José Carlos Pace","São Paulo","Brazil",-23.7036,-46.6997,"785"
18,11,208,8,879,21697,9,8,"10","10",10,1,70,"\N","\N","34","13","1:19.444","195.262",2012,20,"Brazilian Grand Prix",2012-11-25,"16:00:00","raikkonen","7","RAI","Kimi","Räikkönen",1979-10-17,"Finnish","lotus_f1","Lotus F1","British","+1 Lap","interlagos","Autódromo José Carlos Pace","São Paulo","Brazil",-23.7036,-46.6997,"785"
18,11,3,813,899,22123,16,16,"16","16",16,0,70,"\N","\N","45","18","1:17.554","200.020",2013,19,"Brazilian Grand Prix",2013-11-24,"16:00:00","maldonado","13","MAL","Pastor","Maldonado",1985-03-09,"Venezuelan","williams","Williams","British","+1 Lap","interlagos","Autódromo José Carlos Pace","São Paulo","Brazil",-23.7036,-46.6997,"785"
18,11,10,839,1008,24177,31,18,"15","15",15,0,70,"\N","\N","70","11","1:12.352","214.401",2018,20,"Brazilian Grand Prix",2018-11-11,"17:10:00","ocon","31","OCO","Esteban","Ocon",1996-09-17,"French","force_india","Force India","Indian","+1 Lap","interlagos","Autódromo José Carlos Pace","São Paulo","Brazil",-23.7036,-46.6997,"785"
18,3,3,822,899,22128,17,13,"\N","R",21,0,45,"\N","\N","43","13","1:16.840","201.879",2013,19,"Brazilian Grand Prix",2013-11-24,"16:00:00","bottas","77","BOT","Valtteri","Bottas",1989-08-28,"Finnish","williams","Williams","British","Accident","interlagos","Autódromo José Carlos Pace","São Paulo","Brazil",-23.7036,-46.6997,"785"
18,1,131,822,1008,24167,77,3,"5","5",5,10,71,"+22.943s","5252009","65","1","1:10.540","219.909",2018,20,"Brazilian Grand Prix",2018-11-11,"17:10:00","bottas","77","BOT","Valtteri","Bottas",1989-08-28,"Finnish","mercedes","Mercedes","German","Finished","interlagos","Autódromo José Carlos Pace","São Paulo","Brazil",-23.7036,-46.6997,"785"
18,4,3,13,967,23352,19,13,"\N","R",18,0,46,"\N","\N","39","9","1:26.767","178.782",2016,20,"Brazilian Grand Prix",2016-11-13,"16:00:00","massa","19","MAS","Felipe","Massa",1981-04-25,"Brazilian","williams","Williams","British","Collision","interlagos","Autódromo José Carlos Pace","São Paulo","Brazil",-23.7036,-46.6997,"785"
18,12,205,15,859,21225,21,20,"18","18",18,0,69,"\N","\N","47","19","1:18.596","197.368",2011,19,"Brazilian Grand Prix",2011-11-27,"16:00:00","trulli","\N","TRU","Jarno","Trulli",1974-07-13,"Italian","lotus_racing","Lotus","Malaysian","+2 Laps","interlagos","Autódromo José Carlos Pace","São Paulo","Brazil",-23.7036,-46.6997,"785"
18,1,131,822,987,23743,77,1,"2","2",2,18,71,"+2.762","5489024","58","5","1:12.466","214.064",2017,19,"Brazilian Grand Prix",2017-11-12,"16:00:00","bottas","77","BOT","Valtteri","Bottas",1989-08-28,"Finnish","mercedes","Mercedes","German","Finished","interlagos","Autódromo José Carlos Pace","São Paulo","Brazil",-23.7036,-46.6997,"785"
18,1,3,13,987,23748,19,9,"7","7",7,6,71,"+1:08.882","5555144","60","11","1:13.452","211.190",2017,19,"Brazilian Grand Prix",2017-11-12,"16:00:00","massa","19","MAS","Felipe","Massa",1981-04-25,"Brazilian","williams","Williams","British","Finished","interlagos","Autódromo José Carlos Pace","São Paulo","Brazil",-23.7036,-46.6997,"785"
18,3,10,839,987,23759,31,10,"\N","R",18,0,0,"\N","\N","\N","0","\N","\N",2017,19,"Brazilian Grand Prix",2017-11-12,"16:00:00","ocon","31","OCO","Esteban","Ocon",1996-09-17,"French","force_india","Force India","Indian","Accident","interlagos","Autódromo José Carlos Pace","São Paulo","Brazil",-23.7036,-46.6997,"785"
18,11,3,22,859,21221,11,12,"14","14",14,0,70,"\N","\N","70","6","1:16.684","202.289",2011,19,"Brazilian Grand Prix",2011-11-27,"16:00:00","barrichello","\N","BAR","Rubens","Barrichello",1972-05-23,"Brazilian","williams","Williams","British","+1 Lap","interlagos","Autódromo José Carlos Pace","São Paulo","Brazil",-23.7036,-46.6997,"785"
18,1,131,822,1071,25328,77,1,"3","3",3,18,71,"+13.576","5556427","49","4","1:12.526","213.887",2021,19,"São Paulo Grand Prix",2021-11-14,"17:00:00","bottas","77","BOT","Valtteri","Bottas",1989-08-28,"Finnish","mercedes","Mercedes","German","Finished","interlagos","Autódromo José Carlos Pace","São Paulo","Brazil",-23.7036,-46.6997,"785"
18,1,9,830,1029,24586,33,1,"1","1",1,25,71,"1:33:14.678","5594678","61","2","1:10.862","218.909",2019,20,"Brazilian Grand Prix",2019-11-17,"17:10:00","max_verstappen","33","VER","Max","Verstappen",1997-09-30,"Dutch","red_bull","Red Bull","Austrian","Finished","interlagos","Autódromo José Carlos Pace","São Paulo","Brazil",-23.7036,-46.6997,"785"
18,1,210,825,1029,24596,20,9,"11","11",11,0,71,"+12.732","5607410","65","17","1:13.262","211.738",2019,20,"Brazilian Grand Prix",2019-11-17,"17:10:00","kevin_magnussen","20","MAG","Kevin","Magnussen",1992-10-05,"Danish","haas","Haas F1 Team","American","Finished","interlagos","Autódromo José Carlos Pace","São Paulo","Brazil",-23.7036,-46.6997,"785"
18,1,211,815,1029,24594,11,15,"9","9",9,2,71,"+11.529","5606207","64","12","1:12.840","212.965",2019,20,"Brazilian Grand Prix",2019-11-17,"17:10:00","perez","11","PER","Sergio","Pérez",1990-01-26,"Mexican","racing_point","Racing Point","British","Finished","interlagos","Autódromo José Carlos Pace","São Paulo","Brazil",-23.7036,-46.6997,"785"
18,12,164,39,879,21705,23,23,"18","18",18,0,69,"\N","\N","40","20","1:21.544","190.233",2012,20,"Brazilian Grand Prix",2012-11-25,"16:00:00","karthikeyan","\N","KAR","Narain","Karthikeyan",1977-01-14,"Indian","hrt","HRT","Spanish","+2 Laps","interlagos","Autódromo José Carlos Pace","São Paulo","Brazil",-23.7036,-46.6997,"785"
18,11,5,843,1008,24173,28,16,"11","11",11,0,70,"\N","\N","53","15","1:12.949","212.647",2018,20,"Brazilian Grand Prix",2018-11-11,"17:10:00","brendon_hartley","28","HAR","Brendon","Hartley",1989-11-10,"New Zealander","toro_rosso","Toro Rosso","Italian","+1 Lap","interlagos","Autódromo José Carlos Pace","São Paulo","Brazil",-23.7036,-46.6997,"785"
18,11,4,807,987,23751,27,7,"10","10",10,1,70,"\N","\N","57","15","1:13.758","210.314",2017,19,"Brazilian Grand Prix",2017-11-12,"16:00:00","hulkenberg","27","HUL","Nico","Hülkenberg",1987-08-19,"German","renault","Renault","French","+1 Lap","interlagos","Autódromo José Carlos Pace","São Paulo","Brazil",-23.7036,-46.6997,"785"
18,1,6,4,917,22505,14,8,"6","6",6,8,71,"+1:01.906","5464461","55","10","1:14.313","208.744",2014,18,"Brazilian Grand Prix",2014-11-09,"16:00:00","alonso","14","ALO","Fernando","Alonso",1981-07-29,"Spanish","ferrari","Ferrari","Italian","Finished","interlagos","Autódromo José Carlos Pace","São Paulo","Brazil",-23.7036,-46.6997,"785"
18,12,210,154,987,23756,8,11,"15","15",15,0,69,"\N","\N","66","12","1:13.532","210.961",2017,19,"Brazilian Grand Prix",2017-11-12,"16:00:00","grosjean","8","GRO","Romain","Grosjean",1986-04-17,"French","haas","Haas F1 Team","American","+2 Laps","interlagos","Autódromo José Carlos Pace","São Paulo","Brazil",-23.7036,-46.6997,"785"
18,11,131,3,859,21214,8,6,"7","7",7,6,70,"\N","\N","45","10","1:17.207","200.919",2011,19,"Brazilian Grand Prix",2011-11-27,"16:00:00","rosberg","6","ROS","Nico","Rosberg",1985-06-27,"German","mercedes","Mercedes","German","+1 Lap","interlagos","Autódromo José Carlos Pace","São Paulo","Brazil",-23.7036,-46.6997,"785"
18,11,4,832,987,23752,55,8,"11","11",11,0,70,"\N","\N","67","13","1:13.625","210.694",2017,19,"Brazilian Grand Prix",2017-11-12,"16:00:00","sainz","55","SAI","Carlos","Sainz",1994-09-01,"Spanish","renault","Renault","French","+1 Lap","interlagos","Autódromo José Carlos Pace","São Paulo","Brazil",-23.7036,-46.6997,"785"
18,4,6,844,1029,24603,16,14,"18","18",18,0,65,"\N","\N","63","6","1:11.423","217.190",2019,20,"Brazilian Grand Prix",2019-11-17,"17:10:00","leclerc","16","LEC","Charles","Leclerc",1997-10-16,"Monegasque","ferrari","Ferrari","Italian","Collision","interlagos","Autódromo José Carlos Pace","São Paulo","Brazil",-23.7036,-46.6997,"785"
18,1,131,1,917,22501,44,2,"2","2",2,18,71,"+1.457","5404012","62","1","1:13.555","210.895",2014,18,"Brazilian Grand Prix",2014-11-09,"16:00:00","hamilton","44","HAM","Lewis","Hamilton",1985-01-07,"British","mercedes","Mercedes","German","Finished","interlagos","Autódromo José Carlos Pace","São Paulo","Brazil",-23.7036,-46.6997,"785"
18,1,1,18,859,21210,4,3,"3","3",3,15,71,"+27.638","5565102","63","2","1:15.580","205.244",2011,19,"Brazilian Grand Prix",2011-11-27,"16:00:00","button","22","BUT","Jenson","Button",1980-01-19,"British","mclaren","McLaren","British","Finished","interlagos","Autódromo José Carlos Pace","São Paulo","Brazil",-23.7036,-46.6997,"785"
18,1,131,3,899,22112,9,2,"5","5",5,10,71,"+39.048","5595348","60","6","1:16.442","202.930",2013,19,"Brazilian Grand Prix",2013-11-24,"16:00:00","rosberg","6","ROS","Nico","Rosberg",1985-06-27,"German","mercedes","Mercedes","German","Finished","interlagos","Autódromo José Carlos Pace","São Paulo","Brazil",-23.7036,-46.6997,"785"
18,1,6,20,967,23339,5,5,"5","5",5,10,71,"+26.334","10887669","70","5","1:26.195","179.968",2016,20,"Brazilian Grand Prix",2016-11-13,"16:00:00","vettel","5","VET","Sebastian","Vettel",1987-07-03,"German","ferrari","Ferrari","Italian","Finished","interlagos","Autódromo José Carlos Pace","São Paulo","Brazil",-23.7036,-46.6997,"785"
18,11,3,847,1071,25338,63,17,"13","13",13,0,70,"\N","\N","45","15","1:14.355","208.626",2021,19,"São Paulo Grand Prix",2021-11-14,"17:00:00","russell","63","RUS","George","Russell",1998-02-15,"British","williams","Williams","British","+1 Lap","interlagos","Autódromo José Carlos Pace","São Paulo","Brazil",-23.7036,-46.6997,"785"
18,12,210,854,1071,25343,47,18,"18","18",18,0,69,"\N","\N","66","11","1:13.793","210.215",2021,19,"São Paulo Grand Prix",2021-11-14,"17:00:00","mick_schumacher","47","MSC","Mick","Schumacher",1999-03-22,"German","haas","Haas F1 Team","American","+2 Laps","interlagos","Autódromo José Carlos Pace","São Paulo","Brazil",-23.7036,-46.6997,"785"
18,11,4,808,859,21217,10,15,"10","10",10,1,70,"\N","\N","58","7","1:17.011","201.430",2011,19,"Brazilian Grand Prix",2011-11-27,"16:00:00","petrov","\N","PET","Vitaly","Petrov",1984-09-08,"Russian","renault","Renault","French","+1 Lap","interlagos","Autódromo José Carlos Pace","São Paulo","Brazil",-23.7036,-46.6997,"785"
18,11,208,154,944,22884,8,14,"8","8",8,4,70,"\N","\N","57","5","1:15.739","204.813",2015,18,"Brazilian Grand Prix",2015-11-15,"16:00:00","grosjean","8","GRO","Romain","Grosjean",1986-04-17,"French","lotus_f1","Lotus F1","British","+1 Lap","interlagos","Autódromo José Carlos Pace","São Paulo","Brazil",-23.7036,-46.6997,"785"
18,1,9,20,879,21693,1,4,"6","6",6,8,71,"+9.453","6332109","36","9","1:19.090","196.136",2012,20,"Brazilian Grand Prix",2012-11-25,"16:00:00","vettel","5","VET","Sebastian","Vettel",1987-07-03,"German","red_bull","Red Bull","Austrian","Finished","interlagos","Autódromo José Carlos Pace","São Paulo","Brazil",-23.7036,-46.6997,"785"
18,1,131,1,967,23335,44,1,"1","1",1,25,71,"3:01:01.335","10861335","44","3","1:25.639","181.137",2016,20,"Brazilian Grand Prix",2016-11-13,"16:00:00","hamilton","44","HAM","Lewis","Hamilton",1985-01-07,"British","mercedes","Mercedes","German","Finished","interlagos","Autódromo José Carlos Pace","São Paulo","Brazil",-23.7036,-46.6997,"785"
18,11,51,841,1071,25339,99,13,"14","14",14,0,70,"\N","\N","44","14","1:14.227","208.985",2021,19,"São Paulo Grand Prix",2021-11-14,"17:00:00","giovinazzi","99","GIO","Antonio","Giovinazzi",1993-12-14,"Italian","alfa","Alfa Romeo","Swiss","+1 Lap","interlagos","Autódromo José Carlos Pace","São Paulo","Brazil",-23.7036,-46.6997,"785"
18,12,1,4,1008,24179,14,17,"17","17",17,0,69,"\N","\N","57","14","1:12.643","213.542",2018,20,"Brazilian Grand Prix",2018-11-11,"17:10:00","alonso","14","ALO","Fernando","Alonso",1981-07-29,"Spanish","mclaren","McLaren","British","+2 Laps","interlagos","Autódromo José Carlos Pace","São Paulo","Brazil",-23.7036,-46.6997,"785"
18,11,213,842,1071,25332,10,7,"7","7",7,6,70,"\N","\N","53","8","1:13.227","211.839",2021,19,"São Paulo Grand Prix",2021-11-14,"17:00:00","gasly","10","GAS","Pierre","Gasly",1996-02-07,"French","alphatauri","AlphaTauri","Italian","+1 Lap","interlagos","Autódromo José Carlos Pace","São Paulo","Brazil",-23.7036,-46.6997,"785"
18,11,1,18,944,22890,22,16,"14","14",14,0,70,"\N","\N","53","12","1:16.321","203.252",2015,18,"Brazilian Grand Prix",2015-11-15,"16:00:00","button","22","BUT","Jenson","Button",1980-01-19,"British","mclaren","McLaren","British","+1 Lap","interlagos","Autódromo José Carlos Pace","São Paulo","Brazil",-23.7036,-46.6997,"785"
18,5,208,154,899,22129,8,6,"\N","R",22,0,2,"\N","\N","2","22","1:20.898","191.752",2013,19,"Brazilian Grand Prix",2013-11-24,"16:00:00","grosjean","8","GRO","Romain","Grosjean",1986-04-17,"French","lotus_f1","Lotus F1","British","Engine","interlagos","Autódromo José Carlos Pace","São Paulo","Brazil",-23.7036,-46.6997,"785"
18,1,10,807,917,22507,27,12,"8","8",8,4,71,"+1:03.934","5466489","70","3","1:13.728","210.400",2014,18,"Brazilian Grand Prix",2014-11-09,"16:00:00","hulkenberg","27","HUL","Nico","Hülkenberg",1987-08-19,"German","force_india","Force India","Indian","Finished","interlagos","Autódromo José Carlos Pace","São Paulo","Brazil",-23.7036,-46.6997,"785"
18,1,131,1,1071,25326,44,10,"1","1",1,25,71,"1:32:22.851","5542851","46","2","1:11.982","215.503",2021,19,"São Paulo Grand Prix",2021-11-14,"17:00:00","hamilton","44","HAM","Lewis","Hamilton",1985-01-07,"British","mercedes","Mercedes","German","Finished","interlagos","Autódromo José Carlos Pace","São Paulo","Brazil",-23.7036,-46.6997,"785"
18,11,1,4,944,22891,14,20,"15","15",15,0,70,"\N","\N","54","15","1:16.519","202.726",2015,18,"Brazilian Grand Prix",2015-11-15,"16:00:00","alonso","14","ALO","Fernando","Alonso",1981-07-29,"Spanish","mclaren","McLaren","British","+1 Lap","interlagos","Autódromo José Carlos Pace","São Paulo","Brazil",-23.7036,-46.6997,"785"
18,1,1,815,899,22113,6,19,"6","6",6,8,71,"+44.051","5600351","50","5","1:16.246","203.451",2013,19,"Brazilian Grand Prix",2013-11-24,"16:00:00","perez","11","PER","Sergio","Pérez",1990-01-26,"Mexican","mclaren","McLaren","British","Finished","interlagos","Autódromo José Carlos Pace","São Paulo","Brazil",-23.7036,-46.6997,"785"
18,11,10,814,899,22118,14,12,"11","11",11,0,70,"\N","\N","58","14","1:16.855","201.839",2013,19,"Brazilian Grand Prix",2013-11-24,"16:00:00","resta","\N","DIR","Paul","di Resta",1986-04-16,"British","force_india","Force India","Indian","+1 Lap","interlagos","Autódromo José Carlos Pace","São Paulo","Brazil",-23.7036,-46.6997,"785"
18,11,5,830,944,22885,33,9,"9","9",9,2,70,"\N","\N","56","9","1:15.972","204.185",2015,18,"Brazilian Grand Prix",2015-11-15,"16:00:00","max_verstappen","33","VER","Max","Verstappen",1997-09-30,"Dutch","toro_rosso","Toro Rosso","Italian","+1 Lap","interlagos","Autódromo José Carlos Pace","São Paulo","Brazil",-23.7036,-46.6997,"785"
18,1,1,4,967,23344,14,10,"10","10",10,1,71,"+44.432","10905767","70","12","1:27.104","178.090",2016,20,"Brazilian Grand Prix",2016-11-13,"16:00:00","alonso","14","ALO","Fernando","Alonso",1981-07-29,"Spanish","mclaren","McLaren","British","Finished","interlagos","Autódromo José Carlos Pace","São Paulo","Brazil",-23.7036,-46.6997,"785"
18,1,9,848,1029,24599,23,5,"14","14",14,0,71,"+14.927","5609605","52","4","1:11.087","218.217",2019,20,"Brazilian Grand Prix",2019-11-17,"17:10:00","albon","23","ALB","Alexander","Albon",1996-03-23,"Thai","red_bull","Red Bull","Austrian","Finished","interlagos","Autódromo José Carlos Pace","São Paulo","Brazil",-23.7036,-46.6997,"785"
18,11,5,818,917,22512,25,15,"13","13",13,0,70,"\N","\N","65","13","1:14.774","207.457",2014,18,"Brazilian Grand Prix",2014-11-09,"16:00:00","vergne","25","VER","Jean-Éric","Vergne",1990-04-25,"French","toro_rosso","Toro Rosso","Italian","+1 Lap","interlagos","Autódromo José Carlos Pace","São Paulo","Brazil",-23.7036,-46.6997,"785"
18,1,210,825,1008,24171,20,10,"9","9",9,2,71,"+52.857s","5281923","67","10","1:12.206","214.835",2018,20,"Brazilian Grand Prix",2018-11-11,"17:10:00","kevin_magnussen","20","MAG","Kevin","Magnussen",1992-10-05,"Danish","haas","Haas F1 Team","American","Finished","interlagos","Autódromo José Carlos Pace","São Paulo","Brazil",-23.7036,-46.6997,"785"
18,11,1,846,1071,25335,4,5,"10","10",10,1,70,"\N","\N","53","10","1:13.761","210.306",2021,19,"São Paulo Grand Prix",2021-11-14,"17:00:00","norris","4","NOR","Lando","Norris",1999-11-13,"British","mclaren","McLaren","British","+1 Lap","interlagos","Autódromo José Carlos Pace","São Paulo","Brazil",-23.7036,-46.6997,"785"
18,1,5,826,967,23347,26,14,"13","13",13,0,71,"+51.192","10912527","42","14","1:27.476","177.333",2016,20,"Brazilian Grand Prix",2016-11-13,"16:00:00","kvyat","26","KVY","Daniil","Kvyat",1994-04-26,"Russian","toro_rosso","Toro Rosso","Italian","Finished","interlagos","Autódromo José Carlos Pace","São Paulo","Brazil",-23.7036,-46.6997,"785"
18,1,131,3,917,22500,6,1,"1","1",1,25,71,"1:30:02.555","5402555","62","2","1:13.619","210.711",2014,18,"Brazilian Grand Prix",2014-11-09,"16:00:00","rosberg","6","ROS","Nico","Rosberg",1985-06-27,"German","mercedes","Mercedes","German","Finished","interlagos","Autódromo José Carlos Pace","São Paulo","Brazil",-23.7036,-46.6997,"785"
18,1,1,18,917,22503,22,5,"4","4",4,12,71,"+48.658","5451213","68","4","1:13.999","209.629",2014,18,"Brazilian Grand Prix",2014-11-09,"16:00:00","button","22","BUT","Jenson","Button",1980-01-19,"British","mclaren","McLaren","British","Finished","interlagos","Autódromo José Carlos Pace","São Paulo","Brazil",-23.7036,-46.6997,"785"
18,11,214,839,1071,25333,31,8,"8","8",8,4,70,"\N","\N","48","16","1:14.430","208.415",2021,19,"São Paulo Grand Prix",2021-11-14,"17:00:00","ocon","31","OCO","Esteban","Ocon",1996-09-17,"French","alpine","Alpine F1 Team","French","+1 Lap","interlagos","Autódromo José Carlos Pace","São Paulo","Brazil",-23.7036,-46.6997,"785"
18,11,5,153,859,21218,19,13,"11","11",11,0,70,"\N","\N","55","9","1:17.162","201.036",2011,19,"Brazilian Grand Prix",2011-11-27,"16:00:00","alguersuari","\N","ALG","Jaime","Alguersuari",1990-03-23,"Spanish","toro_rosso","Toro Rosso","Italian","+1 Lap","interlagos","Autódromo José Carlos Pace","São Paulo","Brazil",-23.7036,-46.6997,"785"
18,1,9,817,967,23342,3,6,"8","8",8,4,71,"+30.486","10891821","42","2","1:25.532","181.363",2016,20,"Brazilian Grand Prix",2016-11-13,"16:00:00","ricciardo","3","RIC","Daniel","Ricciardo",1989-07-01,"Australian","red_bull","Red Bull","Austrian","Finished","interlagos","Autódromo José Carlos Pace","São Paulo","Brazil",-23.7036,-46.6997,"785"
18,5,5,843,987,23758,28,18,"\N","R",17,0,40,"\N","\N","29","16","1:14.658","207.779",2017,19,"Brazilian Grand Prix",2017-11-12,"16:00:00","brendon_hartley","28","HAR","Brendon","Hartley",1989-11-10,"New Zealander","toro_rosso","Toro Rosso","Italian","Engine","interlagos","Autódromo José Carlos Pace","São Paulo","Brazil",-23.7036,-46.6997,"785"
18,4,3,811,879,21710,19,11,"\N","R",23,0,0,"\N","\N","\N","0","\N","\N",2012,20,"Brazilian Grand Prix",2012-11-25,"16:00:00","bruno_senna","\N","SEN","Bruno","Senna",1983-10-15,"Brazilian","williams","Williams","British","Collision","interlagos","Autódromo José Carlos Pace","São Paulo","Brazil",-23.7036,-46.6997,"785"
18,4,15,828,1008,24182,9,6,"\N","R",20,0,20,"\N","\N","3","20","1:15.281","206.059",2018,20,"Brazilian Grand Prix",2018-11-11,"17:10:00","ericsson","9","ERI","Marcus","Ericsson",1990-09-02,"Swedish","sauber","Sauber","Swiss","Collision","interlagos","Autódromo José Carlos Pace","São Paulo","Brazil",-23.7036,-46.6997,"785"
18,12,3,845,1008,24178,35,14,"16","16",16,0,69,"\N","\N","52","19","1:14.262","208.887",2018,20,"Brazilian Grand Prix",2018-11-11,"17:10:00","sirotkin","35","SIR","Sergey","Sirotkin",1995-08-27,"Russian","williams","Williams","British","+2 Laps","interlagos","Autódromo José Carlos Pace","São Paulo","Brazil",-23.7036,-46.6997,"785"
18,1,6,4,879,21689,5,7,"2","2",2,18,71,"+2.754","6325410","36","4","1:18.623","197.301",2012,20,"Brazilian Grand Prix",2012-11-25,"16:00:00","alonso","14","ALO","Fernando","Alonso",1981-07-29,"Spanish","ferrari","Ferrari","Italian","Finished","interlagos","Autódromo José Carlos Pace","São Paulo","Brazil",-23.7036,-46.6997,"785"
18,12,206,824,899,22124,22,21,"17","17",17,0,69,"\N","\N","67","20","1:17.717","199.601",2013,19,"Brazilian Grand Prix",2013-11-24,"16:00:00","jules_bianchi","17","BIA","Jules","Bianchi",1989-08-03,"French","marussia","Marussia","Russian","+2 Laps","interlagos","Autódromo José Carlos Pace","São Paulo","Brazil",-23.7036,-46.6997,"785"
18,1,6,13,899,22114,4,9,"7","7",7,6,71,"+49.110","5605410","49","8","1:16.470","202.856",2013,19,"Brazilian Grand Prix",2013-11-24,"16:00:00","massa","19","MAS","Felipe","Massa",1981-04-25,"Brazilian","ferrari","Ferrari","Italian","Finished","interlagos","Autódromo José Carlos Pace","São Paulo","Brazil",-23.7036,-46.6997,"785"
18,1,9,830,1008,24164,33,5,"2","2",2,18,71,"+1.469s","5230535","61","4","1:11.578","216.720",2018,20,"Brazilian Grand Prix",2018-11-11,"17:10:00","max_verstappen","33","VER","Max","Verstappen",1997-09-30,"Dutch","red_bull","Red Bull","Austrian","Finished","interlagos","Autódromo José Carlos Pace","São Paulo","Brazil",-23.7036,-46.6997,"785"
18,1,131,1,987,23745,44,20,"4","4",4,12,71,"+5.468","5491730","63","2","1:11.845","215.914",2017,19,"Brazilian Grand Prix",2017-11-12,"16:00:00","hamilton","44","HAM","Lewis","Hamilton",1985-01-07,"British","mercedes","Mercedes","German","Finished","interlagos","Autódromo José Carlos Pace","São Paulo","Brazil",-23.7036,-46.6997,"785"
18,11,206,819,879,21699,25,22,"12","12",12,0,70,"\N","\N","36","17","1:20.310","193.156",2012,20,"Brazilian Grand Prix",2012-11-25,"16:00:00","pic","\N","PIC","Charles","Pic",1990-02-15,"French","marussia","Marussia","Russian","+1 Lap","interlagos","Autódromo José Carlos Pace","São Paulo","Brazil",-23.7036,-46.6997,"785"
18,1,1,832,1029,24588,55,20,"3","3",3,15,71,"+8.896","5603574","63","16","1:13.158","212.039",2019,20,"Brazilian Grand Prix",2019-11-17,"17:10:00","sainz","55","SAI","Carlos","Sainz",1994-09-01,"Spanish","mclaren","McLaren","British","Finished","interlagos","Autódromo José Carlos Pace","São Paulo","Brazil",-23.7036,-46.6997,"785"
18,1,51,841,1029,24590,99,12,"5","5",5,10,71,"+10.201","5604879","49","14","1:13.020","212.440",2019,20,"Brazilian Grand Prix",2019-11-17,"17:10:00","giovinazzi","99","GIO","Antonio","Giovinazzi",1993-12-14,"Italian","alfa","Alfa Romeo","Swiss","Finished","interlagos","Autódromo José Carlos Pace","São Paulo","Brazil",-23.7036,-46.6997,"785"
18,11,3,9,1029,24601,88,19,"16","16",16,0,70,"\N","\N","63","20","1:14.553","208.072",2019,20,"Brazilian Grand Prix",2019-11-17,"17:10:00","kubica","88","KUB","Robert","Kubica",1984-12-07,"Polish","williams","Williams","British","+1 Lap","interlagos","Autódromo José Carlos Pace","São Paulo","Brazil",-23.7036,-46.6997,"785"
18,12,207,823,899,22125,21,20,"18","18",18,0,69,"\N","\N","51","19","1:17.590","199.927",2013,19,"Brazilian Grand Prix",2013-11-24,"16:00:00","garde","\N","VDG","Giedo","van der Garde",1985-04-25,"Dutch","caterham","Caterham","Malaysian","+2 Laps","interlagos","Autódromo José Carlos Pace","São Paulo","Brazil",-23.7036,-46.6997,"785"
18,4,6,20,1029,24602,5,2,"17","17",17,0,65,"\N","\N","51","5","1:11.384","217.309",2019,20,"Brazilian Grand Prix",2019-11-17,"17:10:00","vettel","5","VET","Sebastian","Vettel",1987-07-03,"German","ferrari","Ferrari","Italian","Collision","interlagos","Autódromo José Carlos Pace","São Paulo","Brazil",-23.7036,-46.6997,"785"
18,1,5,826,1029,24595,26,16,"10","10",10,1,71,"+11.931","5606609","49","8","1:12.385","214.304",2019,20,"Brazilian Grand Prix",2019-11-17,"17:10:00","kvyat","26","KVY","Daniil","Kvyat",1994-04-26,"Russian","toro_rosso","Toro Rosso","Italian","Finished","interlagos","Autódromo José Carlos Pace","São Paulo","Brazil",-23.7036,-46.6997,"785"
18,130,4,835,967,23353,30,16,"\N","R",19,0,20,"\N","\N","11","21","1:34.334","164.441",2016,20,"Brazilian Grand Prix",2016-11-13,"16:00:00","jolyon_palmer","30","PAL","Jolyon","Palmer",1991-01-20,"British","renault","Renault","French","Collision damage","interlagos","Autódromo José Carlos Pace","São Paulo","Brazil",-23.7036,-46.6997,"785"
18,1,15,831,967,23343,12,21,"9","9",9,2,71,"+42.620","10903955","70","15","1:27.547","177.189",2016,20,"Brazilian Grand Prix",2016-11-13,"16:00:00","nasr","12","NAS","Felipe","Nasr",1992-08-21,"Brazilian","sauber","Sauber","Swiss","Finished","interlagos","Autódromo José Carlos Pace","São Paulo","Brazil",-23.7036,-46.6997,"785"
18,1,4,807,1029,24600,27,13,"15","15",15,0,71,"+18.059","5612737","64","13","1:12.934","212.690",2019,20,"Brazilian Grand Prix",2019-11-17,"17:10:00","hulkenberg","27","HUL","Nico","Hülkenberg",1987-08-19,"German","renault","Renault","French","Finished","interlagos","Autódromo José Carlos Pace","São Paulo","Brazil",-23.7036,-46.6997,"785"
18,11,15,155,859,21216,16,16,"9","9",9,2,70,"\N","\N","55","15","1:17.644","199.788",2011,19,"Brazilian Grand Prix",2011-11-27,"16:00:00","kobayashi","10","KOB","Kamui","Kobayashi",1986-09-13,"Japanese","sauber","Sauber","Swiss","+1 Lap","interlagos","Autódromo José Carlos Pace","São Paulo","Brazil",-23.7036,-46.6997,"785"
18,1,9,17,859,21208,2,2,"1","1",1,25,71,"1:32:17.464","5537464","71","1","1:15.324","205.942",2011,19,"Brazilian Grand Prix",2011-11-27,"16:00:00","webber","\N","WEB","Mark","Webber",1976-08-27,"Australian","red_bull","Red Bull","Austrian","Finished","interlagos","Autódromo José Carlos Pace","São Paulo","Brazil",-23.7036,-46.6997,"785"
18,11,5,817,879,21700,16,15,"13","13",13,0,70,"\N","\N","36","11","1:19.308","195.596",2012,20,"Brazilian Grand Prix",2012-11-25,"16:00:00","ricciardo","3","RIC","Daniel","Ricciardo",1989-07-01,"Australian","toro_rosso","Toro Rosso","Italian","+1 Lap","interlagos","Autódromo José Carlos Pace","São Paulo","Brazil",-23.7036,-46.6997,"785"
18,11,10,16,859,21213,14,8,"6","6",6,8,70,"\N","\N","36","8","1:17.161","201.039",2011,19,"Brazilian Grand Prix",2011-11-27,"16:00:00","sutil","99","SUT","Adrian","Sutil",1983-01-11,"German","force_india","Force India","Indian","+1 Lap","interlagos","Autódromo José Carlos Pace","São Paulo","Brazil",-23.7036,-46.6997,"785"
18,1,10,807,967,23341,27,8,"7","7",7,6,71,"+29.827","10891162","69","8","1:26.728","178.862",2016,20,"Brazilian Grand Prix",2016-11-13,"16:00:00","hulkenberg","27","HUL","Nico","Hülkenberg",1987-08-19,"German","force_india","Force India","Indian","Finished","interlagos","Autódromo José Carlos Pace","São Paulo","Brazil",-23.7036,-46.6997,"785"
18,1,9,20,859,21209,1,1,"2","2",2,18,71,"+16.983","5554447","68","3","1:16.076","203.906",2011,19,"Brazilian Grand Prix",2011-11-27,"16:00:00","vettel","5","VET","Sebastian","Vettel",1987-07-03,"German","red_bull","Red Bull","Austrian","Finished","interlagos","Autódromo José Carlos Pace","São Paulo","Brazil",-23.7036,-46.6997,"785"
18,1,6,20,1008,24168,5,2,"6","6",6,8,71,"+26.997s","5256063","71","2","1:10.831","219.005",2018,20,"Brazilian Grand Prix",2018-11-11,"17:10:00","vettel","5","VET","Sebastian","Vettel",1987-07-03,"German","ferrari","Ferrari","Italian","Finished","interlagos","Autódromo José Carlos Pace","São Paulo","Brazil",-23.7036,-46.6997,"785"
18,1,131,3,967,23336,6,2,"2","2",2,18,71,"+11.455","10872790","47","6","1:26.222","179.912",2016,20,"Brazilian Grand Prix",2016-11-13,"16:00:00","rosberg","6","ROS","Nico","Rosberg",1985-06-27,"German","mercedes","Mercedes","German","Finished","interlagos","Autódromo José Carlos Pace","São Paulo","Brazil",-23.7036,-46.6997,"785"
18,11,10,815,1008,24172,11,12,"10","10",10,1,70,"\N","\N","58","13","1:12.472","214.046",2018,20,"Brazilian Grand Prix",2018-11-11,"17:10:00","perez","11","PER","Sergio","Pérez",1990-01-26,"Mexican","force_india","Force India","Indian","+1 Lap","interlagos","Autódromo José Carlos Pace","São Paulo","Brazil",-23.7036,-46.6997,"785"
18,1,6,20,987,23742,5,2,"1","1",1,25,71,"1:31:26.262","5486262","63","7","1:12.539","213.849",2017,19,"Brazilian Grand Prix",2017-11-12,"16:00:00","vettel","5","VET","Sebastian","Vettel",1987-07-03,"German","ferrari","Ferrari","Italian","Finished","interlagos","Autódromo José Carlos Pace","São Paulo","Brazil",-23.7036,-46.6997,"785"
18,1,131,1,944,22878,44,2,"2","2",2,18,71,"+7.756","5476846","51","1","1:14.832","207.296",2015,18,"Brazilian Grand Prix",2015-11-15,"16:00:00","hamilton","44","HAM","Lewis","Hamilton",1985-01-07,"British","mercedes","Mercedes","German","Finished","interlagos","Autódromo José Carlos Pace","São Paulo","Brazil",-23.7036,-46.6997,"785"
18,1,15,844,1008,24169,16,7,"7","7",7,6,71,"+44.199s","5273265","70","8","1:12.082","215.204",2018,20,"Brazilian Grand Prix",2018-11-11,"17:10:00","leclerc","16","LEC","Charles","Leclerc",1997-10-16,"Monegasque","sauber","Sauber","Swiss","Finished","interlagos","Autódromo José Carlos Pace","São Paulo","Brazil",-23.7036,-46.6997,"785"
18,11,15,821,917,22513,21,11,"14","14",14,0,70,"\N","\N","64","16","1:14.875","207.177",2014,18,"Brazilian Grand Prix",2014-11-09,"16:00:00","gutierrez","21","GUT","Esteban","Gutiérrez",1991-08-05,"Mexican","sauber","Sauber","Swiss","+1 Lap","interlagos","Autódromo José Carlos Pace","São Paulo","Brazil",-23.7036,-46.6997,"785"
18,31,3,813,859,21230,12,18,"\N","R",23,0,26,"\N","\N","26","21","1:19.706","194.620",2011,19,"Brazilian Grand Prix",2011-11-27,"16:00:00","maldonado","13","MAL","Pastor","Maldonado",1985-03-09,"Venezuelan","williams","Williams","British","Retired","interlagos","Autódromo José Carlos Pace","São Paulo","Brazil",-23.7036,-46.6997,"785"
18,11,3,822,944,22881,77,7,"5","5",5,10,70,"\N","\N","61","10","1:16.039","204.005",2015,18,"Brazilian Grand Prix",2015-11-15,"16:00:00","bottas","77","BOT","Valtteri","Bottas",1989-08-28,"Finnish","williams","Williams","British","+1 Lap","interlagos","Autódromo José Carlos Pace","São Paulo","Brazil",-23.7036,-46.6997,"785"
18,11,15,16,917,22515,99,13,"16","16",16,0,70,"\N","\N","42","15","1:14.834","207.290",2014,18,"Brazilian Grand Prix",2014-11-09,"16:00:00","sutil","99","SUT","Adrian","Sutil",1983-01-11,"German","sauber","Sauber","Swiss","+1 Lap","interlagos","Autódromo José Carlos Pace","São Paulo","Brazil",-23.7036,-46.6997,"785"
18,14,209,834,944,22894,53,17,"18","18",18,0,67,"\N","\N","43","18","1:18.617","197.316",2015,18,"Brazilian Grand Prix",2015-11-15,"16:00:00","rossi","53","RSS","Alexander","Rossi",1991-09-25,"American","manor","Manor Marussia","British","+4 Laps","interlagos","Autódromo José Carlos Pace","São Paulo","Brazil",-23.7036,-46.6997,"785"
18,1,6,8,944,22880,7,4,"4","4",4,12,71,"+47.543","5516633","48","4","1:15.416","205.691",2015,18,"Brazilian Grand Prix",2015-11-15,"16:00:00","raikkonen","7","RAI","Kimi","Räikkönen",1979-10-17,"Finnish","ferrari","Ferrari","Italian","Finished","interlagos","Autódromo José Carlos Pace","São Paulo","Brazil",-23.7036,-46.6997,"785"
18,11,117,20,1071,25336,5,9,"11","11",11,0,70,"\N","\N","69","9","1:13.634","210.668",2021,19,"São Paulo Grand Prix",2021-11-14,"17:00:00","vettel","5","VET","Sebastian","Vettel",1987-07-03,"German","aston_martin","Aston Martin","British","+1 Lap","interlagos","Autódromo José Carlos Pace","São Paulo","Brazil",-23.7036,-46.6997,"785"
18,12,206,820,899,22126,23,22,"19","19",19,0,69,"\N","\N","68","17","1:17.281","200.727",2013,19,"Brazilian Grand Prix",2013-11-24,"16:00:00","chilton","4","CHI","Max","Chilton",1991-04-21,"British","marussia","Marussia","Russian","+2 Laps","interlagos","Autódromo José Carlos Pace","São Paulo","Brazil",-23.7036,-46.6997,"785"
18,1,209,836,967,23349,94,19,"15","15",15,0,71,"+1:00.498","10921833","69","18","1:27.919","176.439",2016,20,"Brazilian Grand Prix",2016-11-13,"16:00:00","wehrlein","94","WEH","Pascal","Wehrlein",1994-10-18,"German","manor","Manor Marussia","British","Finished","interlagos","Autódromo José Carlos Pace","São Paulo","Brazil",-23.7036,-46.6997,"785"
18,1,1,18,967,23350,22,17,"16","16",16,0,71,"+1:21.994","10943329","38","10","1:26.983","178.338",2016,20,"Brazilian Grand Prix",2016-11-13,"16:00:00","button","22","BUT","Jenson","Button",1980-01-19,"British","mclaren","McLaren","British","Finished","interlagos","Autódromo José Carlos Pace","São Paulo","Brazil",-23.7036,-46.6997,"785"
18,1,6,4,899,22110,3,3,"3","3",3,15,71,"+18.913","5575213","50","2","1:15.496","205.473",2013,19,"Brazilian Grand Prix",2013-11-24,"16:00:00","alonso","14","ALO","Fernando","Alonso",1981-07-29,"Spanish","ferrari","Ferrari","Italian","Finished","interlagos","Autódromo José Carlos Pace","São Paulo","Brazil",-23.7036,-46.6997,"785"
18,1,3,13,917,22502,19,3,"3","3",3,15,71,"+41.031","5443586","59","7","1:14.101","209.341",2014,18,"Brazilian Grand Prix",2014-11-09,"16:00:00","massa","19","MAS","Felipe","Massa",1981-04-25,"Brazilian","williams","Williams","British","Finished","interlagos","Autódromo José Carlos Pace","São Paulo","Brazil",-23.7036,-46.6997,"785"
18,11,5,817,899,22117,19,7,"10","10",10,1,70,"\N","\N","45","15","1:16.974","201.527",2013,19,"Brazilian Grand Prix",2013-11-24,"16:00:00","ricciardo","3","RIC","Daniel","Ricciardo",1989-07-01,"Australian","toro_rosso","Toro Rosso","Italian","+1 Lap","interlagos","Autódromo José Carlos Pace","São Paulo","Brazil",-23.7036,-46.6997,"785"
18,12,4,811,859,21224,9,9,"17","17",17,0,69,"\N","\N","62","18","1:18.274","198.180",2011,19,"Brazilian Grand Prix",2011-11-27,"16:00:00","bruno_senna","\N","SEN","Bruno","Senna",1983-10-15,"Brazilian","renault","Renault","French","+2 Laps","interlagos","Autódromo José Carlos Pace","São Paulo","Brazil",-23.7036,-46.6997,"785"
18,11,3,849,1071,25341,6,16,"16","16",16,0,70,"\N","\N","57","18","1:14.616","207.896",2021,19,"São Paulo Grand Prix",2021-11-14,"17:00:00","latifi","6","LAT","Nicholas","Latifi",1995-06-29,"Canadian","williams","Williams","British","+1 Lap","interlagos","Autódromo José Carlos Pace","São Paulo","Brazil",-23.7036,-46.6997,"785"
18,12,164,37,879,21704,22,24,"17","17",17,0,69,"\N","\N","37","19","1:21.085","191.310",2012,20,"Brazilian Grand Prix",2012-11-25,"16:00:00","rosa","\N","DLR","Pedro","de la Rosa",1971-02-24,"Spanish","hrt","HRT","Spanish","+2 Laps","interlagos","Autódromo José Carlos Pace","São Paulo","Brazil",-23.7036,-46.6997,"785"
18,96,3,13,944,22896,19,8,"\N","E",20,0,70,"\N","\N","57","6","1:15.743","204.803",2015,18,"Brazilian Grand Prix",2015-11-15,"16:00:00","massa","19","MAS","Felipe","Massa",1981-04-25,"Brazilian","williams","Williams","British","Excluded","interlagos","Autódromo José Carlos Pace","São Paulo","Brazil",-23.7036,-46.6997,"785"
18,11,5,818,899,22122,18,8,"15","15",15,0,70,"\N","\N","49","11","1:16.790","202.010",2013,19,"Brazilian Grand Prix",2013-11-24,"16:00:00","vergne","25","VER","Jean-Éric","Vergne",1990-04-25,"French","toro_rosso","Toro Rosso","Italian","+1 Lap","interlagos","Autódromo José Carlos Pace","São Paulo","Brazil",-23.7036,-46.6997,"785"
18,4,3,813,879,21709,18,16,"\N","R",22,0,1,"\N","\N","\N","0","\N","\N",2012,20,"Brazilian Grand Prix",2012-11-25,"16:00:00","maldonado","13","MAL","Pastor","Maldonado",1985-03-09,"Venezuelan","williams","Williams","British","Collision","interlagos","Autódromo José Carlos Pace","São Paulo","Brazil",-23.7036,-46.6997,"785"
18,11,10,815,944,22888,11,11,"12","12",12,0,70,"\N","\N","53","8","1:15.970","204.191",2015,18,"Brazilian Grand Prix",2015-11-15,"16:00:00","perez","11","PER","Sergio","Pérez",1990-01-26,"Mexican","force_india","Force India","Indian","+1 Lap","interlagos","Autódromo José Carlos Pace","São Paulo","Brazil",-23.7036,-46.6997,"785"
18,1,3,847,1029,24597,63,18,"12","12",12,0,71,"+13.599","5608277","57","19","1:13.752","210.331",2019,20,"Brazilian Grand Prix",2019-11-17,"17:10:00","russell","63","RUS","George","Russell",1998-02-15,"British","williams","Williams","British","Finished","interlagos","Autódromo José Carlos Pace","São Paulo","Brazil",-23.7036,-46.6997,"785"
18,1,1,18,899,22111,5,14,"4","4",4,12,71,"+37.360","5593660","52","7","1:16.450","202.909",2013,19,"Brazilian Grand Prix",2013-11-24,"16:00:00","button","22","BUT","Jenson","Button",1980-01-19,"British","mclaren","McLaren","British","Finished","interlagos","Autódromo José Carlos Pace","São Paulo","Brazil",-23.7036,-46.6997,"785"
18,11,15,821,899,22119,12,17,"12","12",12,0,70,"\N","\N","59","9","1:16.528","202.702",2013,19,"Brazilian Grand Prix",2013-11-24,"16:00:00","gutierrez","21","GUT","Esteban","Gutiérrez",1991-08-05,"Mexican","sauber","Sauber","Swiss","+1 Lap","interlagos","Autódromo José Carlos Pace","São Paulo","Brazil",-23.7036,-46.6997,"785"
18,12,15,828,944,22892,9,12,"16","16",16,0,69,"\N","\N","57","7","1:15.789","204.678",2015,18,"Brazilian Grand Prix",2015-11-15,"16:00:00","ericsson","9","ERI","Marcus","Ericsson",1990-09-02,"Swedish","sauber","Sauber","Swiss","+2 Laps","interlagos","Autódromo José Carlos Pace","São Paulo","Brazil",-23.7036,-46.6997,"785"
18,11,214,4,1071,25334,14,12,"9","9",9,2,70,"\N","\N","37","12","1:13.922","209.848",2021,19,"São Paulo Grand Prix",2021-11-14,"17:00:00","alonso","14","ALO","Fernando","Alonso",1981-07-29,"Spanish","alpine","Alpine F1 Team","French","+1 Lap","interlagos","Autódromo José Carlos Pace","São Paulo","Brazil",-23.7036,-46.6997,"785"
18,1,1,18,879,21688,3,2,"1","1",1,25,71,"1:45:22.656","6322656","37","2","1:18.108","198.601",2012,20,"Brazilian Grand Prix",2012-11-25,"16:00:00","button","22","BUT","Jenson","Button",1980-01-19,"British","mclaren","McLaren","British","Finished","interlagos","Autódromo José Carlos Pace","São Paulo","Brazil",-23.7036,-46.6997,"785"
18,1,10,815,987,23750,11,5,"9","9",9,2,71,"+1:09.500","5555762","61","8","1:13.052","212.347",2017,19,"Brazilian Grand Prix",2017-11-12,"16:00:00","perez","11","PER","Sergio","Pérez",1990-01-26,"Mexican","force_india","Force India","Indian","Finished","interlagos","Autódromo José Carlos Pace","São Paulo","Brazil",-23.7036,-46.6997,"785"
18,11,206,10,879,21703,24,21,"16","16",16,0,70,"\N","\N","34","14","1:19.686","194.669",2012,20,"Brazilian Grand Prix",2012-11-25,"16:00:00","glock","\N","GLO","Timo","Glock",1982-03-18,"German","marussia","Marussia","Russian","+1 Lap","interlagos","Autódromo José Carlos Pace","São Paulo","Brazil",-23.7036,-46.6997,"785"
18,11,213,852,1071,25340,22,15,"15","15",15,0,70,"\N","\N","62","13","1:14.204","209.050",2021,19,"São Paulo Grand Prix",2021-11-14,"17:00:00","tsunoda","22","TSU","Yuki","Tsunoda",2000-05-11,"Japanese","alphatauri","AlphaTauri","Italian","+1 Lap","interlagos","Autódromo José Carlos Pace","São Paulo","Brazil",-23.7036,-46.6997,"785"
18,11,51,8,1071,25337,7,0,"12","12",12,0,70,"\N","\N","54","5","1:12.621","213.607",2021,19,"São Paulo Grand Prix",2021-11-14,"17:00:00","raikkonen","7","RAI","Kimi","Räikkönen",1979-10-17,"Finnish","alfa","Alfa Romeo","Swiss","+1 Lap","interlagos","Autódromo José Carlos Pace","São Paulo","Brazil",-23.7036,-46.6997,"785"
18,11,15,836,987,23755,94,15,"14","14",14,0,70,"\N","\N","60","17","1:14.812","207.351",2017,19,"Brazilian Grand Prix",2017-11-12,"16:00:00","wehrlein","94","WEH","Pascal","Wehrlein",1994-10-18,"German","sauber","Sauber","Swiss","+1 Lap","interlagos","Autódromo José Carlos Pace","São Paulo","Brazil",-23.7036,-46.6997,"785"
18,1,10,815,967,23338,11,9,"4","4",4,12,71,"+25.346","10886681","41","11","1:27.093","178.113",2016,20,"Brazilian Grand Prix",2016-11-13,"16:00:00","perez","11","PER","Sergio","Pérez",1990-01-26,"Mexican","force_india","Force India","Indian","Finished","interlagos","Autódromo José Carlos Pace","São Paulo","Brazil",-23.7036,-46.6997,"785"
18,11,5,842,987,23753,10,19,"12","12",12,0,70,"\N","\N","61","9","1:13.323","211.562",2017,19,"Brazilian Grand Prix",2017-11-12,"16:00:00","gasly","10","GAS","Pierre","Gasly",1996-02-07,"French","toro_rosso","Toro Rosso","Italian","+1 Lap","interlagos","Autódromo José Carlos Pace","São Paulo","Brazil",-23.7036,-46.6997,"785"
18,11,10,807,944,22882,27,5,"6","6",6,8,70,"\N","\N","66","16","1:16.774","202.052",2015,18,"Brazilian Grand Prix",2015-11-15,"16:00:00","hulkenberg","27","HUL","Nico","Hülkenberg",1987-08-19,"German","force_india","Force India","Indian","+1 Lap","interlagos","Autódromo José Carlos Pace","São Paulo","Brazil",-23.7036,-46.6997,"785"
18,1,131,3,944,22877,6,1,"1","1",1,25,71,"1:31:09.090","5469090","57","2","1:14.957","206.950",2015,18,"Brazilian Grand Prix",2015-11-15,"16:00:00","rosberg","6","ROS","Nico","Rosberg",1985-06-27,"German","mercedes","Mercedes","German","Finished","interlagos","Autódromo José Carlos Pace","São Paulo","Brazil",-23.7036,-46.6997,"785"
18,11,207,808,879,21698,21,19,"11","11",11,0,70,"\N","\N","39","18","1:20.528","192.633",2012,20,"Brazilian Grand Prix",2012-11-25,"16:00:00","petrov","\N","PET","Vitaly","Petrov",1984-09-08,"Russian","caterham","Caterham","Malaysian","+1 Lap","interlagos","Autódromo José Carlos Pace","São Paulo","Brazil",-23.7036,-46.6997,"785"
20,9,5,818,888,21907,18,16,"\N","R",20,0,22,"\N","\N","12","21","1:39.281","186.670",2013,9,"German Grand Prix",2013-07-07,"12:00:00","vergne","25","VER","Jean-Éric","Vergne",1990-04-25,"French","toro_rosso","Toro Rosso","Italian","Hydraulics","nurburgring","Nürburgring","Nürburg","Germany",50.3356,6.9475,"578"
20,1,5,817,888,21899,19,6,"12","12",12,0,60,"+56.975","6131686","58","14","1:35.982","193.086",2013,9,"German Grand Prix",2013-07-07,"12:00:00","ricciardo","3","RIC","Daniel","Ricciardo",1989-07-01,"Australian","toro_rosso","Toro Rosso","Italian","Finished","nurburgring","Nürburgring","Nürburg","Germany",50.3356,6.9475,"578"
20,1,10,16,850,20997,14,8,"6","6",6,8,60,"+1:26.208","5936542","57","10","1:36.653","191.745",2011,10,"German Grand Prix",2011-07-24,"12:00:00","sutil","99","SUT","Adrian","Sutil",1983-01-11,"German","force_india","Force India","Indian","Finished","nurburgring","Nürburgring","Nürburg","Germany",50.3356,6.9475,"578"
20,1,3,849,1041,24839,6,18,"14","14",14,0,60,"+54.449","5804090","39","13","1:31.377","202.816",2020,11,"Eifel Grand Prix",2020-10-11,"13:10:00","latifi","6","LAT","Nicholas","Latifi",1995-06-29,"Canadian","williams","Williams","British","Finished","nurburgring","Nürburgring","Nürburg","Germany",50.3356,6.9475,"578"
20,1,6,844,1041,24832,16,4,"7","7",7,6,60,"+30.814","5780455","54","10","1:30.712","204.303",2020,11,"Eifel Grand Prix",2020-10-11,"13:10:00","leclerc","16","LEC","Charles","Leclerc",1997-10-16,"Monegasque","ferrari","Ferrari","Italian","Finished","nurburgring","Nürburgring","Nürburg","Germany",50.3356,6.9475,"578"
20,5,206,824,888,21908,22,19,"\N","R",21,0,21,"\N","\N","20","22","1:39.844","185.617",2013,9,"German Grand Prix",2013-07-07,"12:00:00","jules_bianchi","17","BIA","Jules","Bianchi",1989-08-03,"French","marussia","Marussia","Russian","Engine","nurburgring","Nürburgring","Nürburg","Germany",50.3356,6.9475,"578"
20,1,10,16,888,21900,15,15,"13","13",13,0,60,"+57.738","6132449","60","13","1:35.816","193.420",2013,9,"German Grand Prix",2013-07-07,"12:00:00","sutil","99","SUT","Adrian","Sutil",1983-01-11,"German","force_india","Force India","Indian","Finished","nurburgring","Nürburgring","Nürburg","Germany",50.3356,6.9475,"578"
20,1,9,17,850,20994,2,1,"3","3",3,15,60,"+9.788","5860122","60","2","1:34.468","196.180",2011,10,"German Grand Prix",2011-07-24,"12:00:00","webber","\N","WEB","Mark","Webber",1976-08-27,"Australian","red_bull","Red Bull","Austrian","Finished","nurburgring","Nürburgring","Nürburg","Germany",50.3356,6.9475,"578"
20,1,1,815,888,21895,6,13,"8","8",8,4,60,"+38.306","6113017","50","15","1:36.134","192.780",2013,9,"German Grand Prix",2013-07-07,"12:00:00","perez","11","PER","Sergio","Pérez",1990-01-26,"Mexican","mclaren","McLaren","British","Finished","nurburgring","Nürburgring","Nürburg","Germany",50.3356,6.9475,"578"
20,1,9,830,1041,24827,33,3,"2","2",2,19,60,"+4.470","5754111","60","1","1:28.139","210.267",2020,11,"Eifel Grand Prix",2020-10-11,"13:10:00","max_verstappen","33","VER","Max","Verstappen",1997-09-30,"Dutch","red_bull","Red Bull","Austrian","Finished","nurburgring","Nürburgring","Nürburg","Germany",50.3356,6.9475,"578"
20,11,4,808,850,21001,10,9,"10","10",10,1,59,"\N","\N","50","8","1:36.186","192.676",2011,10,"German Grand Prix",2011-07-24,"12:00:00","petrov","\N","PET","Vitaly","Petrov",1984-09-08,"Russian","renault","Renault","French","+1 Lap","nurburgring","Nürburgring","Nürburg","Germany",50.3356,6.9475,"578"
20,1,9,20,888,21888,1,2,"1","1",1,25,60,"1:41:14.711","6074711","59","5","1:34.164","196.814",2013,9,"German Grand Prix",2013-07-07,"12:00:00","vettel","5","VET","Sebastian","Vettel",1987-07-03,"German","red_bull","Red Bull","Austrian","Finished","nurburgring","Nürburgring","Nürburg","Germany",50.3356,6.9475,"578"
20,11,207,823,888,21905,21,20,"18","18",18,0,59,"\N","\N","40","19","1:38.509","188.133",2013,9,"German Grand Prix",2013-07-07,"12:00:00","garde","\N","VDG","Giedo","van der Garde",1985-04-25,"Dutch","caterham","Caterham","Malaysian","+1 Lap","nurburgring","Nürburgring","Nürburg","Germany",50.3356,6.9475,"578"
20,11,3,822,888,21903,17,17,"16","16",16,0,59,"\N","\N","56","3","1:33.972","197.216",2013,9,"German Grand Prix",2013-07-07,"12:00:00","bottas","77","BOT","Valtteri","Bottas",1989-08-28,"Finnish","williams","Williams","British","+1 Lap","nurburgring","Nürburgring","Nürburg","Germany",50.3356,6.9475,"578"
20,20,6,13,888,21909,4,7,"\N","R",22,0,3,"\N","\N","3","20","1:38.890","187.408",2013,9,"German Grand Prix",2013-07-07,"12:00:00","massa","19","MAS","Felipe","Massa",1981-04-25,"Brazilian","ferrari","Ferrari","Italian","Spun off","nurburgring","Nürburgring","Nürburg","Germany",50.3356,6.9475,"578"
20,1,210,154,1041,24834,8,16,"9","9",9,2,60,"+39.081","5788722","54","14","1:31.562","202.407",2020,11,"Eifel Grand Prix",2020-10-11,"13:10:00","grosjean","8","GRO","Romain","Grosjean",1986-04-17,"French","haas","Haas F1 Team","American","Finished","nurburgring","Nürburgring","Nürburg","Germany",50.3356,6.9475,"578"
20,1,3,813,888,21902,16,18,"15","15",15,0,60,"+1:01.929","6136640","56","9","1:34.293","196.544",2013,9,"German Grand Prix",2013-07-07,"12:00:00","maldonado","13","MAL","Pastor","Maldonado",1985-03-09,"Venezuelan","williams","Williams","British","Finished","nurburgring","Nürburgring","Nürburg","Germany",50.3356,6.9475,"578"
20,1,1,1,850,20992,3,2,"1","1",1,25,60,"1:37:30.344","5850334","59","1","1:34.302","196.526",2011,10,"German Grand Prix",2011-07-24,"12:00:00","hamilton","44","HAM","Lewis","Hamilton",1985-01-07,"British","mclaren","McLaren","British","Finished","nurburgring","Nürburgring","Nürburg","Germany",50.3356,6.9475,"578"
20,11,10,814,850,21004,15,12,"13","13",13,0,59,"\N","\N","54","12","1:36.715","191.622",2011,10,"German Grand Prix",2011-07-24,"12:00:00","resta","\N","DIR","Paul","di Resta",1986-04-16,"British","force_india","Force India","Indian","+1 Lap","nurburgring","Nürburgring","Nürburg","Germany",50.3356,6.9475,"578"
20,44,3,22,850,21014,11,14,"\N","R",23,0,16,"\N","\N","8","19","1:39.679","185.924",2011,10,"German Grand Prix",2011-07-24,"12:00:00","barrichello","\N","BAR","Rubens","Barrichello",1972-05-23,"Brazilian","williams","Williams","British","Oil leak","nurburgring","Nürburgring","Nürburg","Germany",50.3356,6.9475,"578"
20,10,164,24,850,21012,23,23,"\N","R",21,0,37,"\N","\N","28","24","1:40.683","184.070",2011,10,"German Grand Prix",2011-07-24,"12:00:00","liuzzi","\N","LIU","Vitantonio","Liuzzi",1980-08-06,"Italian","hrt","HRT","Spanish","Electrical","nurburgring","Nürburgring","Nürburg","Germany",50.3356,6.9475,"578"
20,1,4,817,1041,24828,3,6,"3","3",3,15,60,"+14.613","5764254","53","3","1:29.584","206.876",2020,11,"Eifel Grand Prix",2020-10-11,"13:10:00","ricciardo","3","RIC","Daniel","Ricciardo",1989-07-01,"Australian","renault","Renault","French","Finished","nurburgring","Nürburgring","Nürburg","Germany",50.3356,6.9475,"578"
20,1,213,826,1041,24840,26,13,"15","15",15,0,60,"+55.588","5805229","41","16","1:32.214","200.975",2020,11,"Eifel Grand Prix",2020-10-11,"13:10:00","kvyat","26","KVY","Daniil","Kvyat",1994-04-26,"Russian","alphatauri","AlphaTauri","Italian","Finished","nurburgring","Nürburgring","Nürburg","Germany",50.3356,6.9475,"578"
20,1,51,8,1041,24837,7,19,"12","12",12,0,60,"+41.476","5791117","54","9","1:30.512","204.755",2020,11,"Eifel Grand Prix",2020-10-11,"13:10:00","raikkonen","7","RAI","Kimi","Räikkönen",1979-10-17,"Finnish","alfa","Alfa Romeo","Swiss","Finished","nurburgring","Nürburgring","Nürburg","Germany",50.3356,6.9475,"578"
20,1,9,20,850,20995,1,3,"4","4",4,12,60,"+47.921","5898255","47","3","1:34.587","195.933",2011,10,"German Grand Prix",2011-07-24,"12:00:00","vettel","5","VET","Sebastian","Vettel",1987-07-03,"German","red_bull","Red Bull","Austrian","Finished","nurburgring","Nürburgring","Nürburg","Germany",50.3356,6.9475,"578"
20,1,211,807,1041,24833,27,20,"8","8",8,4,60,"+32.596","5782237","58","11","1:30.733","204.256",2020,11,"Eifel Grand Prix",2020-10-11,"13:10:00","hulkenberg","27","HUL","Nico","Hülkenberg",1987-08-19,"German","racing_point","Racing Point","British","Finished","nurburgring","Nürburgring","Nürburg","Germany",50.3356,6.9475,"578"
20,1,10,814,888,21898,14,12,"11","11",11,0,60,"+53.771","6128482","43","16","1:36.566","191.918",2013,9,"German Grand Prix",2013-07-07,"12:00:00","resta","\N","DIR","Paul","di Resta",1986-04-16,"British","force_india","Force India","Indian","Finished","nurburgring","Nürburgring","Nürburg","Germany",50.3356,6.9475,"578"
20,4,3,847,1041,24845,63,17,"\N","R",20,0,12,"\N","\N","6","20","1:34.526","196.060",2020,11,"Eifel Grand Prix",2020-10-11,"13:10:00","russell","63","RUS","George","Russell",1998-02-15,"British","williams","Williams","British","Collision","nurburgring","Nürburgring","Nürburg","Germany",50.3356,6.9475,"578"
20,11,3,813,850,21005,12,13,"14","14",14,0,59,"\N","\N","50","15","1:37.568","189.947",2011,10,"German Grand Prix",2011-07-24,"12:00:00","maldonado","13","MAL","Pastor","Maldonado",1985-03-09,"Venezuelan","williams","Williams","British","+1 Lap","nurburgring","Nürburgring","Nürburg","Germany",50.3356,6.9475,"578"
20,11,15,155,850,21000,16,17,"9","9",9,2,59,"\N","\N","50","11","1:36.659","191.733",2011,10,"German Grand Prix",2011-07-24,"12:00:00","kobayashi","10","KOB","Kamui","Kobayashi",1986-09-13,"Japanese","sauber","Sauber","Swiss","+1 Lap","nurburgring","Nürburgring","Nürburg","Germany",50.3356,6.9475,"578"
20,13,166,10,850,21008,24,19,"17","17",17,0,57,"\N","\N","57","21","1:39.982","185.361",2011,10,"German Grand Prix",2011-07-24,"12:00:00","glock","\N","GLO","Timo","Glock",1982-03-18,"German","virgin","Virgin","British","+3 Laps","nurburgring","Nürburgring","Nürburg","Germany",50.3356,6.9475,"578"
20,14,205,812,850,21011,21,20,"20","20",20,0,56,"\N","\N","56","22","1:40.435","184.525",2011,10,"German Grand Prix",2011-07-24,"12:00:00","chandhok","\N","CHA","Karun","Chandhok",1984-01-19,"Indian","lotus_racing","Lotus","Malaysian","+4 Laps","nurburgring","Nürburgring","Nürburg","Germany",50.3356,6.9475,"578"
20,11,131,3,850,20998,8,6,"7","7",7,6,59,"\N","\N","51","7","1:36.181","192.686",2011,10,"German Grand Prix",2011-07-24,"12:00:00","rosberg","6","ROS","Nico","Rosberg",1985-06-27,"German","mercedes","Mercedes","German","+1 Lap","nurburgring","Nürburgring","Nürburg","Germany",50.3356,6.9475,"578"
20,1,208,154,888,21890,8,5,"3","3",3,15,60,"+5.830","6080541","57","10","1:34.576","195.956",2013,9,"German Grand Prix",2013-07-07,"12:00:00","grosjean","8","GRO","Romain","Grosjean",1986-04-17,"French","lotus_f1","Lotus F1","British","Finished","nurburgring","Nürburgring","Nürburg","Germany",50.3356,6.9475,"578"
20,1,51,841,1041,24835,99,14,"10","10",10,1,60,"+40.035","5789676","38","12","1:30.909","203.861",2020,11,"Eifel Grand Prix",2020-10-11,"13:10:00","giovinazzi","99","GIO","Antonio","Giovinazzi",1993-12-14,"Italian","alfa","Alfa Romeo","Swiss","Finished","nurburgring","Nürburgring","Nürburg","Germany",50.3356,6.9475,"578"
20,1,6,4,850,20993,5,4,"2","2",2,18,60,"+3.980","5854314","60","5","1:34.626","195.853",2011,10,"German Grand Prix",2011-07-24,"12:00:00","alonso","14","ALO","Fernando","Alonso",1981-07-29,"Spanish","ferrari","Ferrari","Italian","Finished","nurburgring","Nürburgring","Nürburg","Germany",50.3356,6.9475,"578"
20,131,131,822,1041,24844,77,1,"\N","R",19,0,18,"\N","\N","8","15","1:31.884","201.697",2020,11,"Eifel Grand Prix",2020-10-11,"13:10:00","bottas","77","BOT","Valtteri","Bottas",1989-08-28,"Finnish","mercedes","Mercedes","German","Power Unit","nurburgring","Nürburgring","Nürburg","Germany",50.3356,6.9475,"578"
20,1,9,17,888,21894,2,3,"7","7",7,6,60,"+37.562","6112273","55","11","1:34.782","195.530",2013,9,"German Grand Prix",2013-07-07,"12:00:00","webber","\N","WEB","Mark","Webber",1976-08-27,"Australian","red_bull","Red Bull","Austrian","Finished","nurburgring","Nürburgring","Nürburg","Germany",50.3356,6.9475,"578"
20,11,207,819,888,21904,20,22,"17","17",17,0,59,"\N","\N","51","17","1:37.584","189.916",2013,9,"German Grand Prix",2013-07-07,"12:00:00","pic","\N","PIC","Charles","Pic",1990-02-15,"French","caterham","Caterham","Malaysian","+1 Lap","nurburgring","Nürburgring","Nürburg","Germany",50.3356,6.9475,"578"
20,11,5,67,850,21006,18,24,"15","15",15,0,59,"\N","\N","48","16","1:37.863","189.374",2011,10,"German Grand Prix",2011-07-24,"12:00:00","buemi","\N","BUE","Sébastien","Buemi",1988-10-31,"Swiss","toro_rosso","Toro Rosso","Italian","+1 Lap","nurburgring","Nürburgring","Nürburg","Germany",50.3356,6.9475,"578"
20,1,6,4,888,21891,3,8,"4","4",4,12,60,"+7.721","6082432","51","1","1:33.468","198.279",2013,9,"German Grand Prix",2013-07-07,"12:00:00","alonso","14","ALO","Fernando","Alonso",1981-07-29,"Spanish","ferrari","Ferrari","Italian","Finished","nurburgring","Nürburgring","Nürburg","Germany",50.3356,6.9475,"578"
20,1,15,807,888,21897,11,10,"10","10",10,1,60,"+49.892","6124603","58","8","1:34.244","196.647",2013,9,"German Grand Prix",2013-07-07,"12:00:00","hulkenberg","27","HUL","Nico","Hülkenberg",1987-08-19,"German","sauber","Sauber","Swiss","Finished","nurburgring","Nürburgring","Nürburg","Germany",50.3356,6.9475,"578"
20,13,166,816,850,21009,25,21,"18","18",18,0,57,"\N","\N","57","20","1:39.787","185.723",2011,10,"German Grand Prix",2011-07-24,"12:00:00","ambrosio","\N","DAM","Jérôme","d'Ambrosio",1985-12-27,"Belgian","virgin","Virgin","British","+3 Laps","nurburgring","Nürburgring","Nürburg","Germany",50.3356,6.9475,"578"
20,4,4,2,850,21015,9,11,"\N","R",24,0,9,"\N","\N","7","18","1:39.452","186.349",2011,10,"German Grand Prix",2011-07-24,"12:00:00","heidfeld","\N","HEI","Nick","Heidfeld",1977-05-10,"German","renault","Renault","French","Collision","nurburgring","Nürburgring","Nürburg","Germany",50.3356,6.9475,"578"
20,1,15,821,888,21901,12,14,"14","14",14,0,60,"+1:00.160","6134871","56","12","1:35.792","193.469",2013,9,"German Grand Prix",2013-07-07,"12:00:00","gutierrez","21","GUT","Esteban","Gutiérrez",1991-08-05,"Mexican","sauber","Sauber","Swiss","Finished","nurburgring","Nürburgring","Nürburg","Germany",50.3356,6.9475,"578"
20,1,213,842,1041,24831,10,12,"6","6",6,8,60,"+22.766","5772407","53","5","1:30.110","205.668",2020,11,"Eifel Grand Prix",2020-10-11,"13:10:00","gasly","10","GAS","Pierre","Gasly",1996-02-07,"French","alphatauri","AlphaTauri","Italian","Finished","nurburgring","Nürburgring","Nürburg","Germany",50.3356,6.9475,"578"
20,1,211,815,1041,24829,11,9,"4","4",4,12,60,"+16.070","5765711","58","4","1:29.700","206.608",2020,11,"Eifel Grand Prix",2020-10-11,"13:10:00","perez","11","PER","Sergio","Pérez",1990-01-26,"Mexican","racing_point","Racing Point","British","Finished","nurburgring","Nürburgring","Nürburg","Germany",50.3356,6.9475,"578"
20,1,131,1,888,21892,10,1,"5","5",5,10,60,"+26.927","6101638","57","4","1:34.156","196.830",2013,9,"German Grand Prix",2013-07-07,"12:00:00","hamilton","44","HAM","Lewis","Hamilton",1985-01-07,"British","mercedes","Mercedes","German","Finished","nurburgring","Nürburgring","Nürburg","Germany",50.3356,6.9475,"578"
20,13,164,817,850,21010,22,22,"19","19",19,0,57,"\N","\N","57","23","1:40.489","184.426",2011,10,"German Grand Prix",2011-07-24,"12:00:00","ricciardo","3","RIC","Daniel","Ricciardo",1989-07-01,"Australian","hrt","HRT","Spanish","+3 Laps","nurburgring","Nürburgring","Nürburg","Germany",50.3356,6.9475,"578"
20,6,4,839,1041,24843,31,7,"\N","R",18,0,22,"\N","\N","21","19","1:33.189","198.873",2020,11,"Eifel Grand Prix",2020-10-11,"13:10:00","ocon","31","OCO","Esteban","Ocon",1996-09-17,"French","renault","Renault","French","Gearbox","nurburgring","Nürburgring","Nürburg","Germany",50.3356,6.9475,"578"
20,11,131,30,850,20999,7,10,"8","8",8,4,59,"\N","\N","49","6","1:35.628","193.800",2011,10,"German Grand Prix",2011-07-24,"12:00:00","michael_schumacher","\N","MSC","Michael","Schumacher",1969-01-03,"German","mercedes","Mercedes","German","+1 Lap","nurburgring","Nürburgring","Nürburg","Germany",50.3356,6.9475,"578"
20,1,208,8,888,21889,7,4,"2","2",2,18,60,"+1.008","6075719","57","2","1:33.767","197.647",2013,9,"German Grand Prix",2013-07-07,"12:00:00","raikkonen","7","RAI","Kimi","Räikkönen",1979-10-17,"Finnish","lotus_f1","Lotus F1","British","Finished","nurburgring","Nürburgring","Nürburg","Germany",50.3356,6.9475,"578"
20,1,210,825,1041,24838,20,15,"13","13",13,0,60,"+49.585","5799226","37","8","1:30.456","204.881",2020,11,"Eifel Grand Prix",2020-10-11,"13:10:00","kevin_magnussen","20","MAG","Kevin","Magnussen",1992-10-05,"Danish","haas","Haas F1 Team","American","Finished","nurburgring","Nürburgring","Nürburg","Germany",50.3356,6.9475,"578"
20,1,1,832,1041,24830,55,10,"5","5",5,10,60,"+21.905","5771546","53","6","1:30.129","205.625",2020,11,"Eifel Grand Prix",2020-10-11,"13:10:00","sainz","55","SAI","Carlos","Sainz",1994-09-01,"Spanish","mclaren","McLaren","British","Finished","nurburgring","Nürburgring","Nürburg","Germany",50.3356,6.9475,"578"
20,9,1,18,850,21013,4,7,"\N","R",22,0,35,"\N","\N","33","9","1:36.258","192.532",2011,10,"German Grand Prix",2011-07-24,"12:00:00","button","22","BUT","Jenson","Button",1980-01-19,"British","mclaren","McLaren","British","Hydraulics","nurburgring","Nürburgring","Nürburg","Germany",50.3356,6.9475,"578"
20,131,1,846,1041,24841,4,8,"\N","R",16,0,42,"\N","\N","40","17","1:32.328","200.727",2020,11,"Eifel Grand Prix",2020-10-11,"13:10:00","norris","4","NOR","Lando","Norris",1999-11-13,"British","mclaren","McLaren","British","Power Unit","nurburgring","Nürburgring","Nürburg","Germany",50.3356,6.9475,"578"
20,1,131,1,1041,24826,44,2,"1","1",1,25,60,"1:35:49.641","5749641","58","2","1:28.145","210.253",2020,11,"Eifel Grand Prix",2020-10-11,"13:10:00","hamilton","44","HAM","Lewis","Hamilton",1985-01-07,"British","mercedes","Mercedes","German","Finished","nurburgring","Nürburgring","Nürburg","Germany",50.3356,6.9475,"578"
20,1,131,3,888,21896,9,11,"9","9",9,2,60,"+46.821","6121532","55","6","1:34.181","196.778",2013,9,"German Grand Prix",2013-07-07,"12:00:00","rosberg","6","ROS","Nico","Rosberg",1985-06-27,"German","mercedes","Mercedes","German","Finished","nurburgring","Nürburgring","Nürburg","Germany",50.3356,6.9475,"578"
20,1,1,18,888,21893,5,9,"6","6",6,8,60,"+27.996","6102707","49","7","1:34.201","196.736",2013,9,"German Grand Prix",2013-07-07,"12:00:00","button","22","BUT","Jenson","Button",1980-01-19,"British","mclaren","McLaren","British","Finished","nurburgring","Nürburgring","Nürburg","Germany",50.3356,6.9475,"578"
20,1,6,13,850,20996,6,5,"5","5",5,10,60,"+52.252","5902586","51","4","1:34.609","195.888",2011,10,"German Grand Prix",2011-07-24,"12:00:00","massa","19","MAS","Felipe","Massa",1981-04-25,"Brazilian","ferrari","Ferrari","Italian","Finished","nurburgring","Nürburgring","Nürburg","Germany",50.3356,6.9475,"578"
20,1,6,20,1041,24836,5,11,"11","11",11,0,60,"+40.810","5790451","43","7","1:30.408","204.990",2020,11,"Eifel Grand Prix",2020-10-11,"13:10:00","vettel","5","VET","Sebastian","Vettel",1987-07-03,"German","ferrari","Ferrari","Italian","Finished","nurburgring","Nürburgring","Nürburg","Germany",50.3356,6.9475,"578"
20,11,15,815,850,21002,17,15,"11","11",11,0,59,"\N","\N","53","13","1:37.033","190.994",2011,10,"German Grand Prix",2011-07-24,"12:00:00","perez","11","PER","Sergio","Pérez",1990-01-26,"Mexican","sauber","Sauber","Swiss","+1 Lap","nurburgring","Nürburgring","Nürburg","Germany",50.3356,6.9475,"578"
20,11,206,820,888,21906,23,21,"19","19",19,0,59,"\N","\N","47","18","1:38.383","188.374",2013,9,"German Grand Prix",2013-07-07,"12:00:00","chilton","4","CHI","Max","Chilton",1991-04-21,"British","marussia","Marussia","Russian","+1 Lap","nurburgring","Nürburgring","Nürburg","Germany",50.3356,6.9475,"578"
20,21,9,848,1041,24842,23,5,"\N","R",17,0,23,"\N","\N","9","18","1:32.330","200.723",2020,11,"Eifel Grand Prix",2020-10-11,"13:10:00","albon","23","ALB","Alexander","Albon",1996-03-23,"Thai","red_bull","Red Bull","Austrian","Radiator","nurburgring","Nürburgring","Nürburg","Germany",50.3356,6.9475,"578"
20,11,5,153,850,21003,19,16,"12","12",12,0,59,"\N","\N","59","14","1:37.415","190.245",2011,10,"German Grand Prix",2011-07-24,"12:00:00","alguersuari","\N","ALG","Jaime","Alguersuari",1990-03-23,"Spanish","toro_rosso","Toro Rosso","Italian","+1 Lap","nurburgring","Nürburgring","Nürburg","Germany",50.3356,6.9475,"578"
20,12,205,5,850,21007,20,18,"16","16",16,0,58,"\N","\N","54","17","1:39.050","187.105",2011,10,"German Grand Prix",2011-07-24,"12:00:00","kovalainen","\N","KOV","Heikki","Kovalainen",1981-10-19,"Finnish","lotus_racing","Lotus","Malaysian","+2 Laps","nurburgring","Nürburgring","Nürburg","Germany",50.3356,6.9475,"578"
21,1,6,20,1043,24877,5,14,"12","12",12,0,63,"+28.453","5340883","44","7","1:17.767","227.248",2020,13,"Emilia Romagna Grand Prix",2020-11-01,"12:10:00","vettel","5","VET","Sebastian","Vettel",1987-07-03,"German","ferrari","Ferrari","Italian","Finished","imola","Autodromo Enzo e Dino Ferrari","Imola","Italy",44.3439,11.7167,"37"
21,1,211,840,1043,24878,18,15,"13","13",13,0,63,"+29.163","5341593","46","13","1:18.360","225.528",2020,13,"Emilia Romagna Grand Prix",2020-11-01,"12:10:00","stroll","18","STR","Lance","Stroll",1998-10-29,"Canadian","racing_point","Racing Point","British","Finished","imola","Autodromo Enzo e Dino Ferrari","Imola","Italy",44.3439,11.7167,"37"
21,1,1,817,1053,24991,3,6,"6","6",6,8,63,"+51.220","7405818","54","12","1:19.341","222.739",2021,2,"Emilia Romagna Grand Prix",2021-04-18,"13:00:00","ricciardo","3","RIC","Daniel","Ricciardo",1989-07-01,"Australian","mclaren","McLaren","British","Finished","imola","Autodromo Enzo e Dino Ferrari","Imola","Italy",44.3439,11.7167,"37"
21,1,1,846,1043,24873,4,9,"8","8",8,4,63,"+21.131","5333561","63","8","1:18.069","226.368",2020,13,"Emilia Romagna Grand Prix",2020-11-01,"12:10:00","norris","4","NOR","Lando","Norris",1999-11-13,"British","mclaren","McLaren","British","Finished","imola","Autodromo Enzo e Dino Ferrari","Imola","Italy",44.3439,11.7167,"37"
21,1,51,8,1053,24998,7,16,"13","13",13,0,63,"+94.773","7449371","62","5","1:18.353","225.548",2021,2,"Emilia Romagna Grand Prix",2021-04-18,"13:00:00","raikkonen","7","RAI","Kimi","Räikkönen",1979-10-17,"Finnish","alfa","Alfa Romeo","Swiss","Finished","imola","Autodromo Enzo e Dino Ferrari","Imola","Italy",44.3439,11.7167,"37"
21,1,131,1,1043,24866,44,2,"1","1",1,26,63,"1:28:32.430","5312430","63","1","1:15.484","234.121",2020,13,"Emilia Romagna Grand Prix",2020-11-01,"12:10:00","hamilton","44","HAM","Lewis","Hamilton",1985-01-07,"British","mercedes","Mercedes","German","Finished","imola","Autodromo Enzo e Dino Ferrari","Imola","Italy",44.3439,11.7167,"37"
21,1,4,817,1043,24868,3,5,"3","3",3,15,63,"+14.320","5326750","62","4","1:17.552","227.878",2020,13,"Emilia Romagna Grand Prix",2020-11-01,"12:10:00","ricciardo","3","RIC","Daniel","Ricciardo",1989-07-01,"Australian","renault","Renault","French","Finished","imola","Autodromo Enzo e Dino Ferrari","Imola","Italy",44.3439,11.7167,"37"
21,1,6,844,1053,24989,16,4,"4","4",4,12,63,"+25.579","7380177","60","6","1:18.379","225.473",2021,2,"Emilia Romagna Grand Prix",2021-04-18,"13:00:00","leclerc","16","LEC","Charles","Leclerc",1997-10-16,"Monegasque","ferrari","Ferrari","Italian","Finished","imola","Autodromo Enzo e Dino Ferrari","Imola","Italy",44.3439,11.7167,"37"
21,139,210,825,1043,24883,20,17,"\N","R",18,0,47,"\N","\N","45","18","1:19.273","222.930",2020,13,"Emilia Romagna Grand Prix",2020-11-01,"12:10:00","kevin_magnussen","20","MAG","Kevin","Magnussen",1992-10-05,"Danish","haas","Haas F1 Team","American","Illness","imola","Autodromo Enzo e Dino Ferrari","Imola","Italy",44.3439,11.7167,"37"
21,1,9,848,1043,24880,23,6,"15","15",15,0,63,"+57.284","5369714","63","3","1:16.177","231.991",2020,13,"Emilia Romagna Grand Prix",2020-11-01,"12:10:00","albon","23","ALB","Alexander","Albon",1996-03-23,"Thai","red_bull","Red Bull","Austrian","Finished","imola","Autodromo Enzo e Dino Ferrari","Imola","Italy",44.3439,11.7167,"37"
21,1,51,841,1043,24875,99,20,"10","10",10,1,63,"+26.398","5338828","61","15","1:18.794","224.286",2020,13,"Emilia Romagna Grand Prix",2020-11-01,"12:10:00","giovinazzi","99","GIO","Antonio","Giovinazzi",1993-12-14,"Italian","alfa","Alfa Romeo","Swiss","Finished","imola","Autodromo Enzo e Dino Ferrari","Imola","Italy",44.3439,11.7167,"37"
21,1,6,844,1043,24870,16,7,"5","5",5,10,63,"+19.111","5331541","62","12","1:18.173","226.067",2020,13,"Emilia Romagna Grand Prix",2020-11-01,"12:10:00","leclerc","16","LEC","Charles","Leclerc",1997-10-16,"Monegasque","ferrari","Ferrari","Italian","Finished","imola","Autodromo Enzo e Dino Ferrari","Imola","Italy",44.3439,11.7167,"37"
21,1,213,852,1053,24997,22,20,"12","12",12,0,63,"+73.184","7427782","49","4","1:18.334","225.603",2021,2,"Emilia Romagna Grand Prix",2021-04-18,"13:00:00","tsunoda","22","TSU","Yuki","Tsunoda",2000-05-11,"Japanese","alphatauri","AlphaTauri","Italian","Finished","imola","Autodromo Enzo e Dino Ferrari","Imola","Italy",44.3439,11.7167,"37"
21,1,210,154,1043,24879,8,16,"14","14",14,0,63,"+32.935","5345365","45","17","1:18.822","224.206",2020,13,"Emilia Romagna Grand Prix",2020-11-01,"12:10:00","grosjean","8","GRO","Romain","Grosjean",1986-04-17,"French","haas","Haas F1 Team","American","Finished","imola","Autodromo Enzo e Dino Ferrari","Imola","Italy",44.3439,11.7167,"37"
21,1,1,832,1043,24872,55,10,"7","7",7,6,63,"+20.230","5332660","62","11","1:18.118","226.226",2020,13,"Emilia Romagna Grand Prix",2020-11-01,"12:10:00","sainz","55","SAI","Carlos","Sainz",1994-09-01,"Spanish","mclaren","McLaren","British","Finished","imola","Autodromo Enzo e Dino Ferrari","Imola","Italy",44.3439,11.7167,"37"
21,1,1,846,1053,24988,4,7,"3","3",3,15,63,"+23.702","7378300","63","3","1:18.259","225.819",2021,2,"Emilia Romagna Grand Prix",2021-04-18,"13:00:00","norris","4","NOR","Lando","Norris",1999-11-13,"British","mclaren","McLaren","British","Finished","imola","Autodromo Enzo e Dino Ferrari","Imola","Italy",44.3439,11.7167,"37"
21,1,213,842,1053,24992,10,5,"7","7",7,6,63,"+52.818","7407416","52","9","1:18.994","223.718",2021,2,"Emilia Romagna Grand Prix",2021-04-18,"13:00:00","gasly","10","GAS","Pierre","Gasly",1996-02-07,"French","alphatauri","AlphaTauri","Italian","Finished","imola","Autodromo Enzo e Dino Ferrari","Imola","Italy",44.3439,11.7167,"37"
21,1,9,830,1053,24986,33,3,"1","1",1,25,63,"2:02:34.598","7354598","60","2","1:17.524","227.960",2021,2,"Emilia Romagna Grand Prix",2021-04-18,"13:00:00","max_verstappen","33","VER","Max","Verstappen",1997-09-30,"Dutch","red_bull","Red Bull","Austrian","Finished","imola","Autodromo Enzo e Dino Ferrari","Imola","Italy",44.3439,11.7167,"37"
21,1,213,826,1043,24869,26,8,"4","4",4,12,63,"+15.141","5327571","62","6","1:17.666","227.543",2020,13,"Emilia Romagna Grand Prix",2020-11-01,"12:10:00","kvyat","26","KVY","Daniil","Kvyat",1994-04-26,"Russian","alphatauri","AlphaTauri","Italian","Finished","imola","Autodromo Enzo e Dino Ferrari","Imola","Italy",44.3439,11.7167,"37"
21,11,51,841,1053,24999,99,17,"14","14",14,0,62,"\N","\N","57","16","1:19.470","222.378",2021,2,"Emilia Romagna Grand Prix",2021-04-18,"13:00:00","giovinazzi","99","GIO","Antonio","Giovinazzi",1993-12-14,"Italian","alfa","Alfa Romeo","Swiss","+1 Lap","imola","Autodromo Enzo e Dino Ferrari","Imola","Italy",44.3439,11.7167,"37"
21,4,3,849,1053,25005,6,14,"\N","R",20,0,0,"\N","\N","\N","0","\N","\N",2021,2,"Emilia Romagna Grand Prix",2021-04-18,"13:00:00","latifi","6","LAT","Nicholas","Latifi",1995-06-29,"Canadian","williams","Williams","British","Collision","imola","Autodromo Enzo e Dino Ferrari","Imola","Italy",44.3439,11.7167,"37"
21,3,3,847,1043,24881,63,13,"\N","R",16,0,51,"\N","\N","43","16","1:18.811","224.237",2020,13,"Emilia Romagna Grand Prix",2020-11-01,"12:10:00","russell","63","RUS","George","Russell",1998-02-15,"British","williams","Williams","British","Accident","imola","Autodromo Enzo e Dino Ferrari","Imola","Italy",44.3439,11.7167,"37"
21,6,4,839,1043,24884,31,12,"\N","R",19,0,27,"\N","\N","22","19","1:19.606","221.998",2020,13,"Emilia Romagna Grand Prix",2020-11-01,"12:10:00","ocon","31","OCO","Esteban","Ocon",1996-09-17,"French","renault","Renault","French","Gearbox","imola","Autodromo Enzo e Dino Ferrari","Imola","Italy",44.3439,11.7167,"37"
21,1,6,832,1053,24990,55,11,"5","5",5,10,63,"+27.036","7381634","60","7","1:18.490","225.154",2021,2,"Emilia Romagna Grand Prix",2021-04-18,"13:00:00","sainz","55","SAI","Carlos","Sainz",1994-09-01,"Spanish","ferrari","Ferrari","Italian","Finished","imola","Autodromo Enzo e Dino Ferrari","Imola","Italy",44.3439,11.7167,"37"
21,1,214,839,1053,24994,31,9,"9","9",9,2,63,"+65.704","7420302","62","15","1:19.422","222.512",2021,2,"Emilia Romagna Grand Prix",2021-04-18,"13:00:00","ocon","31","OCO","Esteban","Ocon",1996-09-17,"French","alpine","Alpine F1 Team","French","Finished","imola","Autodromo Enzo e Dino Ferrari","Imola","Italy",44.3439,11.7167,"37"
21,12,210,854,1053,25001,47,18,"16","16",16,0,61,"\N","\N","58","11","1:19.193","223.156",2021,2,"Emilia Romagna Grand Prix",2021-04-18,"13:00:00","mick_schumacher","47","MSC","Mick","Schumacher",1999-03-22,"German","haas","Haas F1 Team","American","+2 Laps","imola","Autodromo Enzo e Dino Ferrari","Imola","Italy",44.3439,11.7167,"37"
21,1,51,8,1043,24874,7,18,"9","9",9,2,63,"+22.224","5334654","63","10","1:18.088","226.313",2020,13,"Emilia Romagna Grand Prix",2020-11-01,"12:10:00","raikkonen","7","RAI","Kimi","Räikkönen",1979-10-17,"Finnish","alfa","Alfa Romeo","Swiss","Finished","imola","Autodromo Enzo e Dino Ferrari","Imola","Italy",44.3439,11.7167,"37"
21,4,131,822,1053,25003,77,8,"\N","R",18,0,30,"\N","\N","30","19","1:28.485","199.721",2021,2,"Emilia Romagna Grand Prix",2021-04-18,"13:00:00","bottas","77","BOT","Valtteri","Bottas",1989-08-28,"Finnish","mercedes","Mercedes","German","Collision","imola","Autodromo Enzo e Dino Ferrari","Imola","Italy",44.3439,11.7167,"37"
21,6,117,20,1053,25000,5,0,"15","15",15,0,61,"\N","\N","59","10","1:19.074","223.491",2021,2,"Emilia Romagna Grand Prix",2021-04-18,"13:00:00","vettel","5","VET","Sebastian","Vettel",1987-07-03,"German","aston_martin","Aston Martin","British","Gearbox","imola","Autodromo Enzo e Dino Ferrari","Imola","Italy",44.3439,11.7167,"37"
21,1,117,840,1053,24993,18,10,"8","8",8,4,63,"+56.909","7411507","59","8","1:18.782","224.320",2021,2,"Emilia Romagna Grand Prix",2021-04-18,"13:00:00","stroll","18","STR","Lance","Stroll",1998-10-29,"Canadian","aston_martin","Aston Martin","British","Finished","imola","Autodromo Enzo e Dino Ferrari","Imola","Italy",44.3439,11.7167,"37"
21,4,3,847,1053,25004,63,12,"\N","R",19,0,30,"\N","\N","28","18","1:26.543","204.203",2021,2,"Emilia Romagna Grand Prix",2021-04-18,"13:00:00","russell","63","RUS","George","Russell",1998-02-15,"British","williams","Williams","British","Collision","imola","Autodromo Enzo e Dino Ferrari","Imola","Italy",44.3439,11.7167,"37"
21,1,9,815,1053,24996,11,2,"11","11",11,0,63,"+67.151","7421749","62","13","1:19.396","222.585",2021,2,"Emilia Romagna Grand Prix",2021-04-18,"13:00:00","perez","11","PER","Sergio","Pérez",1990-01-26,"Mexican","red_bull","Red Bull","Austrian","Finished","imola","Autodromo Enzo e Dino Ferrari","Imola","Italy",44.3439,11.7167,"37"
21,1,131,1,1053,24987,44,1,"2","2",2,19,63,"+22.000","7376598","60","1","1:16.702","230.403",2021,2,"Emilia Romagna Grand Prix",2021-04-18,"13:00:00","hamilton","44","HAM","Lewis","Hamilton",1985-01-07,"British","mercedes","Mercedes","German","Finished","imola","Autodromo Enzo e Dino Ferrari","Imola","Italy",44.3439,11.7167,"37"
21,12,210,853,1053,25002,9,19,"17","17",17,0,61,"\N","\N","55","17","1:20.402","219.800",2021,2,"Emilia Romagna Grand Prix",2021-04-18,"13:00:00","mazepin","9","MAZ","Nikita","Mazepin",1999-03-02,"Russian","haas","Haas F1 Team","American","+2 Laps","imola","Autodromo Enzo e Dino Ferrari","Imola","Italy",44.3439,11.7167,"37"
21,1,211,815,1043,24871,11,11,"6","6",6,8,63,"+19.652","5332082","49","9","1:18.084","226.325",2020,13,"Emilia Romagna Grand Prix",2020-11-01,"12:10:00","perez","11","PER","Sergio","Pérez",1990-01-26,"Mexican","racing_point","Racing Point","British","Finished","imola","Autodromo Enzo e Dino Ferrari","Imola","Italy",44.3439,11.7167,"37"
21,1,3,849,1043,24876,6,19,"11","11",11,0,63,"+27.135","5339565","37","14","1:18.719","224.499",2020,13,"Emilia Romagna Grand Prix",2020-11-01,"12:10:00","latifi","6","LAT","Nicholas","Latifi",1995-06-29,"Canadian","williams","Williams","British","Finished","imola","Autodromo Enzo e Dino Ferrari","Imola","Italy",44.3439,11.7167,"37"
21,1,131,822,1043,24867,77,1,"2","2",2,18,63,"+5.783","5318213","63","2","1:15.902","232.831",2020,13,"Emilia Romagna Grand Prix",2020-11-01,"12:10:00","bottas","77","BOT","Valtteri","Bottas",1989-08-28,"Finnish","mercedes","Mercedes","German","Finished","imola","Autodromo Enzo e Dino Ferrari","Imola","Italy",44.3439,11.7167,"37"
21,34,213,842,1043,24885,10,4,"\N","R",20,0,8,"\N","\N","5","20","1:20.403","219.797",2020,13,"Emilia Romagna Grand Prix",2020-11-01,"12:10:00","gasly","10","GAS","Pierre","Gasly",1996-02-07,"French","alphatauri","AlphaTauri","Italian","Water pressure","imola","Autodromo Enzo e Dino Ferrari","Imola","Italy",44.3439,11.7167,"37"
21,29,9,830,1043,24882,33,3,"\N","R",17,0,50,"\N","\N","44","5","1:17.637","227.628",2020,13,"Emilia Romagna Grand Prix",2020-11-01,"12:10:00","max_verstappen","33","VER","Max","Verstappen",1997-09-30,"Dutch","red_bull","Red Bull","Austrian","Puncture","imola","Autodromo Enzo e Dino Ferrari","Imola","Italy",44.3439,11.7167,"37"
21,1,214,4,1053,24995,14,15,"10","10",10,1,63,"+66.561","7421159","62","14","1:19.417","222.526",2021,2,"Emilia Romagna Grand Prix",2021-04-18,"13:00:00","alonso","14","ALO","Fernando","Alonso",1981-07-29,"Spanish","alpine","Alpine F1 Team","French","Finished","imola","Autodromo Enzo e Dino Ferrari","Imola","Italy",44.3439,11.7167,"37"
22,105,6,20,984,23700,5,2,"\N","R",19,0,4,"\N","\N","2","19","2:06.457","165.314",2017,16,"Japanese Grand Prix",2017-10-08,"05:00:00","vettel","5","VET","Sebastian","Vettel",1987-07-03,"German","ferrari","Ferrari","Italian","Spark plugs","suzuka","Suzuka Circuit","Suzuka","Japan",34.8431,136.541,"45"
22,11,6,844,1026,24531,16,2,"6","6",6,8,51,"\N","\N","48","2","1:31.611","228.195",2019,17,"Japanese Grand Prix",2019-10-13,"05:10:00","leclerc","16","LEC","Charles","Leclerc",1997-10-16,"Monegasque","ferrari","Ferrari","Italian","+1 Lap","suzuka","Suzuka Circuit","Suzuka","Japan",34.8431,136.541,"45"
22,5,4,807,1005,24121,27,16,"\N","R",19,0,37,"\N","\N","32","17","1:34.934","220.207",2018,17,"Japanese Grand Prix",2018-10-07,"05:10:00","hulkenberg","27","HUL","Nico","Hülkenberg",1987-08-19,"German","renault","Renault","French","Engine","suzuka","Suzuka Circuit","Suzuka","Japan",34.8431,136.541,"45"
22,1,131,1,914,22439,44,2,"1","1",1,25,44,"1:51:43.021","6703021","39","1","1:51.600","187.322",2014,15,"Japanese Grand Prix",2014-10-05,"06:00:00","hamilton","44","HAM","Lewis","Hamilton",1985-01-07,"British","mercedes","Mercedes","German","Finished","suzuka","Suzuka Circuit","Suzuka","Japan",34.8431,136.541,"45"
22,11,4,835,984,23693,30,18,"12","12",12,0,52,"\N","\N","50","7","1:34.095","222.171",2017,16,"Japanese Grand Prix",2017-10-08,"05:00:00","jolyon_palmer","30","PAL","Jolyon","Palmer",1991-01-20,"British","renault","Renault","French","+1 Lap","suzuka","Suzuka Circuit","Suzuka","Japan",34.8431,136.541,"45"
22,1,10,814,895,22030,14,12,"11","11",11,0,53,"+1:38.572","5307873","41","15","1:37.407","214.617",2013,15,"Japanese Grand Prix",2013-10-13,"06:00:00","resta","\N","DIR","Paul","di Resta",1986-04-16,"British","force_india","Force India","Indian","Finished","suzuka","Suzuka Circuit","Suzuka","Japan",34.8431,136.541,"45"
22,11,10,815,940,22807,11,9,"12","12",12,0,52,"\N","\N","50","11","1:38.591","212.039",2015,14,"Japanese Grand Prix",2015-09-27,"05:00:00","perez","11","PER","Sergio","Pérez",1990-01-26,"Mexican","force_india","Force India","Indian","+1 Lap","suzuka","Suzuka Circuit","Suzuka","Japan",34.8431,136.541,"45"
22,1,131,30,874,21578,7,23,"11","11",11,0,53,"+67.769","5404011","43","6","1:36.942","215.646",2012,15,"Japanese Grand Prix",2012-10-07,"06:00:00","michael_schumacher","\N","MSC","Michael","Schumacher",1969-01-03,"German","mercedes","Mercedes","German","Finished","suzuka","Suzuka Circuit","Suzuka","Japan",34.8431,136.541,"45"
22,11,5,818,895,22031,18,17,"12","12",12,0,52,"\N","\N","52","9","1:35.895","218.000",2013,15,"Japanese Grand Prix",2013-10-13,"06:00:00","vergne","25","VER","Jean-Éric","Vergne",1990-04-25,"French","toro_rosso","Toro Rosso","Italian","+1 Lap","suzuka","Suzuka Circuit","Suzuka","Japan",34.8431,136.541,"45"
22,33,4,807,984,23698,27,11,"\N","R",17,0,40,"\N","\N","28","15","1:35.883","218.028",2017,16,"Japanese Grand Prix",2017-10-08,"05:00:00","hulkenberg","27","HUL","Nico","Hülkenberg",1987-08-19,"German","renault","Renault","French","Front wing","suzuka","Suzuka Circuit","Suzuka","Japan",34.8431,136.541,"45"
22,1,10,814,855,21123,15,12,"12","12",12,0,53,"+1:02.326","5515753","43","13","1:37.970","213.383",2011,15,"Japanese Grand Prix",2011-10-09,"06:00:00","resta","\N","DIR","Paul","di Resta",1986-04-16,"British","force_india","Force India","Indian","Finished","suzuka","Suzuka Circuit","Suzuka","Japan",34.8431,136.541,"45"
22,1,131,1,1005,24103,44,1,"1","1",1,25,53,"1:27:17.062","5237062","51","2","1:32.785","225.307",2018,17,"Japanese Grand Prix",2018-10-07,"05:10:00","hamilton","44","HAM","Lewis","Hamilton",1985-01-07,"British","mercedes","Mercedes","German","Finished","suzuka","Suzuka Circuit","Suzuka","Japan",34.8431,136.541,"45"
22,11,15,828,964,23283,9,18,"15","15",15,0,52,"\N","\N","28","21","1:38.496","212.244",2016,17,"Japanese Grand Prix",2016-10-09,"05:00:00","ericsson","9","ERI","Marcus","Ericsson",1990-09-02,"Swedish","sauber","Sauber","Swiss","+1 Lap","suzuka","Suzuka Circuit","Suzuka","Japan",34.8431,136.541,"45"
22,11,1,825,914,22452,20,7,"14","14",14,0,43,"\N","\N","38","9","1:53.510","184.170",2014,15,"Japanese Grand Prix",2014-10-05,"06:00:00","kevin_magnussen","20","MAG","Kevin","Magnussen",1992-10-05,"Danish","mclaren","McLaren","British","+1 Lap","suzuka","Suzuka Circuit","Suzuka","Japan",34.8431,136.541,"45"
22,130,210,825,1005,24122,20,12,"\N","R",20,0,8,"\N","\N","6","20","1:39.908","209.244",2018,17,"Japanese Grand Prix",2018-10-07,"05:10:00","kevin_magnussen","20","MAG","Kevin","Magnussen",1992-10-05,"Danish","haas","Haas F1 Team","American","Collision damage","suzuka","Suzuka Circuit","Suzuka","Japan",34.8431,136.541,"45"
22,11,4,835,964,23280,30,16,"12","12",12,0,52,"\N","\N","43","16","1:37.978","213.366",2016,17,"Japanese Grand Prix",2016-10-09,"05:00:00","jolyon_palmer","30","PAL","Jolyon","Palmer",1991-01-20,"British","renault","Renault","French","+1 Lap","suzuka","Suzuka Circuit","Suzuka","Japan",34.8431,136.541,"45"
22,1,5,830,940,22804,33,17,"9","9",9,2,53,"+1:35.315","5381823","32","7","1:38.237","212.803",2015,14,"Japanese Grand Prix",2015-09-27,"05:00:00","max_verstappen","33","VER","Max","Verstappen",1997-09-30,"Dutch","toro_rosso","Toro Rosso","Italian","Finished","suzuka","Suzuka Circuit","Suzuka","Japan",34.8431,136.541,"45"
22,3,15,16,914,22459,99,14,"21","21",21,0,40,"\N","\N","25","19","1:55.753","180.601",2014,15,"Japanese Grand Prix",2014-10-05,"06:00:00","sutil","99","SUT","Adrian","Sutil",1983-01-11,"German","sauber","Sauber","Swiss","Accident","suzuka","Suzuka Circuit","Suzuka","Japan",34.8431,136.541,"45"
22,11,1,846,1026,24536,4,8,"11","11",11,0,51,"\N","\N","31","13","1:34.116","222.121",2019,17,"Japanese Grand Prix",2019-10-13,"05:10:00","norris","4","NOR","Lando","Norris",1999-11-13,"British","mclaren","McLaren","British","+1 Lap","suzuka","Suzuka Circuit","Suzuka","Japan",34.8431,136.541,"45"
22,1,1,18,895,22028,5,10,"9","9",9,2,53,"+1:20.821","5290122","53","6","1:35.549","218.790",2013,15,"Japanese Grand Prix",2013-10-13,"06:00:00","button","22","BUT","Jenson","Button",1980-01-19,"British","mclaren","McLaren","British","Finished","suzuka","Suzuka Circuit","Suzuka","Japan",34.8431,136.541,"45"
22,11,210,825,1026,24540,20,19,"15","15",15,0,51,"\N","\N","49","3","1:31.732","227.894",2019,17,"Japanese Grand Prix",2019-10-13,"05:10:00","kevin_magnussen","20","MAG","Kevin","Magnussen",1992-10-05,"Danish","haas","Haas F1 Team","American","+1 Lap","suzuka","Suzuka Circuit","Suzuka","Japan",34.8431,136.541,"45"
22,1,10,814,874,21579,11,11,"12","12",12,0,53,"+83.460","5419702","48","10","1:37.535","214.335",2012,15,"Japanese Grand Prix",2012-10-07,"06:00:00","resta","\N","DIR","Paul","di Resta",1986-04-16,"British","force_india","Force India","Indian","Finished","suzuka","Suzuka Circuit","Suzuka","Japan",34.8431,136.541,"45"
22,11,10,16,895,22033,15,22,"14","14",14,0,52,"\N","\N","29","14","1:37.367","214.705",2013,15,"Japanese Grand Prix",2013-10-13,"06:00:00","sutil","99","SUT","Adrian","Sutil",1983-01-11,"German","force_india","Force India","Indian","+1 Lap","suzuka","Suzuka Circuit","Suzuka","Japan",34.8431,136.541,"45"
22,11,1,4,940,22806,14,12,"11","11",11,0,52,"\N","\N","45","16","1:39.614","209.862",2015,14,"Japanese Grand Prix",2015-09-27,"05:00:00","alonso","14","ALO","Fernando","Alonso",1981-07-29,"Spanish","mclaren","McLaren","British","+1 Lap","suzuka","Suzuka Circuit","Suzuka","Japan",34.8431,136.541,"45"
22,1,6,8,1005,24107,7,4,"5","5",5,10,53,"+50.998","5288060","28","12","1:34.223","221.869",2018,17,"Japanese Grand Prix",2018-10-07,"05:10:00","raikkonen","7","RAI","Kimi","Räikkönen",1979-10-17,"Finnish","ferrari","Ferrari","Italian","Finished","suzuka","Suzuka Circuit","Suzuka","Japan",34.8431,136.541,"45"
22,11,207,819,895,22037,20,20,"18","18",18,0,52,"\N","\N","51","17","1:37.489","214.436",2013,15,"Japanese Grand Prix",2013-10-13,"06:00:00","pic","\N","PIC","Charles","Pic",1990-02-15,"French","caterham","Caterham","Malaysian","+1 Lap","suzuka","Suzuka Circuit","Suzuka","Japan",34.8431,136.541,"45"
22,12,3,847,1026,24541,63,18,"16","16",16,0,50,"\N","\N","27","18","1:35.458","218.998",2019,17,"Japanese Grand Prix",2019-10-13,"05:10:00","russell","63","RUS","George","Russell",1998-02-15,"British","williams","Williams","British","+2 Laps","suzuka","Suzuka Circuit","Suzuka","Japan",34.8431,136.541,"45"
22,1,9,17,874,21576,2,2,"9","9",9,2,53,"+54.675","5390917","49","7","1:37.128","215.233",2012,15,"Japanese Grand Prix",2012-10-07,"06:00:00","webber","\N","WEB","Mark","Webber",1976-08-27,"Australian","red_bull","Red Bull","Austrian","Finished","suzuka","Suzuka Circuit","Suzuka","Japan",34.8431,136.541,"45"
22,1,4,811,855,21127,9,9,"16","16",16,0,53,"+1:12.628","5526055","42","15","1:38.407","212.436",2011,15,"Japanese Grand Prix",2011-10-09,"06:00:00","bruno_senna","\N","SEN","Bruno","Senna",1983-10-15,"Brazilian","renault","Renault","French","Finished","suzuka","Suzuka Circuit","Suzuka","Japan",34.8431,136.541,"45"
22,1,5,817,874,21577,16,14,"10","10",10,1,53,"+66.919","5403161","50","8","1:37.455","214.511",2012,15,"Japanese Grand Prix",2012-10-07,"06:00:00","ricciardo","3","RIC","Daniel","Ricciardo",1989-07-01,"Australian","toro_rosso","Toro Rosso","Italian","Finished","suzuka","Suzuka Circuit","Suzuka","Japan",34.8431,136.541,"45"
22,1,5,818,874,21580,17,19,"13","13",13,0,53,"+88.645","5424887","39","9","1:37.533","214.339",2012,15,"Japanese Grand Prix",2012-10-07,"06:00:00","vergne","25","VER","Jean-Éric","Vergne",1990-04-25,"French","toro_rosso","Toro Rosso","Italian","Finished","suzuka","Suzuka Circuit","Suzuka","Japan",34.8431,136.541,"45"
22,1,10,839,1005,24111,31,11,"9","9",9,2,53,"+1:28.055","5325117","50","14","1:34.670","220.821",2018,17,"Japanese Grand Prix",2018-10-07,"05:10:00","ocon","31","OCO","Esteban","Ocon",1996-09-17,"French","force_india","Force India","Indian","Finished","suzuka","Suzuka Circuit","Suzuka","Japan",34.8431,136.541,"45"
22,1,10,807,874,21574,12,15,"7","7",7,6,53,"+51.159","5387401","46","14","1:37.938","213.453",2012,15,"Japanese Grand Prix",2012-10-07,"06:00:00","hulkenberg","27","HUL","Nico","Hülkenberg",1987-08-19,"German","force_india","Force India","Indian","Finished","suzuka","Suzuka Circuit","Suzuka","Japan",34.8431,136.541,"45"
22,11,1,4,984,23692,14,20,"11","11",11,0,52,"\N","\N","45","12","1:35.111","219.797",2017,16,"Japanese Grand Prix",2017-10-08,"05:00:00","alonso","14","ALO","Fernando","Alonso",1981-07-29,"Spanish","mclaren","McLaren","British","+1 Lap","suzuka","Suzuka Circuit","Suzuka","Japan",34.8431,136.541,"45"
22,1,208,8,895,22024,7,9,"5","5",5,10,53,"+47.325","5256626","35","5","1:35.516","218.865",2013,15,"Japanese Grand Prix",2013-10-13,"06:00:00","raikkonen","7","RAI","Kimi","Räikkönen",1979-10-17,"Finnish","lotus_f1","Lotus F1","British","Finished","suzuka","Suzuka Circuit","Suzuka","Japan",34.8431,136.541,"45"
22,40,6,4,914,22460,14,5,"\N","R",22,0,2,"\N","\N","\N","0","\N","\N",2014,15,"Japanese Grand Prix",2014-10-05,"06:00:00","alonso","14","ALO","Fernando","Alonso",1981-07-29,"Spanish","ferrari","Ferrari","Italian","Electronics","suzuka","Suzuka Circuit","Suzuka","Japan",34.8431,136.541,"45"
22,11,1,838,984,23695,2,9,"14","14",14,0,52,"\N","\N","49","4","1:33.724","223.050",2017,16,"Japanese Grand Prix",2017-10-08,"05:00:00","vandoorne","2","VAN","Stoffel","Vandoorne",1992-03-26,"Belgian","mclaren","McLaren","British","+1 Lap","suzuka","Suzuka Circuit","Suzuka","Japan",34.8431,136.541,"45"
22,1,6,4,895,22023,3,8,"4","4",4,12,53,"+45.605","5254906","39","8","1:35.877","218.041",2013,15,"Japanese Grand Prix",2013-10-13,"06:00:00","alonso","14","ALO","Fernando","Alonso",1981-07-29,"Spanish","ferrari","Ferrari","Italian","Finished","suzuka","Suzuka Circuit","Suzuka","Japan",34.8431,136.541,"45"
22,1,131,822,1005,24104,77,2,"2","2",2,18,53,"+12.919","5249981","46","3","1:33.110","224.521",2018,17,"Japanese Grand Prix",2018-10-07,"05:10:00","bottas","77","BOT","Valtteri","Bottas",1989-08-28,"Finnish","mercedes","Mercedes","German","Finished","suzuka","Suzuka Circuit","Suzuka","Japan",34.8431,136.541,"45"
22,11,206,10,874,21583,24,18,"16","16",16,0,52,"\N","\N","48","18","1:38.756","211.685",2012,15,"Japanese Grand Prix",2012-10-07,"06:00:00","glock","\N","GLO","Timo","Glock",1982-03-18,"German","marussia","Marussia","Russian","+1 Lap","suzuka","Suzuka Circuit","Suzuka","Japan",34.8431,136.541,"45"
22,11,5,826,1026,24535,26,14,"10","10",10,1,51,"\N","\N","47","10","1:33.239","224.210",2019,17,"Japanese Grand Prix",2019-10-13,"05:10:00","kvyat","26","KVY","Daniil","Kvyat",1994-04-26,"Russian","toro_rosso","Toro Rosso","Italian","+1 Lap","suzuka","Suzuka Circuit","Suzuka","Japan",34.8431,136.541,"45"
22,11,3,813,895,22035,16,15,"16","16",16,0,52,"\N","\N","30","16","1:37.423","214.581",2013,15,"Japanese Grand Prix",2013-10-13,"06:00:00","maldonado","13","MAL","Pastor","Maldonado",1985-03-09,"Venezuelan","williams","Williams","British","+1 Lap","suzuka","Suzuka Circuit","Suzuka","Japan",34.8431,136.541,"45"
22,11,1,838,1005,24117,2,19,"15","15",15,0,52,"\N","\N","25","18","1:35.023","220.001",2018,17,"Japanese Grand Prix",2018-10-07,"05:10:00","vandoorne","2","VAN","Stoffel","Vandoorne",1992-03-26,"Belgian","mclaren","McLaren","British","+1 Lap","suzuka","Suzuka Circuit","Suzuka","Japan",34.8431,136.541,"45"
22,1,131,822,1026,24526,77,3,"1","1",1,25,52,"1:21:46.755","4906755","49","4","1:31.862","227.571",2019,17,"Japanese Grand Prix",2019-10-13,"05:10:00","bottas","77","BOT","Valtteri","Bottas",1989-08-28,"Finnish","mercedes","Mercedes","German","Finished","suzuka","Suzuka Circuit","Suzuka","Japan",34.8431,136.541,"45"
22,1,9,830,1005,24105,33,3,"3","3",3,15,53,"+14.295","5251357","50","6","1:33.367","223.903",2018,17,"Japanese Grand Prix",2018-10-07,"05:10:00","max_verstappen","33","VER","Max","Verstappen",1997-09-30,"Dutch","red_bull","Red Bull","Austrian","Finished","suzuka","Suzuka Circuit","Suzuka","Japan",34.8431,136.541,"45"
22,1,10,815,1005,24109,11,9,"7","7",7,6,53,"+1:19.379","5316441","43","9","1:34.073","222.223",2018,17,"Japanese Grand Prix",2018-10-07,"05:10:00","perez","11","PER","Sergio","Pérez",1990-01-26,"Mexican","force_india","Force India","Indian","Finished","suzuka","Suzuka Circuit","Suzuka","Japan",34.8431,136.541,"45"
22,12,3,9,1026,24542,88,0,"16","16",17,0,50,"\N","\N","44","19","1:36.332","217.012",2019,17,"Japanese Grand Prix",2019-10-13,"05:10:00","kubica","88","KUB","Robert","Kubica",1984-12-07,"Polish","williams","Williams","British","+2 Laps","suzuka","Suzuka Circuit","Suzuka","Japan",34.8431,136.541,"45"
22,11,15,828,1005,24114,9,20,"12","12",12,0,52,"\N","\N","8","19","1:36.294","217.097",2018,17,"Japanese Grand Prix",2018-10-07,"05:10:00","ericsson","9","ERI","Marcus","Ericsson",1990-09-02,"Swedish","sauber","Sauber","Swiss","+1 Lap","suzuka","Suzuka Circuit","Suzuka","Japan",34.8431,136.541,"45"
22,3,5,832,984,23701,55,19,"\N","R",20,0,0,"\N","\N","\N","0","\N","\N",2017,16,"Japanese Grand Prix",2017-10-08,"05:00:00","sainz","55","SAI","Carlos","Sainz",1994-09-01,"Spanish","toro_rosso","Toro Rosso","Italian","Accident","suzuka","Suzuka Circuit","Suzuka","Japan",34.8431,136.541,"45"
22,11,15,828,940,22809,9,15,"14","14",14,0,52,"\N","\N","28","15","1:39.343","210.434",2015,14,"Japanese Grand Prix",2015-09-27,"05:00:00","ericsson","9","ERI","Marcus","Ericsson",1990-09-02,"Swedish","sauber","Sauber","Swiss","+1 Lap","suzuka","Suzuka Circuit","Suzuka","Japan",34.8431,136.541,"45"
22,1,15,815,855,21119,17,17,"8","8",8,4,53,"+39.377","5492804","39","2","1:36.569","216.479",2011,15,"Japanese Grand Prix",2011-10-09,"06:00:00","perez","11","PER","Sergio","Pérez",1990-01-26,"Mexican","sauber","Sauber","Swiss","Finished","suzuka","Suzuka Circuit","Suzuka","Japan",34.8431,136.541,"45"
22,11,206,820,914,22456,4,21,"18","18",18,0,43,"\N","\N","25","21","1:56.472","179.486",2014,15,"Japanese Grand Prix",2014-10-05,"06:00:00","chilton","4","CHI","Max","Chilton",1991-04-21,"British","marussia","Marussia","Russian","+1 Lap","suzuka","Suzuka Circuit","Suzuka","Japan",34.8431,136.541,"45"
22,11,15,831,964,23287,12,19,"19","19",19,0,52,"\N","\N","28","22","1:38.544","212.140",2016,17,"Japanese Grand Prix",2016-10-09,"05:00:00","nasr","12","NAS","Felipe","Nasr",1992-08-21,"Brazilian","sauber","Sauber","Swiss","+1 Lap","suzuka","Suzuka Circuit","Suzuka","Japan",34.8431,136.541,"45"
22,1,9,817,964,23274,3,4,"6","6",6,8,53,"+33.941","5237274","36","3","1:35.511","218.877",2016,17,"Japanese Grand Prix",2016-10-09,"05:00:00","ricciardo","3","RIC","Daniel","Ricciardo",1989-07-01,"Australian","red_bull","Red Bull","Austrian","Finished","suzuka","Suzuka Circuit","Suzuka","Japan",34.8431,136.541,"45"
22,11,1,815,895,22034,6,11,"15","15",15,0,52,"\N","\N","46","7","1:35.845","218.114",2013,15,"Japanese Grand Prix",2013-10-13,"06:00:00","perez","11","PER","Sergio","Pérez",1990-01-26,"Mexican","mclaren","McLaren","British","+1 Lap","suzuka","Suzuka Circuit","Suzuka","Japan",34.8431,136.541,"45"
22,1,131,3,964,23269,6,1,"1","1",1,25,53,"1:26:43.333","5203333","31","5","1:36.049","217.651",2016,17,"Japanese Grand Prix",2016-10-09,"05:00:00","rosberg","6","ROS","Nico","Rosberg",1985-06-27,"German","mercedes","Mercedes","German","Finished","suzuka","Suzuka Circuit","Suzuka","Japan",34.8431,136.541,"45"
22,1,3,822,964,23278,77,11,"10","10",10,1,53,"+1:38.323","5301656","33","15","1:37.844","213.658",2016,17,"Japanese Grand Prix",2016-10-09,"05:00:00","bottas","77","BOT","Valtteri","Bottas",1989-08-28,"Finnish","williams","Williams","British","Finished","suzuka","Suzuka Circuit","Suzuka","Japan",34.8431,136.541,"45"
22,12,15,836,984,23696,94,17,"15","15",15,0,51,"\N","\N","27","17","1:36.430","216.791",2017,16,"Japanese Grand Prix",2017-10-08,"05:00:00","wehrlein","94","WEH","Pascal","Wehrlein",1994-10-18,"German","sauber","Sauber","Swiss","+2 Laps","suzuka","Suzuka Circuit","Suzuka","Japan",34.8431,136.541,"45"
22,4,131,3,874,21591,8,13,"\N","R",24,0,0,"\N","\N","\N","0","\N","\N",2012,15,"Japanese Grand Prix",2012-10-07,"06:00:00","rosberg","6","ROS","Nico","Rosberg",1985-06-27,"German","mercedes","Mercedes","German","Collision","suzuka","Suzuka Circuit","Suzuka","Japan",34.8431,136.541,"45"
22,11,9,826,940,22808,26,20,"13","13",13,0,52,"\N","\N","36","10","1:38.366","212.524",2015,14,"Japanese Grand Prix",2015-09-27,"05:00:00","kvyat","26","KVY","Daniil","Kvyat",1994-04-26,"Russian","red_bull","Red Bull","Austrian","+1 Lap","suzuka","Suzuka Circuit","Suzuka","Japan",34.8431,136.541,"45"
22,11,210,821,964,23288,21,10,"20","20",20,0,52,"\N","\N","30","13","1:37.775","213.809",2016,17,"Japanese Grand Prix",2016-10-09,"05:00:00","gutierrez","21","GUT","Esteban","Gutiérrez",1991-08-05,"Mexican","haas","Haas F1 Team","American","+1 Lap","suzuka","Suzuka Circuit","Suzuka","Japan",34.8431,136.541,"45"
22,1,10,16,855,21122,14,11,"11","11",11,0,53,"+54.447","5507874","43","14","1:38.133","213.029",2011,15,"Japanese Grand Prix",2011-10-09,"06:00:00","sutil","99","SUT","Adrian","Sutil",1983-01-11,"German","force_india","Force India","Indian","Finished","suzuka","Suzuka Circuit","Suzuka","Japan",34.8431,136.541,"45"
22,1,131,1,984,23682,44,1,"1","1",1,25,53,"1:27:31.194","5251194","43","6","1:33.780","222.917",2017,16,"Japanese Grand Prix",2017-10-08,"05:00:00","hamilton","44","HAM","Lewis","Hamilton",1985-01-07,"British","mercedes","Mercedes","German","Finished","suzuka","Suzuka Circuit","Suzuka","Japan",34.8431,136.541,"45"
22,1,4,808,855,21120,10,10,"9","9",9,2,53,"+42.607","5496034","47","7","1:37.053","215.399",2011,15,"Japanese Grand Prix",2011-10-09,"06:00:00","petrov","\N","PET","Vitaly","Petrov",1984-09-08,"Russian","renault","Renault","French","Finished","suzuka","Suzuka Circuit","Suzuka","Japan",34.8431,136.541,"45"
22,11,9,817,940,22810,3,7,"15","15",15,0,52,"\N","\N","32","14","1:38.898","211.381",2015,14,"Japanese Grand Prix",2015-09-27,"05:00:00","ricciardo","3","RIC","Daniel","Ricciardo",1989-07-01,"Australian","red_bull","Red Bull","Austrian","+1 Lap","suzuka","Suzuka Circuit","Suzuka","Japan",34.8431,136.541,"45"
22,1,9,20,874,21568,1,1,"1","1",1,25,53,"1:28:56.242","5336242","52","1","1:35.774","218.276",2012,15,"Japanese Grand Prix",2012-10-07,"06:00:00","vettel","5","VET","Sebastian","Vettel",1987-07-03,"German","red_bull","Red Bull","Austrian","Finished","suzuka","Suzuka Circuit","Suzuka","Japan",34.8431,136.541,"45"
22,1,3,822,940,22800,77,3,"5","5",5,10,53,"+36.746","5323254","41","8","1:38.241","212.795",2015,14,"Japanese Grand Prix",2015-09-27,"05:00:00","bottas","77","BOT","Valtteri","Bottas",1989-08-28,"Finnish","williams","Williams","British","Finished","suzuka","Suzuka Circuit","Suzuka","Japan",34.8431,136.541,"45"
22,1,210,825,984,23689,20,12,"8","8",8,4,53,"+1:28.953","5340147","50","13","1:35.338","219.274",2017,16,"Japanese Grand Prix",2017-10-08,"05:00:00","kevin_magnussen","20","MAG","Kevin","Magnussen",1992-10-05,"Danish","haas","Haas F1 Team","American","Finished","suzuka","Suzuka Circuit","Suzuka","Japan",34.8431,136.541,"45"
22,1,5,818,914,22447,25,20,"9","9",9,2,44,"+2:07.638","6830659","35","11","1:53.562","184.086",2014,15,"Japanese Grand Prix",2014-10-05,"06:00:00","vergne","25","VER","Jean-Éric","Vergne",1990-04-25,"French","toro_rosso","Toro Rosso","Italian","Finished","suzuka","Suzuka Circuit","Suzuka","Japan",34.8431,136.541,"45"
22,1,15,821,895,22026,12,14,"7","7",7,6,53,"+1:11.630","5280931","50","12","1:36.499","216.636",2013,15,"Japanese Grand Prix",2013-10-13,"06:00:00","gutierrez","21","GUT","Esteban","Gutiérrez",1991-08-05,"Mexican","sauber","Sauber","Swiss","Finished","suzuka","Suzuka Circuit","Suzuka","Japan",34.8431,136.541,"45"
22,4,6,4,874,21590,5,6,"\N","R",23,0,0,"\N","\N","\N","0","\N","\N",2012,15,"Japanese Grand Prix",2012-10-07,"06:00:00","alonso","14","ALO","Fernando","Alonso",1981-07-29,"Spanish","ferrari","Ferrari","Italian","Collision","suzuka","Suzuka Circuit","Suzuka","Japan",34.8431,136.541,"45"
22,11,207,5,874,21582,20,17,"15","15",15,0,52,"\N","\N","52","15","1:38.043","213.224",2012,15,"Japanese Grand Prix",2012-10-07,"06:00:00","kovalainen","\N","KOV","Heikki","Kovalainen",1981-10-19,"Finnish","caterham","Caterham","Malaysian","+1 Lap","suzuka","Suzuka Circuit","Suzuka","Japan",34.8431,136.541,"45"
22,1,131,30,855,21117,7,8,"6","6",6,8,53,"+27.120","5480547","53","12","1:37.916","213.501",2011,15,"Japanese Grand Prix",2011-10-09,"06:00:00","michael_schumacher","\N","MSC","Michael","Schumacher",1969-01-03,"German","mercedes","Mercedes","German","Finished","suzuka","Suzuka Circuit","Suzuka","Japan",34.8431,136.541,"45"
22,1,1,832,1026,24530,55,7,"5","5",5,10,52,"+1:09.101","4975856","46","12","1:33.563","223.434",2019,17,"Japanese Grand Prix",2019-10-13,"05:10:00","sainz","55","SAI","Carlos","Sainz",1994-09-01,"Spanish","mclaren","McLaren","British","Finished","suzuka","Suzuka Circuit","Suzuka","Japan",34.8431,136.541,"45"
22,1,1,18,874,21571,3,8,"4","4",4,12,53,"+25.098","5361340","51","2","1:36.606","216.396",2012,15,"Japanese Grand Prix",2012-10-07,"06:00:00","button","22","BUT","Jenson","Button",1980-01-19,"British","mclaren","McLaren","British","Finished","suzuka","Suzuka Circuit","Suzuka","Japan",34.8431,136.541,"45"
22,12,166,10,855,21131,24,21,"20","20",20,0,51,"\N","\N","46","21","1:41.704","205.549",2011,15,"Japanese Grand Prix",2011-10-09,"06:00:00","glock","\N","GLO","Timo","Glock",1982-03-18,"German","virgin","Virgin","British","+2 Laps","suzuka","Suzuka Circuit","Suzuka","Japan",34.8431,136.541,"45"
22,1,5,153,855,21126,19,16,"15","15",15,0,53,"+1:06.623","5520050","41","8","1:37.411","214.608",2011,15,"Japanese Grand Prix",2011-10-09,"06:00:00","alguersuari","\N","ALG","Jaime","Alguersuari",1990-03-23,"Spanish","toro_rosso","Toro Rosso","Italian","Finished","suzuka","Suzuka Circuit","Suzuka","Japan",34.8431,136.541,"45"
22,1,9,17,895,22021,2,1,"2","2",2,18,53,"+7.129","5216430","44","1","1:34.587","221.015",2013,15,"Japanese Grand Prix",2013-10-13,"06:00:00","webber","\N","WEB","Mark","Webber",1976-08-27,"Australian","red_bull","Red Bull","Austrian","Finished","suzuka","Suzuka Circuit","Suzuka","Japan",34.8431,136.541,"45"
22,36,3,840,984,23697,18,15,"\N","R",16,0,45,"\N","\N","37","9","1:34.548","221.106",2017,16,"Japanese Grand Prix",2017-10-08,"05:00:00","stroll","18","STR","Lance","Stroll",1998-10-29,"Canadian","williams","Williams","British","Wheel","suzuka","Suzuka Circuit","Suzuka","Japan",34.8431,136.541,"45"
22,1,6,20,1005,24108,5,8,"6","6",6,8,53,"+1:09.873","5306935","53","1","1:32.318","226.447",2018,17,"Japanese Grand Prix",2018-10-07,"05:10:00","vettel","5","VET","Sebastian","Vettel",1987-07-03,"German","ferrari","Ferrari","Italian","Finished","suzuka","Suzuka Circuit","Suzuka","Japan",34.8431,136.541,"45"
22,11,211,815,1026,24533,11,17,"8","8",8,4,51,"\N","\N","46","7","1:32.621","225.706",2019,17,"Japanese Grand Prix",2019-10-13,"05:10:00","perez","11","PER","Sergio","Pérez",1990-01-26,"Mexican","racing_point","Racing Point","British","+1 Lap","suzuka","Suzuka Circuit","Suzuka","Japan",34.8431,136.541,"45"
22,1,1,18,914,22443,22,8,"5","5",5,10,44,"+1:07.550","6770571","33","2","1:51.721","187.119",2014,15,"Japanese Grand Prix",2014-10-05,"06:00:00","button","22","BUT","Jenson","Button",1980-01-19,"British","mclaren","McLaren","British","Finished","suzuka","Suzuka Circuit","Suzuka","Japan",34.8431,136.541,"45"
22,11,1,18,964,23286,22,22,"18","18",18,0,52,"\N","\N","39","9","1:37.177","215.124",2016,17,"Japanese Grand Prix",2016-10-09,"05:00:00","button","22","BUT","Jenson","Button",1980-01-19,"British","mclaren","McLaren","British","+1 Lap","suzuka","Suzuka Circuit","Suzuka","Japan",34.8431,136.541,"45"
22,1,9,817,984,23684,3,3,"3","3",3,15,53,"+9.679","5260873","52","3","1:33.694","223.122",2017,16,"Japanese Grand Prix",2017-10-08,"05:00:00","ricciardo","3","RIC","Daniel","Ricciardo",1989-07-01,"Australian","red_bull","Red Bull","Austrian","Finished","suzuka","Suzuka Circuit","Suzuka","Japan",34.8431,136.541,"45"
22,1,9,20,895,22020,1,2,"1","1",1,25,53,"1:26:49.301","5209301","39","4","1:35.317","219.322",2013,15,"Japanese Grand Prix",2013-10-13,"06:00:00","vettel","5","VET","Sebastian","Vettel",1987-07-03,"German","red_bull","Red Bull","Austrian","Finished","suzuka","Suzuka Circuit","Suzuka","Japan",34.8431,136.541,"45"
22,11,5,826,964,23281,26,13,"13","13",13,0,52,"\N","\N","25","11","1:37.597","214.199",2016,17,"Japanese Grand Prix",2016-10-09,"05:00:00","kvyat","26","KVY","Daniil","Kvyat",1994-04-26,"Russian","toro_rosso","Toro Rosso","Italian","+1 Lap","suzuka","Suzuka Circuit","Suzuka","Japan",34.8431,136.541,"45"
22,1,208,154,940,22802,8,8,"7","7",7,6,53,"+1:12.298","5358806","35","6","1:38.167","212.955",2015,14,"Japanese Grand Prix",2015-09-27,"05:00:00","grosjean","8","GRO","Romain","Grosjean",1986-04-17,"French","lotus_f1","Lotus F1","British","Finished","suzuka","Suzuka Circuit","Suzuka","Japan",34.8431,136.541,"45"
22,1,3,822,914,22444,77,3,"6","6",6,8,44,"+1:53.773","6816794","41","13","1:54.103","183.213",2014,15,"Japanese Grand Prix",2014-10-05,"06:00:00","bottas","77","BOT","Valtteri","Bottas",1989-08-28,"Finnish","williams","Williams","British","Finished","suzuka","Suzuka Circuit","Suzuka","Japan",34.8431,136.541,"45"
22,1,9,848,1026,24529,23,6,"4","4",4,12,52,"+59.537","4966292","36","8","1:32.775","225.332",2019,17,"Japanese Grand Prix",2019-10-13,"05:10:00","albon","23","ALB","Alexander","Albon",1996-03-23,"Thai","red_bull","Red Bull","Austrian","Finished","suzuka","Suzuka Circuit","Suzuka","Japan",34.8431,136.541,"45"
22,11,10,815,914,22448,11,11,"10","10",10,1,43,"\N","\N","27","10","1:53.556","184.095",2014,15,"Japanese Grand Prix",2014-10-05,"06:00:00","perez","11","PER","Sergio","Pérez",1990-01-26,"Mexican","force_india","Force India","Indian","+1 Lap","suzuka","Suzuka Circuit","Suzuka","Japan",34.8431,136.541,"45"
22,3,206,824,914,22458,17,18,"20","20",20,0,41,"\N","\N","27","20","1:55.985","180.240",2014,15,"Japanese Grand Prix",2014-10-05,"06:00:00","jules_bianchi","17","BIA","Jules","Bianchi",1989-08-03,"French","marussia","Marussia","Russian","Accident","suzuka","Suzuka Circuit","Suzuka","Japan",34.8431,136.541,"45"
22,1,6,4,855,21113,5,5,"2","2",2,18,53,"+1.160","5454587","50","4","1:36.682","216.226",2011,15,"Japanese Grand Prix",2011-10-09,"06:00:00","alonso","14","ALO","Fernando","Alonso",1981-07-29,"Spanish","ferrari","Ferrari","Italian","Finished","suzuka","Suzuka Circuit","Suzuka","Japan",34.8431,136.541,"45"
22,1,6,8,964,23273,7,8,"5","5",5,10,53,"+28.370","5231703","33","4","1:35.990","217.785",2016,17,"Japanese Grand Prix",2016-10-09,"05:00:00","raikkonen","7","RAI","Kimi","Räikkönen",1979-10-17,"Finnish","ferrari","Ferrari","Italian","Finished","suzuka","Suzuka Circuit","Suzuka","Japan",34.8431,136.541,"45"
22,1,10,815,984,23688,11,7,"7","7",7,6,53,"+1:11.424","5322618","23","10","1:34.744","220.649",2017,16,"Japanese Grand Prix",2017-10-08,"05:00:00","perez","11","PER","Sergio","Pérez",1990-01-26,"Mexican","force_india","Force India","Indian","Finished","suzuka","Suzuka Circuit","Suzuka","Japan",34.8431,136.541,"45"
22,1,3,22,855,21128,11,13,"17","17",17,0,53,"+1:14.191","5527618","53","16","1:39.080","210.993",2011,15,"Japanese Grand Prix",2011-10-09,"06:00:00","barrichello","\N","BAR","Rubens","Barrichello",1972-05-23,"Brazilian","williams","Williams","British","Finished","suzuka","Suzuka Circuit","Suzuka","Japan",34.8431,136.541,"45"
22,1,205,5,855,21129,20,18,"18","18",18,0,53,"+1:27.824","5541251","50","17","1:39.297","210.532",2011,15,"Japanese Grand Prix",2011-10-09,"06:00:00","kovalainen","\N","KOV","Heikki","Kovalainen",1981-10-19,"Finnish","lotus_racing","Lotus","Malaysian","Finished","suzuka","Suzuka Circuit","Suzuka","Japan",34.8431,136.541,"45"
22,11,207,808,874,21584,21,22,"17","17",17,0,52,"\N","\N","47","17","1:38.344","212.572",2012,15,"Japanese Grand Prix",2012-10-07,"06:00:00","petrov","\N","PET","Vitaly","Petrov",1984-09-08,"Russian","caterham","Caterham","Malaysian","+1 Lap","suzuka","Suzuka Circuit","Suzuka","Japan",34.8431,136.541,"45"
22,1,3,813,874,21575,18,12,"8","8",8,4,53,"+52.364","5388606","45","12","1:37.771","213.818",2012,15,"Japanese Grand Prix",2012-10-07,"06:00:00","maldonado","13","MAL","Pastor","Maldonado",1985-03-09,"Venezuelan","williams","Williams","British","Finished","suzuka","Suzuka Circuit","Suzuka","Japan",34.8431,136.541,"45"
22,1,1,18,855,21112,4,2,"1","1",1,25,53,"1:30:53.427","5453427","52","1","1:36.568","216.481",2011,15,"Japanese Grand Prix",2011-10-09,"06:00:00","button","22","BUT","Jenson","Button",1980-01-19,"British","mclaren","McLaren","British","Finished","suzuka","Suzuka Circuit","Suzuka","Japan",34.8431,136.541,"45"
22,1,6,20,1026,24527,5,1,"2","2",2,18,52,"+13.343","4920098","38","5","1:32.122","226.929",2019,17,"Japanese Grand Prix",2019-10-13,"05:10:00","vettel","5","VET","Sebastian","Vettel",1987-07-03,"German","ferrari","Ferrari","Italian","Finished","suzuka","Suzuka Circuit","Suzuka","Japan",34.8431,136.541,"45"
22,11,208,154,914,22453,8,16,"15","15",15,0,43,"\N","\N","28","16","1:55.302","181.308",2014,15,"Japanese Grand Prix",2014-10-05,"06:00:00","grosjean","8","GRO","Romain","Grosjean",1986-04-17,"French","lotus_f1","Lotus F1","British","+1 Lap","suzuka","Suzuka Circuit","Suzuka","Japan",34.8431,136.541,"45"
22,1,208,154,895,22022,8,4,"3","3",3,15,53,"+9.910","5219211","48","10","1:35.991","217.782",2013,15,"Japanese Grand Prix",2013-10-13,"06:00:00","grosjean","8","GRO","Romain","Grosjean",1986-04-17,"French","lotus_f1","Lotus F1","British","Finished","suzuka","Suzuka Circuit","Suzuka","Japan",34.8431,136.541,"45"
22,11,5,842,984,23694,10,14,"13","13",13,0,52,"\N","\N","45","8","1:34.533","221.141",2017,16,"Japanese Grand Prix",2017-10-08,"05:00:00","gasly","10","GAS","Pierre","Gasly",1996-02-07,"French","toro_rosso","Toro Rosso","Italian","+1 Lap","suzuka","Suzuka Circuit","Suzuka","Japan",34.8431,136.541,"45"
22,12,208,154,874,21586,10,4,"19","19",19,0,51,"\N","\N","32","16","1:38.277","212.717",2012,15,"Japanese Grand Prix",2012-10-07,"06:00:00","grosjean","8","GRO","Romain","Grosjean",1986-04-17,"French","lotus_f1","Lotus F1","British","+2 Laps","suzuka","Suzuka Circuit","Suzuka","Japan",34.8431,136.541,"45"
22,1,10,807,964,23276,27,9,"8","8",8,4,53,"+59.177","5262510","39","10","1:37.351","214.740",2016,17,"Japanese Grand Prix",2016-10-09,"05:00:00","hulkenberg","27","HUL","Nico","Hülkenberg",1987-08-19,"German","force_india","Force India","Indian","Finished","suzuka","Suzuka Circuit","Suzuka","Japan",34.8431,136.541,"45"
22,1,9,17,855,21115,2,6,"4","4",4,12,53,"+8.071","5461498","47","5","1:36.828","215.900",2011,15,"Japanese Grand Prix",2011-10-09,"06:00:00","webber","\N","WEB","Mark","Webber",1976-08-27,"Australian","red_bull","Red Bull","Austrian","Finished","suzuka","Suzuka Circuit","Suzuka","Japan",34.8431,136.541,"45"
22,5,206,819,874,21587,25,21,"\N","R",20,0,37,"\N","\N","34","21","1:40.493","208.026",2012,15,"Japanese Grand Prix",2012-10-07,"06:00:00","pic","\N","PIC","Charles","Pic",1990-02-15,"French","marussia","Marussia","Russian","Engine","suzuka","Suzuka Circuit","Suzuka","Japan",34.8431,136.541,"45"
22,11,208,813,914,22454,13,22,"16","16",16,0,43,"\N","\N","26","15","1:54.702","182.256",2014,15,"Japanese Grand Prix",2014-10-05,"06:00:00","maldonado","13","MAL","Pastor","Maldonado",1985-03-09,"Venezuelan","lotus_f1","Lotus F1","British","+1 Lap","suzuka","Suzuka Circuit","Suzuka","Japan",34.8431,136.541,"45"
22,1,210,154,1005,24110,8,5,"8","8",8,4,53,"+1:27.198","5324260","47","15","1:34.786","220.551",2018,17,"Japanese Grand Prix",2018-10-07,"05:10:00","grosjean","8","GRO","Romain","Grosjean",1986-04-17,"French","haas","Haas F1 Team","American","Finished","suzuka","Suzuka Circuit","Suzuka","Japan",34.8431,136.541,"45"
22,2,4,807,1026,24545,27,15,"\N","D",20,0,51,"\N","\N","47","15","1:34.921","220.237",2019,17,"Japanese Grand Prix",2019-10-13,"05:10:00","hulkenberg","27","HUL","Nico","Hülkenberg",1987-08-19,"German","renault","Renault","French","Disqualified","suzuka","Suzuka Circuit","Suzuka","Japan",34.8431,136.541,"45"
22,12,209,834,940,22813,53,19,"18","18",18,0,51,"\N","\N","35","20","1:41.467","206.029",2015,14,"Japanese Grand Prix",2015-09-27,"05:00:00","rossi","53","RSS","Alexander","Rossi",1991-09-25,"American","manor","Manor Marussia","British","+2 Laps","suzuka","Suzuka Circuit","Suzuka","Japan",34.8431,136.541,"45"
22,1,131,3,940,22797,6,1,"2","2",2,18,53,"+18.964","5305472","31","2","1:37.147","215.191",2015,14,"Japanese Grand Prix",2015-09-27,"05:00:00","rosberg","6","ROS","Nico","Rosberg",1985-06-27,"German","mercedes","Mercedes","German","Finished","suzuka","Suzuka Circuit","Suzuka","Japan",34.8431,136.541,"45"
22,1,6,20,964,23272,5,6,"4","4",4,12,53,"+20.269","5223602","36","1","1:35.118","219.781",2016,17,"Japanese Grand Prix",2016-10-09,"05:00:00","vettel","5","VET","Sebastian","Vettel",1987-07-03,"German","ferrari","Ferrari","Italian","Finished","suzuka","Suzuka Circuit","Suzuka","Japan",34.8431,136.541,"45"
22,11,3,845,1005,24118,35,17,"16","16",16,0,52,"\N","\N","41","8","1:33.985","222.431",2018,17,"Japanese Grand Prix",2018-10-07,"05:10:00","sirotkin","35","SIR","Sergey","Sirotkin",1995-08-27,"Russian","williams","Williams","British","+1 Lap","suzuka","Suzuka Circuit","Suzuka","Japan",34.8431,136.541,"45"
22,1,210,154,964,23279,8,7,"11","11",11,0,53,"+1:39.254","5302587","32","8","1:37.020","215.473",2016,17,"Japanese Grand Prix",2016-10-09,"05:00:00","grosjean","8","GRO","Romain","Grosjean",1986-04-17,"French","haas","Haas F1 Team","American","Finished","suzuka","Suzuka Circuit","Suzuka","Japan",34.8431,136.541,"45"
22,3,206,824,895,22041,22,21,"\N","R",22,0,0,"\N","\N","\N","0","\N","\N",2013,15,"Japanese Grand Prix",2013-10-13,"06:00:00","jules_bianchi","17","BIA","Jules","Bianchi",1989-08-03,"French","marussia","Marussia","Russian","Accident","suzuka","Suzuka Circuit","Suzuka","Japan",34.8431,136.541,"45"
22,1,9,830,964,23270,33,3,"2","2",2,18,53,"+4.978","5208311","43","6","1:36.386","216.890",2016,17,"Japanese Grand Prix",2016-10-09,"05:00:00","max_verstappen","33","VER","Max","Verstappen",1997-09-30,"Dutch","red_bull","Red Bull","Austrian","Finished","suzuka","Suzuka Circuit","Suzuka","Japan",34.8431,136.541,"45"
22,1,205,15,855,21130,21,19,"19","19",19,0,53,"+1:36.140","5549567","49","18","1:39.561","209.973",2011,15,"Japanese Grand Prix",2011-10-09,"06:00:00","trulli","\N","TRU","Jarno","Trulli",1974-07-13,"Italian","lotus_racing","Lotus","Malaysian","Finished","suzuka","Suzuka Circuit","Suzuka","Japan",34.8431,136.541,"45"
22,11,207,155,914,22457,10,19,"19","19",19,0,43,"\N","\N","29","18","1:55.641","180.776",2014,15,"Japanese Grand Prix",2014-10-05,"06:00:00","kobayashi","10","KOB","Kamui","Kobayashi",1986-09-13,"Japanese","caterham","Caterham","Malaysian","+1 Lap","suzuka","Suzuka Circuit","Suzuka","Japan",34.8431,136.541,"45"
22,1,131,3,914,22440,6,1,"2","2",2,18,44,"+9.180","6712201","15","6","1:52.551","185.739",2014,15,"Japanese Grand Prix",2014-10-05,"06:00:00","rosberg","6","ROS","Nico","Rosberg",1985-06-27,"German","mercedes","Mercedes","German","Finished","suzuka","Suzuka Circuit","Suzuka","Japan",34.8431,136.541,"45"
22,1,6,8,984,23686,7,10,"5","5",5,10,53,"+32.622","5283816","50","2","1:33.175","224.364",2017,16,"Japanese Grand Prix",2017-10-08,"05:00:00","raikkonen","7","RAI","Kimi","Räikkönen",1979-10-17,"Finnish","ferrari","Ferrari","Italian","Finished","suzuka","Suzuka Circuit","Suzuka","Japan",34.8431,136.541,"45"
22,1,131,1,940,22796,44,2,"1","1",1,25,53,"1:28:06.508","5286508","33","1","1:36.145","217.434",2015,14,"Japanese Grand Prix",2015-09-27,"05:00:00","hamilton","44","HAM","Lewis","Hamilton",1985-01-07,"British","mercedes","Mercedes","German","Finished","suzuka","Suzuka Circuit","Suzuka","Japan",34.8431,136.541,"45"
22,1,6,13,895,22029,4,5,"10","10",10,1,53,"+1:29.263","5298564","30","13","1:37.001","215.515",2013,15,"Japanese Grand Prix",2013-10-13,"06:00:00","massa","19","MAS","Felipe","Massa",1981-04-25,"Brazilian","ferrari","Ferrari","Italian","Finished","suzuka","Suzuka Circuit","Suzuka","Japan",34.8431,136.541,"45"
22,11,51,841,1026,24539,99,11,"14","14",14,0,51,"\N","\N","51","6","1:32.369","226.322",2019,17,"Japanese Grand Prix",2019-10-13,"05:10:00","giovinazzi","99","GIO","Antonio","Giovinazzi",1993-12-14,"Italian","alfa","Alfa Romeo","Swiss","+1 Lap","suzuka","Suzuka Circuit","Suzuka","Japan",34.8431,136.541,"45"
22,1,6,13,855,21118,6,4,"7","7",7,6,53,"+28.240","5481667","50","11","1:37.800","213.754",2011,15,"Japanese Grand Prix",2011-10-09,"06:00:00","massa","19","MAS","Felipe","Massa",1981-04-25,"Brazilian","ferrari","Ferrari","Italian","Finished","suzuka","Suzuka Circuit","Suzuka","Japan",34.8431,136.541,"45"
22,11,211,840,1026,24534,18,12,"9","9",9,2,51,"\N","\N","26","14","1:34.713","220.721",2019,17,"Japanese Grand Prix",2019-10-13,"05:10:00","stroll","18","STR","Lance","Stroll",1998-10-29,"Canadian","racing_point","Racing Point","British","+1 Lap","suzuka","Suzuka Circuit","Suzuka","Japan",34.8431,136.541,"45"
22,76,164,39,874,21588,23,24,"\N","R",21,0,32,"\N","\N","21","22","1:41.388","206.190",2012,15,"Japanese Grand Prix",2012-10-07,"06:00:00","karthikeyan","\N","KAR","Narain","Karthikeyan",1977-01-14,"Indian","hrt","HRT","Spanish","Vibrations","suzuka","Suzuka Circuit","Suzuka","Japan",34.8431,136.541,"45"
22,1,15,155,874,21570,14,3,"3","3",3,15,53,"+24.538","5360780","52","3","1:36.679","216.233",2012,15,"Japanese Grand Prix",2012-10-07,"06:00:00","kobayashi","10","KOB","Kamui","Kobayashi",1986-09-13,"Japanese","sauber","Sauber","Swiss","Finished","suzuka","Suzuka Circuit","Suzuka","Japan",34.8431,136.541,"45"
22,11,4,832,1005,24112,55,13,"10","10",10,1,52,"\N","\N","50","11","1:34.197","221.930",2018,17,"Japanese Grand Prix",2018-10-07,"05:10:00","sainz","55","SAI","Carlos","Sainz",1994-09-01,"Spanish","renault","Renault","French","+1 Lap","suzuka","Suzuka Circuit","Suzuka","Japan",34.8431,136.541,"45"
22,1,208,8,874,21573,9,7,"6","6",6,8,53,"+50.424","5386666","49","13","1:37.886","213.566",2012,15,"Japanese Grand Prix",2012-10-07,"06:00:00","raikkonen","7","RAI","Kimi","Räikkönen",1979-10-17,"Finnish","lotus_f1","Lotus F1","British","Finished","suzuka","Suzuka Circuit","Suzuka","Japan",34.8431,136.541,"45"
22,11,5,843,1005,24115,28,6,"13","13",13,0,52,"\N","\N","30","16","1:34.857","220.386",2018,17,"Japanese Grand Prix",2018-10-07,"05:10:00","brendon_hartley","28","HAR","Brendon","Hartley",1989-11-10,"New Zealander","toro_rosso","Toro Rosso","Italian","+1 Lap","suzuka","Suzuka Circuit","Suzuka","Japan",34.8431,136.541,"45"
22,31,15,831,940,22815,12,16,"\N","R",20,0,49,"\N","\N","39","17","1:40.088","208.868",2015,14,"Japanese Grand Prix",2015-09-27,"05:00:00","nasr","12","NAS","Felipe","Nasr",1992-08-21,"Brazilian","sauber","Sauber","Swiss","Retired","suzuka","Suzuka Circuit","Suzuka","Japan",34.8431,136.541,"45"
22,23,9,830,1026,24543,33,5,"\N","R",18,0,14,"\N","\N","10","20","1:37.249","214.965",2019,17,"Japanese Grand Prix",2019-10-13,"05:10:00","max_verstappen","33","VER","Max","Verstappen",1997-09-30,"Dutch","red_bull","Red Bull","Austrian","Brakes","suzuka","Suzuka Circuit","Suzuka","Japan",34.8431,136.541,"45"
22,1,1,1,855,21116,3,3,"5","5",5,10,53,"+24.268","5477695","49","9","1:37.645","214.093",2011,15,"Japanese Grand Prix",2011-10-09,"06:00:00","hamilton","44","HAM","Lewis","Hamilton",1985-01-07,"British","mclaren","McLaren","British","Finished","suzuka","Suzuka Circuit","Suzuka","Japan",34.8431,136.541,"45"
22,2,4,817,1026,24544,3,16,"\N","D",19,0,51,"\N","\N","48","11","1:33.481","223.630",2019,17,"Japanese Grand Prix",2019-10-13,"05:10:00","ricciardo","3","RIC","Daniel","Ricciardo",1989-07-01,"Australian","renault","Renault","French","Disqualified","suzuka","Suzuka Circuit","Suzuka","Japan",34.8431,136.541,"45"
22,36,5,67,855,21135,18,15,"\N","R",24,0,11,"\N","\N","6","23","1:42.107","204.738",2011,15,"Japanese Grand Prix",2011-10-09,"06:00:00","buemi","\N","BUE","Sébastien","Buemi",1988-10-31,"Swiss","toro_rosso","Toro Rosso","Italian","Wheel","suzuka","Suzuka Circuit","Suzuka","Japan",34.8431,136.541,"45"
22,11,4,825,964,23282,20,17,"14","14",14,0,52,"\N","\N","27","18","1:38.036","213.240",2016,17,"Japanese Grand Prix",2016-10-09,"05:00:00","kevin_magnussen","20","MAG","Kevin","Magnussen",1992-10-05,"Danish","renault","Renault","French","+1 Lap","suzuka","Suzuka Circuit","Suzuka","Japan",34.8431,136.541,"45"
22,11,5,832,964,23285,55,14,"17","17",17,0,52,"\N","\N","41","12","1:37.723","213.923",2016,17,"Japanese Grand Prix",2016-10-09,"05:00:00","sainz","55","SAI","Carlos","Sainz",1994-09-01,"Spanish","toro_rosso","Toro Rosso","Italian","+1 Lap","suzuka","Suzuka Circuit","Suzuka","Japan",34.8431,136.541,"45"
22,11,5,842,1005,24113,10,7,"11","11",11,0,52,"\N","\N","35","10","1:34.133","222.081",2018,17,"Japanese Grand Prix",2018-10-07,"05:10:00","gasly","10","GAS","Pierre","Gasly",1996-02-07,"French","toro_rosso","Toro Rosso","Italian","+1 Lap","suzuka","Suzuka Circuit","Suzuka","Japan",34.8431,136.541,"45"
22,11,51,8,1026,24537,7,13,"12","12",12,0,51,"\N","\N","50","9","1:33.190","224.328",2019,17,"Japanese Grand Prix",2019-10-13,"05:10:00","raikkonen","7","RAI","Kimi","Räikkönen",1979-10-17,"Finnish","alfa","Alfa Romeo","Swiss","+1 Lap","suzuka","Suzuka Circuit","Suzuka","Japan",34.8431,136.541,"45"
22,11,5,842,1026,24532,10,9,"7","7",7,6,51,"\N","\N","43","17","1:35.321","219.313",2019,17,"Japanese Grand Prix",2019-10-13,"05:10:00","gasly","10","GAS","Pierre","Gasly",1996-02-07,"French","toro_rosso","Toro Rosso","Italian","+1 Lap","suzuka","Suzuka Circuit","Suzuka","Japan",34.8431,136.541,"45"
22,11,3,840,1005,24119,18,14,"17","17",17,0,52,"\N","\N","41","5","1:33.354","223.934",2018,17,"Japanese Grand Prix",2018-10-07,"05:10:00","stroll","18","STR","Lance","Stroll",1998-10-29,"Canadian","williams","Williams","British","+1 Lap","suzuka","Suzuka Circuit","Suzuka","Japan",34.8431,136.541,"45"
22,1,10,807,940,22801,27,13,"6","6",6,8,53,"+55.559","5342067","43","9","1:38.331","212.600",2015,14,"Japanese Grand Prix",2015-09-27,"05:00:00","hulkenberg","27","HUL","Nico","Hülkenberg",1987-08-19,"German","force_india","Force India","Indian","Finished","suzuka","Suzuka Circuit","Suzuka","Japan",34.8431,136.541,"45"
22,11,6,8,914,22450,7,10,"12","12",12,0,43,"\N","\N","36","5","1:52.426","185.946",2014,15,"Japanese Grand Prix",2014-10-05,"06:00:00","raikkonen","7","RAI","Kimi","Räikkönen",1979-10-17,"Finnish","ferrari","Ferrari","Italian","+1 Lap","suzuka","Suzuka Circuit","Suzuka","Japan",34.8431,136.541,"45"
22,1,10,839,984,23687,31,5,"6","6",6,8,53,"+1:07.788","5318982","50","11","1:34.843","220.419",2017,16,"Japanese Grand Prix",2017-10-08,"05:00:00","ocon","31","OCO","Esteban","Ocon",1996-09-17,"French","force_india","Force India","Indian","Finished","suzuka","Suzuka Circuit","Suzuka","Japan",34.8431,136.541,"45"
22,1,6,13,874,21569,6,10,"2","2",2,18,53,"+20.639","5356881","50","5","1:36.894","215.753",2012,15,"Japanese Grand Prix",2012-10-07,"06:00:00","massa","19","MAS","Felipe","Massa",1981-04-25,"Brazilian","ferrari","Ferrari","Italian","Finished","suzuka","Suzuka Circuit","Suzuka","Japan",34.8431,136.541,"45"
22,1,1,1,874,21572,4,9,"5","5",5,10,53,"+46.490","5382732","45","11","1:37.760","213.842",2012,15,"Japanese Grand Prix",2012-10-07,"06:00:00","hamilton","44","HAM","Lewis","Hamilton",1985-01-07,"British","mclaren","McLaren","British","Finished","suzuka","Suzuka Circuit","Suzuka","Japan",34.8431,136.541,"45"
22,13,209,829,940,22814,28,18,"19","19",19,0,50,"\N","\N","44","19","1:41.452","206.060",2015,14,"Japanese Grand Prix",2015-09-27,"05:00:00","stevens","28","STE","Will","Stevens",1991-06-28,"British","manor","Manor Marussia","British","+3 Laps","suzuka","Suzuka Circuit","Suzuka","Japan",34.8431,136.541,"45"
22,11,3,13,984,23691,19,8,"10","10",10,1,52,"\N","\N","50","16","1:35.943","217.891",2017,16,"Japanese Grand Prix",2017-10-08,"05:00:00","massa","19","MAS","Felipe","Massa",1981-04-25,"Brazilian","williams","Williams","British","+1 Lap","suzuka","Suzuka Circuit","Suzuka","Japan",34.8431,136.541,"45"
22,11,15,821,914,22451,21,15,"13","13",13,0,43,"\N","\N","40","17","1:55.372","181.198",2014,15,"Japanese Grand Prix",2014-10-05,"06:00:00","gutierrez","21","GUT","Esteban","Gutiérrez",1991-08-05,"Mexican","sauber","Sauber","Swiss","+1 Lap","suzuka","Suzuka Circuit","Suzuka","Japan",34.8431,136.541,"45"
22,1,131,3,855,21121,8,23,"10","10",10,1,53,"+44.322","5497749","50","3","1:36.614","216.378",2011,15,"Japanese Grand Prix",2011-10-09,"06:00:00","rosberg","6","ROS","Nico","Rosberg",1985-06-27,"German","mercedes","Mercedes","German","Finished","suzuka","Suzuka Circuit","Suzuka","Japan",34.8431,136.541,"45"
22,1,3,813,855,21125,12,14,"14","14",14,0,53,"+1:04.194","5517621","50","10","1:37.645","214.093",2011,15,"Japanese Grand Prix",2011-10-09,"06:00:00","maldonado","13","MAL","Pastor","Maldonado",1985-03-09,"Venezuelan","williams","Williams","British","Finished","suzuka","Suzuka Circuit","Suzuka","Japan",34.8431,136.541,"45"
22,12,164,817,855,21133,22,22,"22","22",22,0,51,"\N","\N","49","20","1:41.437","206.090",2011,15,"Japanese Grand Prix",2011-10-09,"06:00:00","ricciardo","3","RIC","Daniel","Ricciardo",1989-07-01,"Australian","hrt","HRT","Spanish","+2 Laps","suzuka","Suzuka Circuit","Suzuka","Japan",34.8431,136.541,"45"
22,1,131,1,964,23271,44,2,"3","3",3,15,53,"+5.776","5209109","36","2","1:35.152","219.703",2016,17,"Japanese Grand Prix",2016-10-09,"05:00:00","hamilton","44","HAM","Lewis","Hamilton",1985-01-07,"British","mercedes","Mercedes","German","Finished","suzuka","Suzuka Circuit","Suzuka","Japan",34.8431,136.541,"45"
22,11,206,820,895,22038,23,18,"19","19",19,0,52,"\N","\N","45","19","1:38.713","211.777",2013,15,"Japanese Grand Prix",2013-10-13,"06:00:00","chilton","4","CHI","Max","Chilton",1991-04-21,"British","marussia","Marussia","Russian","+1 Lap","suzuka","Suzuka Circuit","Suzuka","Japan",34.8431,136.541,"45"
22,1,15,807,895,22025,11,7,"6","6",6,8,53,"+51.615","5260916","33","11","1:36.482","216.674",2013,15,"Japanese Grand Prix",2013-10-13,"06:00:00","hulkenberg","27","HUL","Nico","Hülkenberg",1987-08-19,"German","sauber","Sauber","Swiss","Finished","suzuka","Suzuka Circuit","Suzuka","Japan",34.8431,136.541,"45"
22,1,9,20,855,21114,1,1,"3","3",3,15,53,"+2.006","5455433","52","6","1:36.916","215.704",2011,15,"Japanese Grand Prix",2011-10-09,"06:00:00","vettel","5","VET","Sebastian","Vettel",1987-07-03,"German","red_bull","Red Bull","Austrian","Finished","suzuka","Suzuka Circuit","Suzuka","Japan",34.8431,136.541,"45"
22,12,166,816,855,21132,25,20,"21","21",21,0,51,"\N","\N","45","22","1:41.794","205.367",2011,15,"Japanese Grand Prix",2011-10-09,"06:00:00","ambrosio","\N","DAM","Jérôme","d'Ambrosio",1985-12-27,"Belgian","virgin","Virgin","British","+2 Laps","suzuka","Suzuka Circuit","Suzuka","Japan",34.8431,136.541,"45"
22,1,3,811,874,21581,19,16,"14","14",14,0,53,"+88.709","5424951","44","4","1:36.819","215.920",2012,15,"Japanese Grand Prix",2012-10-07,"06:00:00","bruno_senna","\N","SEN","Bruno","Senna",1983-10-15,"Brazilian","williams","Williams","British","Finished","suzuka","Suzuka Circuit","Suzuka","Japan",34.8431,136.541,"45"
22,1,9,20,914,22441,1,9,"3","3",3,15,44,"+29.122","6732143","32","3","1:51.915","186.795",2014,15,"Japanese Grand Prix",2014-10-05,"06:00:00","vettel","5","VET","Sebastian","Vettel",1987-07-03,"German","red_bull","Red Bull","Austrian","Finished","suzuka","Suzuka Circuit","Suzuka","Japan",34.8431,136.541,"45"
22,3,15,828,984,23699,9,16,"\N","R",18,0,7,"\N","\N","7","18","1:38.596","212.028",2017,16,"Japanese Grand Prix",2017-10-08,"05:00:00","ericsson","9","ERI","Marcus","Ericsson",1990-09-02,"Swedish","sauber","Sauber","Swiss","Accident","suzuka","Suzuka Circuit","Suzuka","Japan",34.8431,136.541,"45"
22,13,164,24,855,21134,23,24,"23","23",23,0,50,"\N","\N","37","24","1:42.409","204.134",2011,15,"Japanese Grand Prix",2011-10-09,"06:00:00","liuzzi","\N","LIU","Vitantonio","Liuzzi",1980-08-06,"Italian","hrt","HRT","Spanish","+3 Laps","suzuka","Suzuka Circuit","Suzuka","Japan",34.8431,136.541,"45"
22,1,9,817,914,22442,3,6,"4","4",4,12,44,"+38.818","6741839","38","4","1:52.231","186.269",2014,15,"Japanese Grand Prix",2014-10-05,"06:00:00","ricciardo","3","RIC","Daniel","Ricciardo",1989-07-01,"Australian","red_bull","Red Bull","Austrian","Finished","suzuka","Suzuka Circuit","Suzuka","Japan",34.8431,136.541,"45"
22,11,207,828,914,22455,9,17,"17","17",17,0,43,"\N","\N","27","14","1:54.669","182.309",2014,15,"Japanese Grand Prix",2014-10-05,"06:00:00","ericsson","9","ERI","Marcus","Ericsson",1990-09-02,"Swedish","caterham","Caterham","Malaysian","+1 Lap","suzuka","Suzuka Circuit","Suzuka","Japan",34.8431,136.541,"45"
22,1,9,830,984,23683,33,4,"2","2",2,18,53,"+1.211","5252405","51","5","1:33.730","223.036",2017,16,"Japanese Grand Prix",2017-10-08,"05:00:00","max_verstappen","33","VER","Max","Verstappen",1997-09-30,"Dutch","red_bull","Red Bull","Austrian","Finished","suzuka","Suzuka Circuit","Suzuka","Japan",34.8431,136.541,"45"
22,11,5,832,940,22805,55,10,"10","10",10,1,52,"\N","\N","16","13","1:38.686","211.835",2015,14,"Japanese Grand Prix",2015-09-27,"05:00:00","sainz","55","SAI","Carlos","Sainz",1994-09-01,"Spanish","toro_rosso","Toro Rosso","Italian","+1 Lap","suzuka","Suzuka Circuit","Suzuka","Japan",34.8431,136.541,"45"
22,1,10,815,964,23275,11,5,"7","7",7,6,53,"+57.495","5260828","31","7","1:36.756","216.061",2016,17,"Japanese Grand Prix",2016-10-09,"05:00:00","perez","11","PER","Sergio","Pérez",1990-01-26,"Mexican","force_india","Force India","Indian","Finished","suzuka","Suzuka Circuit","Suzuka","Japan",34.8431,136.541,"45"
22,11,209,839,964,23289,31,20,"21","21",21,0,52,"\N","\N","33","20","1:38.380","212.494",2016,17,"Japanese Grand Prix",2016-10-09,"05:00:00","ocon","31","OCO","Esteban","Ocon",1996-09-17,"French","manor","Manor Marussia","British","+1 Lap","suzuka","Suzuka Circuit","Suzuka","Japan",34.8431,136.541,"45"
22,11,5,817,895,22032,19,16,"13","13",13,0,52,"\N","\N","52","3","1:35.020","220.008",2013,15,"Japanese Grand Prix",2013-10-13,"06:00:00","ricciardo","3","RIC","Daniel","Ricciardo",1989-07-01,"Australian","toro_rosso","Toro Rosso","Italian","+1 Lap","suzuka","Suzuka Circuit","Suzuka","Japan",34.8431,136.541,"45"
22,1,131,3,895,22027,9,6,"8","8",8,4,53,"+1:12.023","5281324","46","2","1:34.650","220.868",2013,15,"Japanese Grand Prix",2013-10-13,"06:00:00","rosberg","6","ROS","Nico","Rosberg",1985-06-27,"German","mercedes","Mercedes","German","Finished","suzuka","Suzuka Circuit","Suzuka","Japan",34.8431,136.541,"45"
22,11,164,37,874,21585,22,20,"18","18",18,0,52,"\N","\N","50","20","1:39.351","210.417",2012,15,"Japanese Grand Prix",2012-10-07,"06:00:00","rosa","\N","DLR","Pedro","de la Rosa",1971-02-24,"Spanish","hrt","HRT","Spanish","+1 Lap","suzuka","Suzuka Circuit","Suzuka","Japan",34.8431,136.541,"45"
22,1,6,8,940,22799,7,6,"4","4",4,12,53,"+33.768","5320276","32","4","1:38.035","213.242",2015,14,"Japanese Grand Prix",2015-09-27,"05:00:00","raikkonen","7","RAI","Kimi","Räikkönen",1979-10-17,"Finnish","ferrari","Ferrari","Italian","Finished","suzuka","Suzuka Circuit","Suzuka","Japan",34.8431,136.541,"45"
22,1,3,13,914,22445,19,4,"7","7",7,6,44,"+1:55.126","6818147","39","8","1:53.450","184.267",2014,15,"Japanese Grand Prix",2014-10-05,"06:00:00","massa","19","MAS","Felipe","Massa",1981-04-25,"Brazilian","williams","Williams","British","Finished","suzuka","Suzuka Circuit","Suzuka","Japan",34.8431,136.541,"45"
22,12,3,13,940,22812,19,5,"17","17",17,0,51,"\N","\N","51","12","1:38.595","212.031",2015,14,"Japanese Grand Prix",2015-09-27,"05:00:00","massa","19","MAS","Felipe","Massa",1981-04-25,"Brazilian","williams","Williams","British","+2 Laps","suzuka","Suzuka Circuit","Suzuka","Japan",34.8431,136.541,"45"
22,1,10,807,914,22446,27,13,"8","8",8,4,44,"+1:55.948","6818969","28","7","1:52.814","185.306",2014,15,"Japanese Grand Prix",2014-10-05,"06:00:00","hulkenberg","27","HUL","Nico","Hülkenberg",1987-08-19,"German","force_india","Force India","Indian","Finished","suzuka","Suzuka Circuit","Suzuka","Japan",34.8431,136.541,"45"
22,11,1,4,964,23284,14,15,"16","16",16,0,52,"\N","\N","29","19","1:38.208","212.866",2016,17,"Japanese Grand Prix",2016-10-09,"05:00:00","alonso","14","ALO","Fernando","Alonso",1981-07-29,"Spanish","mclaren","McLaren","British","+1 Lap","suzuka","Suzuka Circuit","Suzuka","Japan",34.8431,136.541,"45"
22,1,131,822,984,23685,77,6,"4","4",4,12,53,"+10.580","5261774","50","1","1:33.144","224.439",2017,16,"Japanese Grand Prix",2017-10-08,"05:00:00","bottas","77","BOT","Valtteri","Bottas",1989-08-28,"Finnish","mercedes","Mercedes","German","Finished","suzuka","Suzuka Circuit","Suzuka","Japan",34.8431,136.541,"45"
22,11,210,154,1026,24538,8,10,"13","13",13,0,51,"\N","\N","18","16","1:34.988","220.082",2019,17,"Japanese Grand Prix",2019-10-13,"05:10:00","grosjean","8","GRO","Romain","Grosjean",1986-04-17,"French","haas","Haas F1 Team","American","+1 Lap","suzuka","Suzuka Circuit","Suzuka","Japan",34.8431,136.541,"45"
22,1,208,813,940,22803,13,11,"8","8",8,4,53,"+1:13.575","5360083","39","5","1:38.136","213.022",2015,14,"Japanese Grand Prix",2015-09-27,"05:00:00","maldonado","13","MAL","Pastor","Maldonado",1985-03-09,"Venezuelan","lotus_f1","Lotus F1","British","Finished","suzuka","Suzuka Circuit","Suzuka","Japan",34.8431,136.541,"45"
22,11,3,822,895,22036,17,13,"17","17",17,0,52,"\N","\N","43","18","1:37.856","213.632",2013,15,"Japanese Grand Prix",2013-10-13,"06:00:00","bottas","77","BOT","Valtteri","Bottas",1989-08-28,"Finnish","williams","Williams","British","+1 Lap","suzuka","Suzuka Circuit","Suzuka","Japan",34.8431,136.541,"45"
22,11,1,4,1005,24116,14,18,"14","14",14,0,52,"\N","\N","28","7","1:33.943","222.530",2018,17,"Japanese Grand Prix",2018-10-07,"05:10:00","alonso","14","ALO","Fernando","Alonso",1981-07-29,"Spanish","mclaren","McLaren","British","+1 Lap","suzuka","Suzuka Circuit","Suzuka","Japan",34.8431,136.541,"45"
22,11,1,18,940,22811,22,14,"16","16",16,0,52,"\N","\N","31","18","1:40.121","208.799",2015,14,"Japanese Grand Prix",2015-09-27,"05:00:00","button","22","BUT","Jenson","Button",1980-01-19,"British","mclaren","McLaren","British","+1 Lap","suzuka","Suzuka Circuit","Suzuka","Japan",34.8431,136.541,"45"
22,1,9,817,1005,24106,3,15,"4","4",4,12,53,"+19.495","5256557","50","4","1:33.187","224.336",2018,17,"Japanese Grand Prix",2018-10-07,"05:10:00","ricciardo","3","RIC","Daniel","Ricciardo",1989-07-01,"Australian","red_bull","Red Bull","Austrian","Finished","suzuka","Suzuka Circuit","Suzuka","Japan",34.8431,136.541,"45"
22,26,15,844,1005,24120,16,10,"\N","R",18,0,38,"\N","\N","37","13","1:34.515","221.183",2018,17,"Japanese Grand Prix",2018-10-07,"05:10:00","leclerc","16","LEC","Charles","Leclerc",1997-10-16,"Monegasque","sauber","Sauber","Swiss","Mechanical","suzuka","Suzuka Circuit","Suzuka","Japan",34.8431,136.541,"45"
22,29,131,1,895,22039,10,3,"\N","R",20,0,7,"\N","\N","3","20","1:41.202","206.569",2013,15,"Japanese Grand Prix",2013-10-13,"06:00:00","hamilton","44","HAM","Lewis","Hamilton",1985-01-07,"British","mercedes","Mercedes","German","Puncture","suzuka","Suzuka Circuit","Suzuka","Japan",34.8431,136.541,"45"
22,1,6,20,940,22798,5,4,"3","3",3,15,53,"+20.850","5307358","32","3","1:37.906","213.523",2015,14,"Japanese Grand Prix",2015-09-27,"05:00:00","vettel","5","VET","Sebastian","Vettel",1987-07-03,"German","ferrari","Ferrari","Italian","Finished","suzuka","Suzuka Circuit","Suzuka","Japan",34.8431,136.541,"45"
22,1,3,13,964,23277,19,12,"9","9",9,2,53,"+1:37.763","5301096","35","14","1:37.785","213.787",2016,17,"Japanese Grand Prix",2016-10-09,"05:00:00","massa","19","MAS","Felipe","Massa",1981-04-25,"Brazilian","williams","Williams","British","Finished","suzuka","Suzuka Circuit","Suzuka","Japan",34.8431,136.541,"45"
22,11,5,826,914,22449,26,12,"11","11",11,0,43,"\N","\N","25","12","1:54.021","183.345",2014,15,"Japanese Grand Prix",2014-10-05,"06:00:00","kvyat","26","KVY","Daniil","Kvyat",1994-04-26,"Russian","toro_rosso","Toro Rosso","Italian","+1 Lap","suzuka","Suzuka Circuit","Suzuka","Japan",34.8431,136.541,"45"
22,20,15,815,874,21589,15,5,"\N","R",22,0,18,"\N","\N","17","19","1:38.983","211.199",2012,15,"Japanese Grand Prix",2012-10-07,"06:00:00","perez","11","PER","Sergio","Pérez",1990-01-26,"Mexican","sauber","Sauber","Swiss","Spun off","suzuka","Suzuka Circuit","Suzuka","Japan",34.8431,136.541,"45"
22,1,131,1,1026,24528,44,4,"3","3",3,16,52,"+13.858","4920613","45","1","1:30.983","229.770",2019,17,"Japanese Grand Prix",2019-10-13,"05:10:00","hamilton","44","HAM","Lewis","Hamilton",1985-01-07,"British","mercedes","Mercedes","German","Finished","suzuka","Suzuka Circuit","Suzuka","Japan",34.8431,136.541,"45"
22,1,15,155,855,21124,16,7,"13","13",13,0,53,"+1:03.705","5517132","44","19","1:39.724","209.630",2011,15,"Japanese Grand Prix",2011-10-09,"06:00:00","kobayashi","10","KOB","Kamui","Kobayashi",1986-09-13,"Japanese","sauber","Sauber","Swiss","Finished","suzuka","Suzuka Circuit","Suzuka","Japan",34.8431,136.541,"45"
22,11,209,836,964,23290,94,21,"22","22",22,0,52,"\N","\N","39","17","1:38.000","213.318",2016,17,"Japanese Grand Prix",2016-10-09,"05:00:00","wehrlein","94","WEH","Pascal","Wehrlein",1994-10-18,"German","manor","Manor Marussia","British","+1 Lap","suzuka","Suzuka Circuit","Suzuka","Japan",34.8431,136.541,"45"
22,3,207,823,895,22040,21,19,"\N","R",21,0,0,"\N","\N","\N","0","\N","\N",2013,15,"Japanese Grand Prix",2013-10-13,"06:00:00","garde","\N","VDG","Giedo","van der Garde",1985-04-25,"Dutch","caterham","Caterham","Malaysian","Accident","suzuka","Suzuka Circuit","Suzuka","Japan",34.8431,136.541,"45"
22,1,210,154,984,23690,8,13,"9","9",9,2,53,"+1:29.883","5341077","50","14","1:35.347","219.253",2017,16,"Japanese Grand Prix",2017-10-08,"05:00:00","grosjean","8","GRO","Romain","Grosjean",1986-04-17,"French","haas","Haas F1 Team","American","Finished","suzuka","Suzuka Circuit","Suzuka","Japan",34.8431,136.541,"45"
24,1,5,818,918,22529,25,10,"12","12",12,0,55,"+1:31.947","6034566","50","5","1:45.686","189.186",2014,19,"Abu Dhabi Grand Prix",2014-11-23,"13:00:00","vergne","25","VER","Jean-Éric","Vergne",1990-04-25,"French","toro_rosso","Toro Rosso","Italian","Finished","yas_marina","Yas Marina Circuit","Abu Dhabi","UAE",24.4672,54.6031,"3"
24,1,131,3,858,21189,8,7,"6","6",6,8,55,"+52.317","5884203","55","7","1:43.993","192.266",2011,18,"Abu Dhabi Grand Prix",2011-11-13,"13:00:00","rosberg","6","ROS","Nico","Rosberg",1985-06-27,"German","mercedes","Mercedes","German","Finished","yas_marina","Yas Marina Circuit","Abu Dhabi","UAE",24.4672,54.6031,"3"
24,6,3,847,1073,25403,63,17,"\N","R",18,0,26,"\N","\N","23","19","1:30.647","209.732",2021,22,"Abu Dhabi Grand Prix",2021-12-12,"13:00:00","russell","63","RUS","George","Russell",1998-02-15,"British","williams","Williams","British","Gearbox","yas_marina","Yas Marina Circuit","Abu Dhabi","UAE",24.4672,54.6031,"3"
24,1,15,815,877,21654,15,11,"15","15",15,0,55,"+56.768","6415435","54","7","1:45.410","189.682",2012,18,"Abu Dhabi Grand Prix",2012-11-04,"13:00:00","perez","11","PER","Sergio","Pérez",1990-01-26,"Mexican","sauber","Sauber","Swiss","Finished","yas_marina","Yas Marina Circuit","Abu Dhabi","UAE",24.4672,54.6031,"3"
24,1,213,852,1073,25389,22,8,"4","4",4,12,58,"+5.692","5423037","50","7","1:27.496","217.285",2021,22,"Abu Dhabi Grand Prix",2021-12-12,"13:00:00","tsunoda","22","TSU","Yuki","Tsunoda",2000-05-11,"Japanese","alphatauri","AlphaTauri","Italian","Finished","yas_marina","Yas Marina Circuit","Abu Dhabi","UAE",24.4672,54.6031,"3"
24,1,9,830,1073,25386,33,1,"1","1",1,26,58,"1:30:17.345","5417345","39","1","1:26.103","220.800",2021,22,"Abu Dhabi Grand Prix",2021-12-12,"13:00:00","max_verstappen","33","VER","Max","Verstappen",1997-09-30,"Dutch","red_bull","Red Bull","Austrian","Finished","yas_marina","Yas Marina Circuit","Abu Dhabi","UAE",24.4672,54.6031,"3"
24,1,15,821,897,22076,12,16,"13","13",13,0,55,"+1:44.295","5990401","43","15","1:45.974","188.672",2013,17,"Abu Dhabi Grand Prix",2013-11-03,"13:00:00","gutierrez","21","GUT","Esteban","Gutiérrez",1991-08-05,"Mexican","sauber","Sauber","Swiss","Finished","yas_marina","Yas Marina Circuit","Abu Dhabi","UAE",24.4672,54.6031,"3"
24,1,1,4,968,23366,14,9,"10","10",10,1,55,"+59.896","5943909","50","2","1:44.495","191.343",2016,21,"Abu Dhabi Grand Prix",2016-11-27,"13:00:00","alonso","14","ALO","Fernando","Alonso",1981-07-29,"Spanish","mclaren","McLaren","British","Finished","yas_marina","Yas Marina Circuit","Abu Dhabi","UAE",24.4672,54.6031,"3"
24,1,131,1,897,22070,10,4,"7","7",7,6,55,"+1:19.267","5965373","47","10","1:45.463","189.586",2013,17,"Abu Dhabi Grand Prix",2013-11-03,"13:00:00","hamilton","44","HAM","Lewis","Hamilton",1985-01-07,"British","mercedes","Mercedes","German","Finished","yas_marina","Yas Marina Circuit","Abu Dhabi","UAE",24.4672,54.6031,"3"
24,1,9,20,877,21642,1,24,"3","3",3,15,55,"+4.163","6362830","54","1","1:43.964","192.320",2012,18,"Abu Dhabi Grand Prix",2012-11-04,"13:00:00","vettel","5","VET","Sebastian","Vettel",1987-07-03,"German","red_bull","Red Bull","Austrian","Finished","yas_marina","Yas Marina Circuit","Abu Dhabi","UAE",24.4672,54.6031,"3"
24,11,51,8,1030,24618,7,17,"13","13",13,0,54,"\N","\N","25","14","1:43.142","193.853",2019,21,"Abu Dhabi Grand Prix",2019-12-01,"13:10:00","raikkonen","7","RAI","Kimi","Räikkönen",1979-10-17,"Finnish","alfa","Alfa Romeo","Swiss","+1 Lap","yas_marina","Yas Marina Circuit","Abu Dhabi","UAE",24.4672,54.6031,"3"
24,11,1,4,1009,24193,14,15,"11","11",11,0,54,"\N","\N","53","7","1:42.393","195.271",2018,21,"Abu Dhabi Grand Prix",2018-11-25,"13:10:00","alonso","14","ALO","Fernando","Alonso",1981-07-29,"Spanish","mclaren","McLaren","British","+1 Lap","yas_marina","Yas Marina Circuit","Abu Dhabi","UAE",24.4672,54.6031,"3"
24,12,166,10,858,21202,24,19,"19","19",19,0,53,"\N","\N","42","20","1:48.085","184.987",2011,18,"Abu Dhabi Grand Prix",2011-11-13,"13:00:00","glock","\N","GLO","Timo","Glock",1982-03-18,"German","virgin","Virgin","British","+2 Laps","yas_marina","Yas Marina Circuit","Abu Dhabi","UAE",24.4672,54.6031,"3"
24,12,5,842,1030,24623,10,11,"18","18",18,0,53,"\N","\N","53","10","1:42.414","195.231",2019,21,"Abu Dhabi Grand Prix",2019-12-01,"13:10:00","gasly","10","GAS","Pierre","Gasly",1996-02-07,"French","toro_rosso","Toro Rosso","Italian","+2 Laps","yas_marina","Yas Marina Circuit","Abu Dhabi","UAE",24.4672,54.6031,"3"
24,1,4,832,1009,24188,55,11,"6","6",6,8,55,"+1:12.548","6052930","54","4","1:41.351","197.278",2018,21,"Abu Dhabi Grand Prix",2018-11-25,"13:10:00","sainz","55","SAI","Carlos","Sainz",1994-09-01,"Spanish","renault","Renault","French","Finished","yas_marina","Yas Marina Circuit","Abu Dhabi","UAE",24.4672,54.6031,"3"
24,1,4,839,1047,24954,31,10,"9","9",9,2,55,"+1:41.069","5799996","47","18","1:42.894","194.320",2020,17,"Abu Dhabi Grand Prix",2020-12-13,"13:10:00","ocon","31","OCO","Esteban","Ocon",1996-09-17,"French","renault","Renault","French","Finished","yas_marina","Yas Marina Circuit","Abu Dhabi","UAE",24.4672,54.6031,"3"
24,11,5,826,1030,24614,26,13,"9","9",9,2,54,"\N","\N","42","9","1:42.222","195.597",2019,21,"Abu Dhabi Grand Prix",2019-12-01,"13:10:00","kvyat","26","KVY","Daniil","Kvyat",1994-04-26,"Russian","toro_rosso","Toro Rosso","Italian","+1 Lap","yas_marina","Yas Marina Circuit","Abu Dhabi","UAE",24.4672,54.6031,"3"
24,1,6,13,877,21646,6,8,"7","7",7,6,55,"+22.896","6381563","53","11","1:45.700","189.161",2012,18,"Abu Dhabi Grand Prix",2012-11-04,"13:00:00","massa","19","MAS","Felipe","Massa",1981-04-25,"Brazilian","ferrari","Ferrari","Italian","Finished","yas_marina","Yas Marina Circuit","Abu Dhabi","UAE",24.4672,54.6031,"3"
24,1,131,3,945,22897,6,1,"1","1",1,25,55,"1:38:30.175","5910175","37","5","1:45.356","189.779",2015,19,"Abu Dhabi Grand Prix",2015-11-29,"13:00:00","rosberg","6","ROS","Nico","Rosberg",1985-06-27,"German","mercedes","Mercedes","German","Finished","yas_marina","Yas Marina Circuit","Abu Dhabi","UAE",24.4672,54.6031,"3"
24,1,10,807,945,22903,27,7,"7","7",7,6,55,"+1:33.618","6003793","29","16","1:47.064","186.751",2015,19,"Abu Dhabi Grand Prix",2015-11-29,"13:00:00","hulkenberg","27","HUL","Nico","Hülkenberg",1987-08-19,"German","force_india","Force India","Indian","Finished","yas_marina","Yas Marina Circuit","Abu Dhabi","UAE",24.4672,54.6031,"3"
24,1,214,4,1073,25393,14,11,"8","8",8,4,58,"+1:01.708","5479053","58","8","1:27.607","217.010",2021,22,"Abu Dhabi Grand Prix",2021-12-12,"13:00:00","alonso","14","ALO","Fernando","Alonso",1981-07-29,"Spanish","alpine","Alpine F1 Team","French","Finished","yas_marina","Yas Marina Circuit","Abu Dhabi","UAE",24.4672,54.6031,"3"
24,4,9,17,877,21659,2,2,"\N","R",20,0,37,"\N","\N","32","14","1:46.959","186.935",2012,18,"Abu Dhabi Grand Prix",2012-11-04,"13:00:00","webber","\N","WEB","Mark","Webber",1976-08-27,"Australian","red_bull","Red Bull","Austrian","Collision","yas_marina","Yas Marina Circuit","Abu Dhabi","UAE",24.4672,54.6031,"3"
24,131,208,813,918,22536,13,15,"\N","R",19,0,26,"\N","\N","9","20","1:48.933","183.547",2014,19,"Abu Dhabi Grand Prix",2014-11-23,"13:00:00","maldonado","13","MAL","Pastor","Maldonado",1985-03-09,"Venezuelan","lotus_f1","Lotus F1","British","Power Unit","yas_marina","Yas Marina Circuit","Abu Dhabi","UAE",24.4672,54.6031,"3"
24,1,3,813,897,22074,16,14,"11","11",11,0,55,"+1:35.989","5982095","55","11","1:45.530","189.466",2013,17,"Abu Dhabi Grand Prix",2013-11-03,"13:00:00","maldonado","13","MAL","Pastor","Maldonado",1985-03-09,"Venezuelan","williams","Williams","British","Finished","yas_marina","Yas Marina Circuit","Abu Dhabi","UAE",24.4672,54.6031,"3"
24,1,9,817,945,22902,3,5,"6","6",6,8,55,"+1:05.010","5975185","46","9","1:46.305","188.085",2015,19,"Abu Dhabi Grand Prix",2015-11-29,"13:00:00","ricciardo","3","RIC","Daniel","Ricciardo",1989-07-01,"Australian","red_bull","Red Bull","Austrian","Finished","yas_marina","Yas Marina Circuit","Abu Dhabi","UAE",24.4672,54.6031,"3"
24,4,208,154,877,21658,10,9,"\N","R",19,0,37,"\N","\N","36","17","1:47.521","185.958",2012,18,"Abu Dhabi Grand Prix",2012-11-04,"13:00:00","grosjean","8","GRO","Romain","Grosjean",1986-04-17,"French","lotus_f1","Lotus F1","British","Collision","yas_marina","Yas Marina Circuit","Abu Dhabi","UAE",24.4672,54.6031,"3"
24,1,6,8,945,22899,7,3,"3","3",3,15,55,"+19.430","5929605","47","4","1:44.942","190.528",2015,19,"Abu Dhabi Grand Prix",2015-11-29,"13:00:00","raikkonen","7","RAI","Kimi","Räikkönen",1979-10-17,"Finnish","ferrari","Ferrari","Italian","Finished","yas_marina","Yas Marina Circuit","Abu Dhabi","UAE",24.4672,54.6031,"3"
24,11,15,828,945,22910,9,17,"14","14",14,0,54,"\N","\N","48","12","1:46.517","187.710",2015,19,"Abu Dhabi Grand Prix",2015-11-29,"13:00:00","ericsson","9","ERI","Marcus","Ericsson",1990-09-02,"Swedish","sauber","Sauber","Swiss","+1 Lap","yas_marina","Yas Marina Circuit","Abu Dhabi","UAE",24.4672,54.6031,"3"
24,1,131,1,945,22898,44,2,"2","2",2,18,55,"+8.271","5918446","44","1","1:44.517","191.302",2015,19,"Abu Dhabi Grand Prix",2015-11-29,"13:00:00","hamilton","44","HAM","Lewis","Hamilton",1985-01-07,"British","mercedes","Mercedes","German","Finished","yas_marina","Yas Marina Circuit","Abu Dhabi","UAE",24.4672,54.6031,"3"
24,31,206,819,877,21657,25,19,"\N","R",18,0,41,"\N","\N","33","21","1:49.079","183.302",2012,18,"Abu Dhabi Grand Prix",2012-11-04,"13:00:00","pic","\N","PIC","Charles","Pic",1990-02-15,"French","marussia","Marussia","Russian","Retired","yas_marina","Yas Marina Circuit","Abu Dhabi","UAE",24.4672,54.6031,"3"
24,1,3,811,877,21647,19,14,"8","8",8,4,55,"+23.542","6382209","49","10","1:45.693","189.174",2012,18,"Abu Dhabi Grand Prix",2012-11-04,"13:00:00","bruno_senna","\N","SEN","Bruno","Senna",1983-10-15,"Brazilian","williams","Williams","British","Finished","yas_marina","Yas Marina Circuit","Abu Dhabi","UAE",24.4672,54.6031,"3"
24,1,207,5,877,21652,20,18,"13","13",13,0,55,"+47.764","6406431","51","15","1:47.115","186.662",2012,18,"Abu Dhabi Grand Prix",2012-11-04,"13:00:00","kovalainen","\N","KOV","Heikki","Kovalainen",1981-10-19,"Finnish","caterham","Caterham","Malaysian","Finished","yas_marina","Yas Marina Circuit","Abu Dhabi","UAE",24.4672,54.6031,"3"
24,131,5,826,918,22537,26,5,"\N","R",20,0,14,"\N","\N","10","19","1:48.748","183.859",2014,19,"Abu Dhabi Grand Prix",2014-11-23,"13:00:00","kvyat","26","KVY","Daniil","Kvyat",1994-04-26,"Russian","toro_rosso","Toro Rosso","Italian","Power Unit","yas_marina","Yas Marina Circuit","Abu Dhabi","UAE",24.4672,54.6031,"3"
24,11,1,817,1073,25397,3,10,"12","12",12,0,57,"\N","\N","48","14","1:28.723","214.280",2021,22,"Abu Dhabi Grand Prix",2021-12-12,"13:00:00","ricciardo","3","RIC","Daniel","Ricciardo",1989-07-01,"Australian","mclaren","McLaren","British","+1 Lap","yas_marina","Yas Marina Circuit","Abu Dhabi","UAE",24.4672,54.6031,"3"
24,1,9,830,988,23766,33,6,"5","5",5,10,55,"+46.269","5700331","43","5","1:42.028","195.969",2017,20,"Abu Dhabi Grand Prix",2017-11-26,"13:00:00","max_verstappen","33","VER","Max","Verstappen",1997-09-30,"Dutch","red_bull","Red Bull","Austrian","Finished","yas_marina","Yas Marina Circuit","Abu Dhabi","UAE",24.4672,54.6031,"3"
24,1,131,1,988,23763,44,2,"2","2",2,18,55,"+3.899","5657961","51","3","1:41.473","197.041",2017,20,"Abu Dhabi Grand Prix",2017-11-26,"13:00:00","hamilton","44","HAM","Lewis","Hamilton",1985-01-07,"British","mercedes","Mercedes","German","Finished","yas_marina","Yas Marina Circuit","Abu Dhabi","UAE",24.4672,54.6031,"3"
24,1,3,13,945,22904,19,8,"8","8",8,4,55,"+1:37.751","6007926","33","14","1:46.984","186.891",2015,19,"Abu Dhabi Grand Prix",2015-11-29,"13:00:00","massa","19","MAS","Felipe","Massa",1981-04-25,"Brazilian","williams","Williams","British","Finished","yas_marina","Yas Marina Circuit","Abu Dhabi","UAE",24.4672,54.6031,"3"
24,11,3,845,1009,24197,35,19,"15","15",15,0,54,"\N","\N","54","14","1:43.831","192.566",2018,21,"Abu Dhabi Grand Prix",2018-11-25,"13:10:00","sirotkin","35","SIR","Sergey","Sirotkin",1995-08-27,"Russian","williams","Williams","British","+1 Lap","yas_marina","Yas Marina Circuit","Abu Dhabi","UAE",24.4672,54.6031,"3"
24,4,164,39,877,21661,23,23,"\N","R",22,0,7,"\N","\N","6","23","1:52.238","178.142",2012,18,"Abu Dhabi Grand Prix",2012-11-04,"13:00:00","karthikeyan","\N","KAR","Narain","Karthikeyan",1977-01-14,"Indian","hrt","HRT","Spanish","Collision","yas_marina","Yas Marina Circuit","Abu Dhabi","UAE",24.4672,54.6031,"3"
24,1,3,822,918,22520,77,3,"3","3",3,30,55,"+28.880","5971499","54","6","1:45.727","189.113",2014,19,"Abu Dhabi Grand Prix",2014-11-23,"13:00:00","bottas","77","BOT","Valtteri","Bottas",1989-08-28,"Finnish","williams","Williams","British","Finished","yas_marina","Yas Marina Circuit","Abu Dhabi","UAE",24.4672,54.6031,"3"
24,4,4,807,1009,24202,27,10,"\N","R",20,0,0,"\N","\N","\N","0","\N","\N",2018,21,"Abu Dhabi Grand Prix",2018-11-25,"13:10:00","hulkenberg","27","HUL","Nico","Hülkenberg",1987-08-19,"German","renault","Renault","French","Collision","yas_marina","Yas Marina Circuit","Abu Dhabi","UAE",24.4672,54.6031,"3"
24,1,9,817,1009,24186,3,5,"4","4",4,12,55,"+15.379","5995761","35","3","1:41.249","197.477",2018,21,"Abu Dhabi Grand Prix",2018-11-25,"13:10:00","ricciardo","3","RIC","Daniel","Ricciardo",1989-07-01,"Australian","red_bull","Red Bull","Austrian","Finished","yas_marina","Yas Marina Circuit","Abu Dhabi","UAE",24.4672,54.6031,"3"
24,11,51,841,1047,24961,99,14,"16","16",16,0,54,"\N","\N","29","7","1:41.675","196.650",2020,17,"Abu Dhabi Grand Prix",2020-12-13,"13:10:00","giovinazzi","99","GIO","Antonio","Giovinazzi",1993-12-14,"Italian","alfa","Alfa Romeo","Swiss","+1 Lap","yas_marina","Yas Marina Circuit","Abu Dhabi","UAE",24.4672,54.6031,"3"
24,11,5,843,988,23776,28,20,"15","15",15,0,54,"\N","\N","52","18","1:43.897","192.444",2017,20,"Abu Dhabi Grand Prix",2017-11-26,"13:00:00","brendon_hartley","28","HAR","Brendon","Hartley",1989-11-10,"New Zealander","toro_rosso","Toro Rosso","Italian","+1 Lap","yas_marina","Yas Marina Circuit","Abu Dhabi","UAE",24.4672,54.6031,"3"
24,1,9,20,918,22525,1,19,"8","8",8,8,55,"+1:12.045","6014664","51","3","1:45.552","189.427",2014,19,"Abu Dhabi Grand Prix",2014-11-23,"13:00:00","vettel","5","VET","Sebastian","Vettel",1987-07-03,"German","red_bull","Red Bull","Austrian","Finished","yas_marina","Yas Marina Circuit","Abu Dhabi","UAE",24.4672,54.6031,"3"
24,11,210,154,1009,24191,8,7,"9","9",9,2,54,"\N","\N","54","11","1:43.195","193.753",2018,21,"Abu Dhabi Grand Prix",2018-11-25,"13:10:00","grosjean","8","GRO","Romain","Grosjean",1986-04-17,"French","haas","Haas F1 Team","American","+1 Lap","yas_marina","Yas Marina Circuit","Abu Dhabi","UAE",24.4672,54.6031,"3"
24,1,210,821,968,23368,21,13,"12","12",12,0,55,"+1:35.113","5979126","45","12","1:45.928","188.754",2016,21,"Abu Dhabi Grand Prix",2016-11-27,"13:00:00","gutierrez","21","GUT","Esteban","Gutiérrez",1991-08-05,"Mexican","haas","Haas F1 Team","American","Finished","yas_marina","Yas Marina Circuit","Abu Dhabi","UAE",24.4672,54.6031,"3"
24,23,211,840,1030,24625,18,12,"\N","R",20,0,45,"\N","\N","25","17","1:43.326","193.507",2019,21,"Abu Dhabi Grand Prix",2019-12-01,"13:10:00","stroll","18","STR","Lance","Stroll",1998-10-29,"Canadian","racing_point","Racing Point","British","Brakes","yas_marina","Yas Marina Circuit","Abu Dhabi","UAE",24.4672,54.6031,"3"
24,11,5,153,858,21198,19,15,"15","15",15,0,54,"\N","\N","47","8","1:44.093","192.082",2011,18,"Abu Dhabi Grand Prix",2011-11-13,"13:00:00","alguersuari","\N","ALG","Jaime","Alguersuari",1990-03-23,"Spanish","toro_rosso","Toro Rosso","Italian","+1 Lap","yas_marina","Yas Marina Circuit","Abu Dhabi","UAE",24.4672,54.6031,"3"
24,12,205,15,858,21201,21,18,"18","18",18,0,53,"\N","\N","36","19","1:47.444","186.091",2011,18,"Abu Dhabi Grand Prix",2011-11-13,"13:00:00","trulli","\N","TRU","Jarno","Trulli",1974-07-13,"Italian","lotus_racing","Lotus","Malaysian","+2 Laps","yas_marina","Yas Marina Circuit","Abu Dhabi","UAE",24.4672,54.6031,"3"
24,11,208,154,918,22530,8,18,"13","13",13,0,54,"\N","\N","35","17","1:47.897","185.310",2014,19,"Abu Dhabi Grand Prix",2014-11-23,"13:00:00","grosjean","8","GRO","Romain","Grosjean",1986-04-17,"French","lotus_f1","Lotus F1","British","+1 Lap","yas_marina","Yas Marina Circuit","Abu Dhabi","UAE",24.4672,54.6031,"3"
24,11,4,811,858,21199,9,14,"16","16",16,0,54,"\N","\N","32","16","1:46.150","188.359",2011,18,"Abu Dhabi Grand Prix",2011-11-13,"13:00:00","bruno_senna","\N","SEN","Bruno","Senna",1983-10-15,"Brazilian","renault","Renault","French","+1 Lap","yas_marina","Yas Marina Circuit","Abu Dhabi","UAE",24.4672,54.6031,"3"
24,1,213,842,1047,24953,10,9,"8","8",8,4,55,"+1:29.718","5878363","53","15","1:42.474","195.116",2020,17,"Abu Dhabi Grand Prix",2020-12-13,"13:10:00","gasly","10","GAS","Pierre","Gasly",1996-02-07,"French","alphatauri","AlphaTauri","Italian","Finished","yas_marina","Yas Marina Circuit","Abu Dhabi","UAE",24.4672,54.6031,"3"
24,1,131,822,988,23762,77,1,"1","1",1,25,55,"1:34:14.062","5654062","52","1","1:40.650","198.652",2017,20,"Abu Dhabi Grand Prix",2017-11-26,"13:00:00","bottas","77","BOT","Valtteri","Bottas",1989-08-28,"Finnish","mercedes","Mercedes","German","Finished","yas_marina","Yas Marina Circuit","Abu Dhabi","UAE",24.4672,54.6031,"3"
24,1,131,1,1073,25387,44,2,"2","2",2,18,58,"+2.256","5419601","43","3","1:26.615","219.495",2021,22,"Abu Dhabi Grand Prix",2021-12-12,"13:00:00","hamilton","44","HAM","Lewis","Hamilton",1985-01-07,"British","mercedes","Mercedes","German","Finished","yas_marina","Yas Marina Circuit","Abu Dhabi","UAE",24.4672,54.6031,"3"
24,11,117,840,1073,25398,18,13,"13","13",13,0,57,"\N","\N","48","13","1:28.567","214.657",2021,22,"Abu Dhabi Grand Prix",2021-12-12,"13:00:00","stroll","18","STR","Lance","Stroll",1998-10-29,"Canadian","aston_martin","Aston Martin","British","+1 Lap","yas_marina","Yas Marina Circuit","Abu Dhabi","UAE",24.4672,54.6031,"3"
24,1,9,817,918,22521,3,20,"4","4",4,24,55,"+37.237","5979856","50","1","1:44.496","191.341",2014,19,"Abu Dhabi Grand Prix",2014-11-23,"13:00:00","ricciardo","3","RIC","Daniel","Ricciardo",1989-07-01,"Australian","red_bull","Red Bull","Austrian","Finished","yas_marina","Yas Marina Circuit","Abu Dhabi","UAE",24.4672,54.6031,"3"
24,6,5,826,968,23375,26,17,"\N","R",19,0,14,"\N","\N","13","21","1:48.752","183.853",2016,21,"Abu Dhabi Grand Prix",2016-11-27,"13:00:00","kvyat","26","KVY","Daniil","Kvyat",1994-04-26,"Russian","toro_rosso","Toro Rosso","Italian","Gearbox","yas_marina","Yas Marina Circuit","Abu Dhabi","UAE",24.4672,54.6031,"3"
24,1,6,13,897,22071,4,7,"8","8",8,4,55,"+1:22.886","5968992","52","9","1:45.447","189.615",2013,17,"Abu Dhabi Grand Prix",2013-11-03,"13:00:00","massa","19","MAS","Felipe","Massa",1981-04-25,"Brazilian","ferrari","Ferrari","Italian","Finished","yas_marina","Yas Marina Circuit","Abu Dhabi","UAE",24.4672,54.6031,"3"
24,11,1,838,988,23773,2,13,"12","12",12,0,54,"\N","\N","50","20","1:43.986","192.279",2017,20,"Abu Dhabi Grand Prix",2017-11-26,"13:00:00","vandoorne","2","VAN","Stoffel","Vandoorne",1992-03-26,"Belgian","mclaren","McLaren","British","+1 Lap","yas_marina","Yas Marina Circuit","Abu Dhabi","UAE",24.4672,54.6031,"3"
24,11,209,839,968,23369,31,20,"13","13",13,0,54,"\N","\N","46","15","1:46.189","188.290",2016,21,"Abu Dhabi Grand Prix",2016-11-27,"13:00:00","ocon","31","OCO","Esteban","Ocon",1996-09-17,"French","manor","Manor Marussia","British","+1 Lap","yas_marina","Yas Marina Circuit","Abu Dhabi","UAE",24.4672,54.6031,"3"
24,1,164,37,877,21656,22,22,"17","17",17,0,55,"+71.778","6430445","47","20","1:48.619","184.078",2012,18,"Abu Dhabi Grand Prix",2012-11-04,"13:00:00","rosa","\N","DLR","Pedro","de la Rosa",1971-02-24,"Spanish","hrt","HRT","Spanish","Finished","yas_marina","Yas Marina Circuit","Abu Dhabi","UAE",24.4672,54.6031,"3"
24,1,131,1,1047,24948,44,3,"3","3",3,15,55,"+18.415","5807060","37","5","1:41.420","197.144",2020,17,"Abu Dhabi Grand Prix",2020-12-13,"13:10:00","hamilton","44","HAM","Lewis","Hamilton",1985-01-07,"British","mercedes","Mercedes","German","Finished","yas_marina","Yas Marina Circuit","Abu Dhabi","UAE",24.4672,54.6031,"3"
24,11,210,825,1009,24192,20,13,"10","10",10,1,54,"\N","\N","53","9","1:42.822","194.456",2018,21,"Abu Dhabi Grand Prix",2018-11-25,"13:10:00","kevin_magnussen","20","MAG","Kevin","Magnussen",1992-10-05,"Danish","haas","Haas F1 Team","American","+1 Lap","yas_marina","Yas Marina Circuit","Abu Dhabi","UAE",24.4672,54.6031,"3"
24,12,206,820,897,22084,23,20,"21","21",21,0,53,"\N","\N","52","21","1:47.707","185.636",2013,17,"Abu Dhabi Grand Prix",2013-11-03,"13:00:00","chilton","4","CHI","Max","Chilton",1991-04-21,"British","marussia","Marussia","Russian","+2 Laps","yas_marina","Yas Marina Circuit","Abu Dhabi","UAE",24.4672,54.6031,"3"
24,22,4,825,968,23378,20,18,"\N","R",22,0,5,"\N","\N","4","20","1:48.601","184.108",2016,21,"Abu Dhabi Grand Prix",2016-11-27,"13:00:00","kevin_magnussen","20","MAG","Kevin","Magnussen",1992-10-05,"Danish","renault","Renault","French","Suspension","yas_marina","Yas Marina Circuit","Abu Dhabi","UAE",24.4672,54.6031,"3"
24,1,1,18,858,21186,4,3,"3","3",3,15,55,"+25.881","5857767","51","2","1:43.154","193.830",2011,18,"Abu Dhabi Grand Prix",2011-11-13,"13:00:00","button","22","BUT","Jenson","Button",1980-01-19,"British","mclaren","McLaren","British","Finished","yas_marina","Yas Marina Circuit","Abu Dhabi","UAE",24.4672,54.6031,"3"
24,11,15,828,968,23371,9,22,"15","15",15,0,54,"\N","\N","40","16","1:46.216","188.242",2016,21,"Abu Dhabi Grand Prix",2016-11-27,"13:00:00","ericsson","9","ERI","Marcus","Ericsson",1990-09-02,"Swedish","sauber","Sauber","Swiss","+1 Lap","yas_marina","Yas Marina Circuit","Abu Dhabi","UAE",24.4672,54.6031,"3"
24,9,5,67,858,21205,18,13,"\N","R",22,0,19,"\N","\N","17","18","1:47.094","186.699",2011,18,"Abu Dhabi Grand Prix",2011-11-13,"13:00:00","buemi","\N","BUE","Sébastien","Buemi",1988-10-31,"Swiss","toro_rosso","Toro Rosso","Italian","Hydraulics","yas_marina","Yas Marina Circuit","Abu Dhabi","UAE",24.4672,54.6031,"3"
24,1,9,826,945,22906,26,9,"10","10",10,1,55,"+1:42.371","6012546","27","13","1:46.882","187.069",2015,19,"Abu Dhabi Grand Prix",2015-11-29,"13:00:00","kvyat","26","KVY","Daniil","Kvyat",1994-04-26,"Russian","red_bull","Red Bull","Austrian","Finished","yas_marina","Yas Marina Circuit","Abu Dhabi","UAE",24.4672,54.6031,"3"
24,1,15,844,1009,24189,16,8,"7","7",7,6,55,"+1:30.789","6071171","54","10","1:42.876","194.354",2018,21,"Abu Dhabi Grand Prix",2018-11-25,"13:10:00","leclerc","16","LEC","Charles","Leclerc",1997-10-16,"Monegasque","sauber","Sauber","Swiss","Finished","yas_marina","Yas Marina Circuit","Abu Dhabi","UAE",24.4672,54.6031,"3"
24,11,1,838,1009,24196,2,18,"14","14",14,0,54,"\N","\N","53","12","1:43.249","193.652",2018,21,"Abu Dhabi Grand Prix",2018-11-25,"13:10:00","vandoorne","2","VAN","Stoffel","Vandoorne",1992-03-26,"Belgian","mclaren","McLaren","British","+1 Lap","yas_marina","Yas Marina Circuit","Abu Dhabi","UAE",24.4672,54.6031,"3"
24,11,207,819,897,22082,20,19,"19","19",19,0,54,"\N","\N","50","18","1:46.432","187.860",2013,17,"Abu Dhabi Grand Prix",2013-11-03,"13:00:00","pic","\N","PIC","Charles","Pic",1990-02-15,"French","caterham","Caterham","Malaysian","+1 Lap","yas_marina","Yas Marina Circuit","Abu Dhabi","UAE",24.4672,54.6031,"3"
24,29,9,20,858,21207,1,1,"\N","R",24,0,1,"\N","\N","\N","0","\N","\N",2011,18,"Abu Dhabi Grand Prix",2011-11-13,"13:00:00","vettel","5","VET","Sebastian","Vettel",1987-07-03,"German","red_bull","Red Bull","Austrian","Puncture","yas_marina","Yas Marina Circuit","Abu Dhabi","UAE",24.4672,54.6031,"3"
24,1,213,842,1073,25390,10,12,"5","5",5,10,58,"+6.531","5423876","49","6","1:27.342","217.668",2021,22,"Abu Dhabi Grand Prix",2021-12-12,"13:00:00","gasly","10","GAS","Pierre","Gasly",1996-02-07,"French","alphatauri","AlphaTauri","Italian","Finished","yas_marina","Yas Marina Circuit","Abu Dhabi","UAE",24.4672,54.6031,"3"
24,23,51,8,1073,25404,7,18,"\N","R",19,0,25,"\N","\N","23","18","1:29.698","211.951",2021,22,"Abu Dhabi Grand Prix",2021-12-12,"13:00:00","raikkonen","7","RAI","Kimi","Räikkönen",1979-10-17,"Finnish","alfa","Alfa Romeo","Swiss","Brakes","yas_marina","Yas Marina Circuit","Abu Dhabi","UAE",24.4672,54.6031,"3"
24,1,131,822,1073,25391,77,6,"6","6",6,8,58,"+7.463","5424808","51","5","1:26.862","218.871",2021,22,"Abu Dhabi Grand Prix",2021-12-12,"13:00:00","bottas","77","BOT","Valtteri","Bottas",1989-08-28,"Finnish","mercedes","Mercedes","German","Finished","yas_marina","Yas Marina Circuit","Abu Dhabi","UAE",24.4672,54.6031,"3"
24,5,9,815,1073,25400,11,4,"15","15",15,0,55,"\N","\N","51","2","1:26.419","219.993",2021,22,"Abu Dhabi Grand Prix",2021-12-12,"13:00:00","perez","11","PER","Sergio","Pérez",1990-01-26,"Mexican","red_bull","Red Bull","Austrian","Engine","yas_marina","Yas Marina Circuit","Abu Dhabi","UAE",24.4672,54.6031,"3"
24,1,208,154,897,22067,8,6,"4","4",4,12,55,"+34.802","5920908","54","3","1:44.301","191.699",2013,17,"Abu Dhabi Grand Prix",2013-11-03,"13:00:00","grosjean","8","GRO","Romain","Grosjean",1986-04-17,"French","lotus_f1","Lotus F1","British","Finished","yas_marina","Yas Marina Circuit","Abu Dhabi","UAE",24.4672,54.6031,"3"
24,1,131,30,877,21650,7,13,"11","11",11,0,55,"+28.075","6386742","51","6","1:45.225","190.015",2012,18,"Abu Dhabi Grand Prix",2012-11-04,"13:00:00","michael_schumacher","\N","MSC","Michael","Schumacher",1969-01-03,"German","mercedes","Mercedes","German","Finished","yas_marina","Yas Marina Circuit","Abu Dhabi","UAE",24.4672,54.6031,"3"
24,11,3,822,897,22078,17,15,"15","15",15,0,54,"\N","\N","54","4","1:44.351","191.607",2013,17,"Abu Dhabi Grand Prix",2013-11-03,"13:00:00","bottas","77","BOT","Valtteri","Bottas",1989-08-28,"Finnish","williams","Williams","British","+1 Lap","yas_marina","Yas Marina Circuit","Abu Dhabi","UAE",24.4672,54.6031,"3"
24,1,1,846,1047,24950,4,4,"5","5",5,10,55,"+1:00.729","5849374","53","12","1:41.964","196.092",2020,17,"Abu Dhabi Grand Prix",2020-12-13,"13:10:00","norris","4","NOR","Lando","Norris",1999-11-13,"British","mclaren","McLaren","British","Finished","yas_marina","Yas Marina Circuit","Abu Dhabi","UAE",24.4672,54.6031,"3"
24,11,4,807,1030,24617,27,9,"12","12",12,0,54,"\N","\N","52","16","1:43.274","193.605",2019,21,"Abu Dhabi Grand Prix",2019-12-01,"13:10:00","hulkenberg","27","HUL","Nico","Hülkenberg",1987-08-19,"German","renault","Renault","French","+1 Lap","yas_marina","Yas Marina Circuit","Abu Dhabi","UAE",24.4672,54.6031,"3"
24,1,6,832,1073,25388,55,5,"3","3",3,15,58,"+5.173","5422518","51","9","1:27.618","216.982",2021,22,"Abu Dhabi Grand Prix",2021-12-12,"13:00:00","sainz","55","SAI","Carlos","Sainz",1994-09-01,"Spanish","ferrari","Ferrari","Italian","Finished","yas_marina","Yas Marina Circuit","Abu Dhabi","UAE",24.4672,54.6031,"3"
24,1,131,822,1047,24947,77,2,"2","2",2,18,55,"+15.976","5804621","40","3","1:41.131","197.707",2020,17,"Abu Dhabi Grand Prix",2020-12-13,"13:10:00","bottas","77","BOT","Valtteri","Bottas",1989-08-28,"Finnish","mercedes","Mercedes","German","Finished","yas_marina","Yas Marina Circuit","Abu Dhabi","UAE",24.4672,54.6031,"3"
24,1,211,840,1047,24955,18,8,"10","10",10,1,55,"+1:42.738","5790314","41","9","1:41.866","196.281",2020,17,"Abu Dhabi Grand Prix",2020-12-13,"13:10:00","stroll","18","STR","Lance","Stroll",1998-10-29,"Canadian","racing_point","Racing Point","British","Finished","yas_marina","Yas Marina Circuit","Abu Dhabi","UAE",24.4672,54.6031,"3"
24,11,5,843,1009,24194,28,16,"12","12",12,0,54,"\N","\N","53","17","1:44.174","191.932",2018,21,"Abu Dhabi Grand Prix",2018-11-25,"13:10:00","brendon_hartley","28","HAR","Brendon","Hartley",1989-11-10,"New Zealander","toro_rosso","Toro Rosso","Italian","+1 Lap","yas_marina","Yas Marina Circuit","Abu Dhabi","UAE",24.4672,54.6031,"3"
24,1,10,815,918,22524,11,11,"7","7",7,12,55,"+1:11.060","6013679","49","8","1:45.808","188.968",2014,19,"Abu Dhabi Grand Prix",2014-11-23,"13:00:00","perez","11","PER","Sergio","Pérez",1990-01-26,"Mexican","force_india","Force India","Indian","Finished","yas_marina","Yas Marina Circuit","Abu Dhabi","UAE",24.4672,54.6031,"3"
24,11,210,154,1030,24620,8,15,"15","15",15,0,54,"\N","\N","33","18","1:43.666","192.873",2019,21,"Abu Dhabi Grand Prix",2019-12-01,"13:10:00","grosjean","8","GRO","Romain","Grosjean",1986-04-17,"French","haas","Haas F1 Team","American","+1 Lap","yas_marina","Yas Marina Circuit","Abu Dhabi","UAE",24.4672,54.6031,"3"
24,1,1,846,1073,25392,4,3,"7","7",7,6,58,"+59.200","5476545","58","4","1:26.762","219.123",2021,22,"Abu Dhabi Grand Prix",2021-12-12,"13:00:00","norris","4","NOR","Lando","Norris",1999-11-13,"British","mclaren","McLaren","British","Finished","yas_marina","Yas Marina Circuit","Abu Dhabi","UAE",24.4672,54.6031,"3"
24,1,10,807,918,22523,27,12,"6","6",6,16,55,"+1:02.148","6004767","47","7","1:45.777","189.024",2014,19,"Abu Dhabi Grand Prix",2014-11-23,"13:00:00","hulkenberg","27","HUL","Nico","Hülkenberg",1987-08-19,"German","force_india","Force India","Indian","Finished","yas_marina","Yas Marina Circuit","Abu Dhabi","UAE",24.4672,54.6031,"3"
24,11,15,836,988,23775,94,18,"14","14",14,0,54,"\N","\N","50","17","1:43.867","192.500",2017,20,"Abu Dhabi Grand Prix",2017-11-26,"13:00:00","wehrlein","94","WEH","Pascal","Wehrlein",1994-10-18,"German","sauber","Sauber","Swiss","+1 Lap","yas_marina","Yas Marina Circuit","Abu Dhabi","UAE",24.4672,54.6031,"3"
24,11,15,815,858,21194,17,11,"11","11",11,0,54,"\N","\N","41","12","1:44.566","191.213",2011,18,"Abu Dhabi Grand Prix",2011-11-13,"13:00:00","perez","11","PER","Sergio","Pérez",1990-01-26,"Mexican","sauber","Sauber","Swiss","+1 Lap","yas_marina","Yas Marina Circuit","Abu Dhabi","UAE",24.4672,54.6031,"3"
24,4,131,3,877,21662,8,7,"\N","R",23,0,7,"\N","\N","4","22","1:49.340","182.864",2012,18,"Abu Dhabi Grand Prix",2012-11-04,"13:00:00","rosberg","6","ROS","Nico","Rosberg",1985-06-27,"German","mercedes","Mercedes","German","Collision","yas_marina","Yas Marina Circuit","Abu Dhabi","UAE",24.4672,54.6031,"3"
24,1,208,154,945,22905,8,18,"9","9",9,2,55,"+1:38.201","6008376","47","7","1:45.859","188.877",2015,19,"Abu Dhabi Grand Prix",2015-11-29,"13:00:00","grosjean","8","GRO","Romain","Grosjean",1986-04-17,"French","lotus_f1","Lotus F1","British","Finished","yas_marina","Yas Marina Circuit","Abu Dhabi","UAE",24.4672,54.6031,"3"
24,1,3,813,877,21644,18,3,"5","5",5,10,55,"+13.007","6371674","55","5","1:44.833","190.726",2012,18,"Abu Dhabi Grand Prix",2012-11-04,"13:00:00","maldonado","13","MAL","Pastor","Maldonado",1985-03-09,"Venezuelan","williams","Williams","British","Finished","yas_marina","Yas Marina Circuit","Abu Dhabi","UAE",24.4672,54.6031,"3"
24,11,15,831,945,22911,12,14,"15","15",15,0,54,"\N","\N","46","10","1:46.424","187.874",2015,19,"Abu Dhabi Grand Prix",2015-11-29,"13:00:00","nasr","12","NAS","Felipe","Nasr",1992-08-21,"Brazilian","sauber","Sauber","Swiss","+1 Lap","yas_marina","Yas Marina Circuit","Abu Dhabi","UAE",24.4672,54.6031,"3"
24,1,6,20,968,23359,5,5,"3","3",3,15,55,"+0.843","5884856","43","1","1:43.729","192.756",2016,21,"Abu Dhabi Grand Prix",2016-11-27,"13:00:00","vettel","5","VET","Sebastian","Vettel",1987-07-03,"German","ferrari","Ferrari","Italian","Finished","yas_marina","Yas Marina Circuit","Abu Dhabi","UAE",24.4672,54.6031,"3"
24,11,3,849,1047,24962,6,18,"17","17",17,0,54,"\N","\N","49","16","1:42.497","195.073",2020,17,"Abu Dhabi Grand Prix",2020-12-13,"13:10:00","latifi","6","LAT","Nicholas","Latifi",1995-06-29,"Canadian","williams","Williams","British","+1 Lap","yas_marina","Yas Marina Circuit","Abu Dhabi","UAE",24.4672,54.6031,"3"
24,11,210,854,1073,25399,47,19,"14","14",14,0,57,"\N","\N","42","17","1:29.457","212.522",2021,22,"Abu Dhabi Grand Prix",2021-12-12,"13:00:00","mick_schumacher","47","MSC","Mick","Schumacher",1999-03-22,"German","haas","Haas F1 Team","American","+1 Lap","yas_marina","Yas Marina Circuit","Abu Dhabi","UAE",24.4672,54.6031,"3"
24,11,131,3,918,22531,6,1,"14","14",14,0,54,"\N","\N","17","11","1:46.869","187.092",2014,19,"Abu Dhabi Grand Prix",2014-11-23,"13:00:00","rosberg","6","ROS","Nico","Rosberg",1985-06-27,"German","mercedes","Mercedes","German","+1 Lap","yas_marina","Yas Marina Circuit","Abu Dhabi","UAE",24.4672,54.6031,"3"
24,4,10,807,877,21663,12,10,"\N","R",24,0,0,"\N","\N","\N","0","\N","\N",2012,18,"Abu Dhabi Grand Prix",2012-11-04,"13:00:00","hulkenberg","27","HUL","Nico","Hülkenberg",1987-08-19,"German","force_india","Force India","Indian","Collision","yas_marina","Yas Marina Circuit","Abu Dhabi","UAE",24.4672,54.6031,"3"
24,11,210,154,988,23772,8,16,"11","11",11,0,54,"\N","\N","51","9","1:42.437","195.187",2017,20,"Abu Dhabi Grand Prix",2017-11-26,"13:00:00","grosjean","8","GRO","Romain","Grosjean",1986-04-17,"French","haas","Haas F1 Team","American","+1 Lap","yas_marina","Yas Marina Circuit","Abu Dhabi","UAE",24.4672,54.6031,"3"
24,1,5,817,877,21649,16,16,"10","10",10,1,55,"+27.463","6386130","53","12","1:45.903","188.799",2012,18,"Abu Dhabi Grand Prix",2012-11-04,"13:00:00","ricciardo","3","RIC","Daniel","Ricciardo",1989-07-01,"Australian","toro_rosso","Toro Rosso","Italian","Finished","yas_marina","Yas Marina Circuit","Abu Dhabi","UAE",24.4672,54.6031,"3"
24,12,206,824,897,22083,22,21,"20","20",20,0,53,"\N","\N","52","20","1:47.619","185.788",2013,17,"Abu Dhabi Grand Prix",2013-11-03,"13:00:00","jules_bianchi","17","BIA","Jules","Bianchi",1989-08-03,"French","marussia","Marussia","Russian","+2 Laps","yas_marina","Yas Marina Circuit","Abu Dhabi","UAE",24.4672,54.6031,"3"
24,11,5,842,988,23777,10,17,"16","16",16,0,54,"\N","\N","33","16","1:43.844","192.542",2017,20,"Abu Dhabi Grand Prix",2017-11-26,"13:00:00","gasly","10","GAS","Pierre","Gasly",1996-02-07,"French","toro_rosso","Toro Rosso","Italian","+1 Lap","yas_marina","Yas Marina Circuit","Abu Dhabi","UAE",24.4672,54.6031,"3"
24,5,10,839,1009,24199,31,9,"\N","R",17,0,44,"\N","\N","41","13","1:43.591","193.012",2018,21,"Abu Dhabi Grand Prix",2018-11-25,"13:10:00","ocon","31","OCO","Esteban","Ocon",1996-09-17,"French","force_india","Force India","Indian","Engine","yas_marina","Yas Marina Circuit","Abu Dhabi","UAE",24.4672,54.6031,"3"
24,11,6,20,1047,24959,5,13,"14","14",14,0,54,"\N","\N","37","6","1:41.475","197.037",2020,17,"Abu Dhabi Grand Prix",2020-12-13,"13:10:00","vettel","5","VET","Sebastian","Vettel",1987-07-03,"German","ferrari","Ferrari","Italian","+1 Lap","yas_marina","Yas Marina Circuit","Abu Dhabi","UAE",24.4672,54.6031,"3"
24,11,15,831,968,23372,12,19,"16","16",16,0,54,"\N","\N","44","17","1:46.287","188.117",2016,21,"Abu Dhabi Grand Prix",2016-11-27,"13:00:00","nasr","12","NAS","Felipe","Nasr",1992-08-21,"Brazilian","sauber","Sauber","Swiss","+1 Lap","yas_marina","Yas Marina Circuit","Abu Dhabi","UAE",24.4672,54.6031,"3"
24,11,4,808,858,21196,10,12,"13","13",13,0,54,"\N","\N","52","5","1:43.673","192.860",2011,18,"Abu Dhabi Grand Prix",2011-11-13,"13:00:00","petrov","\N","PET","Vitaly","Petrov",1984-09-08,"Russian","renault","Renault","French","+1 Lap","yas_marina","Yas Marina Circuit","Abu Dhabi","UAE",24.4672,54.6031,"3"
24,11,1,18,945,22908,22,12,"12","12",12,0,54,"\N","\N","29","17","1:47.509","185.978",2015,19,"Abu Dhabi Grand Prix",2015-11-29,"13:00:00","button","22","BUT","Jenson","Button",1980-01-19,"British","mclaren","McLaren","British","+1 Lap","yas_marina","Yas Marina Circuit","Abu Dhabi","UAE",24.4672,54.6031,"3"
24,75,15,828,1009,24200,9,12,"\N","R",18,0,24,"\N","\N","22","19","1:46.077","188.489",2018,21,"Abu Dhabi Grand Prix",2018-11-25,"13:10:00","ericsson","9","ERI","Marcus","Ericsson",1990-09-02,"Swedish","sauber","Sauber","Swiss","Power loss","yas_marina","Yas Marina Circuit","Abu Dhabi","UAE",24.4672,54.6031,"3"
24,11,3,847,1047,24960,63,16,"15","15",15,0,54,"\N","\N","54","20","1:43.328","193.504",2020,17,"Abu Dhabi Grand Prix",2020-12-13,"13:10:00","russell","63","RUS","George","Russell",1998-02-15,"British","williams","Williams","British","+1 Lap","yas_marina","Yas Marina Circuit","Abu Dhabi","UAE",24.4672,54.6031,"3"
24,11,1,4,988,23770,14,11,"9","9",9,2,54,"\N","\N","26","4","1:43.378","193.410",2017,20,"Abu Dhabi Grand Prix",2017-11-26,"13:00:00","alonso","14","ALO","Fernando","Alonso",1981-07-29,"Spanish","mclaren","McLaren","British","+1 Lap","yas_marina","Yas Marina Circuit","Abu Dhabi","UAE",24.4672,54.6031,"3"
24,1,10,807,968,23363,27,7,"7","7",7,6,55,"+50.114","5934127","31","13","1:45.949","188.717",2016,21,"Abu Dhabi Grand Prix",2016-11-27,"13:00:00","hulkenberg","27","HUL","Nico","Hülkenberg",1987-08-19,"German","force_india","Force India","Indian","Finished","yas_marina","Yas Marina Circuit","Abu Dhabi","UAE",24.4672,54.6031,"3"
24,1,131,1,968,23357,44,1,"1","1",1,25,55,"1:38:04.013","5884013","37","5","1:45.137","190.174",2016,21,"Abu Dhabi Grand Prix",2016-11-27,"13:00:00","hamilton","44","HAM","Lewis","Hamilton",1985-01-07,"British","mercedes","Mercedes","German","Finished","yas_marina","Yas Marina Circuit","Abu Dhabi","UAE",24.4672,54.6031,"3"
24,11,5,817,897,22079,19,9,"16","16",16,0,54,"\N","\N","46","16","1:46.042","188.551",2013,17,"Abu Dhabi Grand Prix",2013-11-03,"13:00:00","ricciardo","3","RIC","Daniel","Ricciardo",1989-07-01,"Australian","toro_rosso","Toro Rosso","Italian","+1 Lap","yas_marina","Yas Marina Circuit","Abu Dhabi","UAE",24.4672,54.6031,"3"
24,10,1,1,877,21660,4,1,"\N","R",21,0,19,"\N","\N","19","16","1:47.266","186.400",2012,18,"Abu Dhabi Grand Prix",2012-11-04,"13:00:00","hamilton","44","HAM","Lewis","Hamilton",1985-01-07,"British","mclaren","McLaren","British","Electrical","yas_marina","Yas Marina Circuit","Abu Dhabi","UAE",24.4672,54.6031,"3"
24,1,1,18,877,21643,3,5,"4","4",4,12,55,"+7.787","6366454","50","4","1:44.533","191.273",2012,18,"Abu Dhabi Grand Prix",2012-11-04,"13:00:00","button","22","BUT","Jenson","Button",1980-01-19,"British","mclaren","McLaren","British","Finished","yas_marina","Yas Marina Circuit","Abu Dhabi","UAE",24.4672,54.6031,"3"
24,11,205,5,858,21200,20,17,"17","17",17,0,54,"\N","\N","50","17","1:46.610","187.547",2011,18,"Abu Dhabi Grand Prix",2011-11-13,"13:00:00","kovalainen","\N","KOV","Heikki","Kovalainen",1981-10-19,"Finnish","lotus_racing","Lotus","Malaysian","+1 Lap","yas_marina","Yas Marina Circuit","Abu Dhabi","UAE",24.4672,54.6031,"3"
24,1,208,8,877,21640,9,4,"1","1",1,25,55,"1:45:58.667","6358667","50","3","1:44.458","191.410",2012,18,"Abu Dhabi Grand Prix",2012-11-04,"13:00:00","raikkonen","7","RAI","Kimi","Räikkönen",1979-10-17,"Finnish","lotus_f1","Lotus F1","British","Finished","yas_marina","Yas Marina Circuit","Abu Dhabi","UAE",24.4672,54.6031,"3"
24,11,5,830,945,22912,33,11,"16","16",16,0,54,"\N","\N","40","6","1:45.746","189.079",2015,19,"Abu Dhabi Grand Prix",2015-11-29,"13:00:00","max_verstappen","33","VER","Max","Verstappen",1997-09-30,"Dutch","toro_rosso","Toro Rosso","Italian","+1 Lap","yas_marina","Yas Marina Circuit","Abu Dhabi","UAE",24.4672,54.6031,"3"
24,11,210,825,988,23774,20,14,"13","13",13,0,54,"\N","\N","50","19","1:43.928","192.387",2017,20,"Abu Dhabi Grand Prix",2017-11-26,"13:00:00","kevin_magnussen","20","MAG","Kevin","Magnussen",1992-10-05,"Danish","haas","Haas F1 Team","American","+1 Lap","yas_marina","Yas Marina Circuit","Abu Dhabi","UAE",24.4672,54.6031,"3"
24,1,131,822,1030,24609,77,20,"4","4",4,12,55,"+44.379","5690094","31","2","1:39.715","200.515",2019,21,"Abu Dhabi Grand Prix",2019-12-01,"13:10:00","bottas","77","BOT","Valtteri","Bottas",1989-08-28,"Finnish","mercedes","Mercedes","German","Finished","yas_marina","Yas Marina Circuit","Abu Dhabi","UAE",24.4672,54.6031,"3"
24,1,6,4,858,21185,5,5,"2","2",2,18,55,"+8.457","5840343","41","6","1:43.914","192.412",2011,18,"Abu Dhabi Grand Prix",2011-11-13,"13:00:00","alonso","14","ALO","Fernando","Alonso",1981-07-29,"Spanish","ferrari","Ferrari","Italian","Finished","yas_marina","Yas Marina Circuit","Abu Dhabi","UAE",24.4672,54.6031,"3"
24,3,208,8,897,22085,7,22,"\N","R",22,0,0,"\N","\N","\N","0","\N","\N",2013,17,"Abu Dhabi Grand Prix",2013-11-03,"13:00:00","raikkonen","7","RAI","Kimi","Räikkönen",1979-10-17,"Finnish","lotus_f1","Lotus F1","British","Accident","yas_marina","Yas Marina Circuit","Abu Dhabi","UAE",24.4672,54.6031,"3"
24,23,166,816,858,21206,25,21,"\N","R",23,0,18,"\N","\N","16","23","1:51.196","179.812",2011,18,"Abu Dhabi Grand Prix",2011-11-13,"13:00:00","ambrosio","\N","DAM","Jérôme","d'Ambrosio",1985-12-27,"Belgian","virgin","Virgin","British","Brakes","yas_marina","Yas Marina Circuit","Abu Dhabi","UAE",24.4672,54.6031,"3"
24,12,210,850,1047,24964,51,17,"19","19",19,0,53,"\N","\N","50","8","1:41.707","196.588",2020,17,"Abu Dhabi Grand Prix",2020-12-13,"13:10:00","pietro_fittipaldi","51","FIT","Pietro","Fittipaldi",1996-06-25,"Brazilian","haas","Haas F1 Team","American","+2 Laps","yas_marina","Yas Marina Circuit","Abu Dhabi","UAE",24.4672,54.6031,"3"
24,1,1,832,1047,24951,55,6,"6","6",6,8,55,"+1:05.662","5854307","48","11","1:41.947","196.125",2020,17,"Abu Dhabi Grand Prix",2020-12-13,"13:10:00","sainz","55","SAI","Carlos","Sainz",1994-09-01,"Spanish","mclaren","McLaren","British","Finished","yas_marina","Yas Marina Circuit","Abu Dhabi","UAE",24.4672,54.6031,"3"
24,11,1,846,1030,24613,4,6,"8","8",8,4,54,"\N","\N","50","12","1:43.026","194.071",2019,21,"Abu Dhabi Grand Prix",2019-12-01,"13:10:00","norris","4","NOR","Lando","Norris",1999-11-13,"British","mclaren","McLaren","British","+1 Lap","yas_marina","Yas Marina Circuit","Abu Dhabi","UAE",24.4672,54.6031,"3"
24,1,210,154,968,23367,8,14,"11","11",11,0,55,"+1:16.777","5960790","45","4","1:44.970","190.477",2016,21,"Abu Dhabi Grand Prix",2016-11-27,"13:00:00","grosjean","8","GRO","Romain","Grosjean",1986-04-17,"French","haas","Haas F1 Team","American","Finished","yas_marina","Yas Marina Circuit","Abu Dhabi","UAE",24.4672,54.6031,"3"
24,1,6,20,1009,24184,5,3,"2","2",2,18,55,"+2.581","5982963","54","1","1:40.867","198.225",2018,21,"Abu Dhabi Grand Prix",2018-11-25,"13:10:00","vettel","5","VET","Sebastian","Vettel",1987-07-03,"German","ferrari","Ferrari","Italian","Finished","yas_marina","Yas Marina Circuit","Abu Dhabi","UAE",24.4672,54.6031,"3"
24,13,209,833,945,22915,98,20,"19","19",19,0,52,"\N","\N","26","19","1:51.213","179.784",2015,19,"Abu Dhabi Grand Prix",2015-11-29,"13:00:00","merhi","98","MER","Roberto","Merhi",1991-03-22,"Spanish","manor","Manor Marussia","British","+3 Laps","yas_marina","Yas Marina Circuit","Abu Dhabi","UAE",24.4672,54.6031,"3"
24,75,6,8,1009,24201,7,4,"\N","R",19,0,6,"\N","\N","5","18","1:45.198","190.064",2018,21,"Abu Dhabi Grand Prix",2018-11-25,"13:10:00","raikkonen","7","RAI","Kimi","Räikkönen",1979-10-17,"Finnish","ferrari","Ferrari","Italian","Power loss","yas_marina","Yas Marina Circuit","Abu Dhabi","UAE",24.4672,54.6031,"3"
24,7,211,815,1047,24965,11,19,"\N","R",20,0,8,"\N","\N","6","19","1:43.263","193.625",2020,17,"Abu Dhabi Grand Prix",2020-12-13,"13:10:00","perez","11","PER","Sergio","Pérez",1990-01-26,"Mexican","racing_point","Racing Point","British","Transmission","yas_marina","Yas Marina Circuit","Abu Dhabi","UAE",24.4672,54.6031,"3"
24,1,10,815,945,22901,11,4,"5","5",5,10,55,"+1:03.952","5974127","30","8","1:45.892","188.818",2015,19,"Abu Dhabi Grand Prix",2015-11-29,"13:00:00","perez","11","PER","Sergio","Pérez",1990-01-26,"Mexican","force_india","Force India","Indian","Finished","yas_marina","Yas Marina Circuit","Abu Dhabi","UAE",24.4672,54.6031,"3"
24,11,209,836,968,23370,94,16,"14","14",14,0,54,"\N","\N","26","14","1:46.145","188.368",2016,21,"Abu Dhabi Grand Prix",2016-11-27,"13:00:00","wehrlein","94","WEH","Pascal","Wehrlein",1994-10-18,"German","manor","Manor Marussia","British","+1 Lap","yas_marina","Yas Marina Circuit","Abu Dhabi","UAE",24.4672,54.6031,"3"
24,1,131,30,858,21190,7,8,"7","7",7,6,55,"+1:15.964","5907850","48","15","1:44.916","190.575",2011,18,"Abu Dhabi Grand Prix",2011-11-13,"13:00:00","michael_schumacher","\N","MSC","Michael","Schumacher",1969-01-03,"German","mercedes","Mercedes","German","Finished","yas_marina","Yas Marina Circuit","Abu Dhabi","UAE",24.4672,54.6031,"3"
24,1,214,839,1073,25394,31,9,"9","9",9,2,58,"+1:04.026","5481371","58","10","1:28.249","215.431",2021,22,"Abu Dhabi Grand Prix",2021-12-12,"13:00:00","ocon","31","OCO","Esteban","Ocon",1996-09-17,"French","alpine","Alpine F1 Team","French","Finished","yas_marina","Yas Marina Circuit","Abu Dhabi","UAE",24.4672,54.6031,"3"
24,1,5,832,945,22907,55,10,"11","11",11,0,55,"+1:43.525","6013700","38","15","1:46.998","186.867",2015,19,"Abu Dhabi Grand Prix",2015-11-29,"13:00:00","sainz","55","SAI","Carlos","Sainz",1994-09-01,"Spanish","toro_rosso","Toro Rosso","Italian","Finished","yas_marina","Yas Marina Circuit","Abu Dhabi","UAE",24.4672,54.6031,"3"
24,11,15,807,897,22077,11,5,"14","14",14,0,54,"\N","\N","52","12","1:45.570","189.394",2013,17,"Abu Dhabi Grand Prix",2013-11-03,"13:00:00","hulkenberg","27","HUL","Nico","Hülkenberg",1987-08-19,"German","sauber","Sauber","Swiss","+1 Lap","yas_marina","Yas Marina Circuit","Abu Dhabi","UAE",24.4672,54.6031,"3"
24,1,206,10,877,21653,24,21,"14","14",14,0,55,"+56.473","6415140","54","18","1:47.661","185.716",2012,18,"Abu Dhabi Grand Prix",2012-11-04,"13:00:00","glock","\N","GLO","Timo","Glock",1982-03-18,"German","marussia","Marussia","Russian","Finished","yas_marina","Yas Marina Circuit","Abu Dhabi","UAE",24.4672,54.6031,"3"
24,1,131,3,968,23358,6,2,"2","2",2,18,55,"+0.439","5884452","33","9","1:45.261","189.950",2016,21,"Abu Dhabi Grand Prix",2016-11-27,"13:00:00","rosberg","6","ROS","Nico","Rosberg",1985-06-27,"German","mercedes","Mercedes","German","Finished","yas_marina","Yas Marina Circuit","Abu Dhabi","UAE",24.4672,54.6031,"3"
24,1,4,807,988,23767,27,7,"6","6",6,8,55,"+1:25.713","5739775","53","8","1:42.376","195.303",2017,20,"Abu Dhabi Grand Prix",2017-11-26,"13:00:00","hulkenberg","27","HUL","Nico","Hülkenberg",1987-08-19,"German","renault","Renault","French","Finished","yas_marina","Yas Marina Circuit","Abu Dhabi","UAE",24.4672,54.6031,"3"
24,12,209,829,945,22914,28,19,"18","18",18,0,53,"\N","\N","53","18","1:49.610","182.414",2015,19,"Abu Dhabi Grand Prix",2015-11-29,"13:00:00","stevens","28","STE","Will","Stevens",1991-06-28,"British","manor","Manor Marussia","British","+2 Laps","yas_marina","Yas Marina Circuit","Abu Dhabi","UAE",24.4672,54.6031,"3"
24,11,51,841,1030,24621,99,16,"16","16",16,0,54,"\N","\N","28","15","1:43.256","193.639",2019,21,"Abu Dhabi Grand Prix",2019-12-01,"13:10:00","giovinazzi","99","GIO","Antonio","Giovinazzi",1993-12-14,"Italian","alfa","Alfa Romeo","Swiss","+1 Lap","yas_marina","Yas Marina Circuit","Abu Dhabi","UAE",24.4672,54.6031,"3"
24,11,3,840,1009,24195,18,20,"13","13",13,0,54,"\N","\N","53","16","1:44.033","192.192",2018,21,"Abu Dhabi Grand Prix",2018-11-25,"13:10:00","stroll","18","STR","Lance","Stroll",1998-10-29,"Canadian","williams","Williams","British","+1 Lap","yas_marina","Yas Marina Circuit","Abu Dhabi","UAE",24.4672,54.6031,"3"
24,5,5,842,1009,24198,10,17,"\N","R",16,0,46,"\N","\N","42","15","1:43.988","192.276",2018,21,"Abu Dhabi Grand Prix",2018-11-25,"13:10:00","gasly","10","GAS","Pierre","Gasly",1996-02-07,"French","toro_rosso","Toro Rosso","Italian","Engine","yas_marina","Yas Marina Circuit","Abu Dhabi","UAE",24.4672,54.6031,"3"
24,11,210,825,1030,24619,20,14,"14","14",14,0,54,"\N","\N","22","19","1:43.790","192.642",2019,21,"Abu Dhabi Grand Prix",2019-12-01,"13:10:00","kevin_magnussen","20","MAG","Kevin","Magnussen",1992-10-05,"Danish","haas","Haas F1 Team","American","+1 Lap","yas_marina","Yas Marina Circuit","Abu Dhabi","UAE",24.4672,54.6031,"3"
24,1,6,8,988,23765,7,5,"4","4",4,12,55,"+45.386","5699448","53","7","1:42.338","195.376",2017,20,"Abu Dhabi Grand Prix",2017-11-26,"13:00:00","raikkonen","7","RAI","Kimi","Räikkönen",1979-10-17,"Finnish","ferrari","Ferrari","Italian","Finished","yas_marina","Yas Marina Circuit","Abu Dhabi","UAE",24.4672,54.6031,"3"
24,1,15,155,877,21645,14,15,"6","6",6,8,55,"+20.076","6378743","55","8","1:45.423","189.658",2012,18,"Abu Dhabi Grand Prix",2012-11-04,"13:00:00","kobayashi","10","KOB","Kamui","Kobayashi",1986-09-13,"Japanese","sauber","Sauber","Swiss","Finished","yas_marina","Yas Marina Circuit","Abu Dhabi","UAE",24.4672,54.6031,"3"
24,1,117,20,1073,25396,5,15,"11","11",11,0,58,"+1:07.527","5484872","58","11","1:28.303","215.299",2021,22,"Abu Dhabi Grand Prix",2021-12-12,"13:00:00","vettel","5","VET","Sebastian","Vettel",1987-07-03,"German","aston_martin","Aston Martin","British","Finished","yas_marina","Yas Marina Circuit","Abu Dhabi","UAE",24.4672,54.6031,"3"
24,11,15,821,918,22532,21,14,"15","15",15,0,54,"\N","\N","43","15","1:47.698","185.652",2014,19,"Abu Dhabi Grand Prix",2014-11-23,"13:00:00","gutierrez","21","GUT","Esteban","Gutiérrez",1991-08-05,"Mexican","sauber","Sauber","Swiss","+1 Lap","yas_marina","Yas Marina Circuit","Abu Dhabi","UAE",24.4672,54.6031,"3"
24,1,10,839,988,23769,31,9,"8","8",8,4,55,"+1:38.911","5752973","47","10","1:42.609","194.860",2017,20,"Abu Dhabi Grand Prix",2017-11-26,"13:00:00","ocon","31","OCO","Esteban","Ocon",1996-09-17,"French","force_india","Force India","Indian","Finished","yas_marina","Yas Marina Circuit","Abu Dhabi","UAE",24.4672,54.6031,"3"
24,1,1,18,918,22522,22,6,"5","5",5,20,55,"+1:00.334","6002953","47","9","1:46.739","187.320",2014,19,"Abu Dhabi Grand Prix",2014-11-23,"13:00:00","button","22","BUT","Jenson","Button",1980-01-19,"British","mclaren","McLaren","British","Finished","yas_marina","Yas Marina Circuit","Abu Dhabi","UAE",24.4672,54.6031,"3"
24,11,3,840,988,23779,18,15,"18","18",18,0,54,"\N","\N","52","6","1:42.324","195.402",2017,20,"Abu Dhabi Grand Prix",2017-11-26,"13:00:00","stroll","18","STR","Lance","Stroll",1998-10-29,"Canadian","williams","Williams","British","+1 Lap","yas_marina","Yas Marina Circuit","Abu Dhabi","UAE",24.4672,54.6031,"3"
24,1,10,815,988,23768,11,8,"7","7",7,6,55,"+1:32.062","5746124","52","11","1:42.689","194.708",2017,20,"Abu Dhabi Grand Prix",2017-11-26,"13:00:00","perez","11","PER","Sergio","Pérez",1990-01-26,"Mexican","force_india","Force India","Indian","Finished","yas_marina","Yas Marina Circuit","Abu Dhabi","UAE",24.4672,54.6031,"3"
24,1,131,822,1009,24187,77,2,"5","5",5,10,55,"+47.957","6028339","42","2","1:40.953","198.056",2018,21,"Abu Dhabi Grand Prix",2018-11-25,"13:10:00","bottas","77","BOT","Valtteri","Bottas",1989-08-28,"Finnish","mercedes","Mercedes","German","Finished","yas_marina","Yas Marina Circuit","Abu Dhabi","UAE",24.4672,54.6031,"3"
24,11,207,829,918,22534,46,17,"17","17",17,0,54,"\N","\N","47","18","1:48.398","184.453",2014,19,"Abu Dhabi Grand Prix",2014-11-23,"13:00:00","stevens","28","STE","Will","Stevens",1991-06-28,"British","caterham","Caterham","Malaysian","+1 Lap","yas_marina","Yas Marina Circuit","Abu Dhabi","UAE",24.4672,54.6031,"3"
24,1,9,830,1009,24185,33,6,"3","3",3,15,55,"+12.706","5993088","51","6","1:41.909","196.198",2018,21,"Abu Dhabi Grand Prix",2018-11-25,"13:10:00","max_verstappen","33","VER","Max","Verstappen",1997-09-30,"Dutch","red_bull","Red Bull","Austrian","Finished","yas_marina","Yas Marina Circuit","Abu Dhabi","UAE",24.4672,54.6031,"3"
24,11,15,155,858,21193,16,16,"10","10",10,1,54,"\N","\N","47","4","1:43.521","193.143",2011,18,"Abu Dhabi Grand Prix",2011-11-13,"13:00:00","kobayashi","10","KOB","Kamui","Kobayashi",1986-09-13,"Japanese","sauber","Sauber","Swiss","+1 Lap","yas_marina","Yas Marina Circuit","Abu Dhabi","UAE",24.4672,54.6031,"3"
24,1,6,844,1030,24608,16,3,"3","3",3,15,55,"+43.435","5689150","44","4","1:40.442","199.064",2019,21,"Abu Dhabi Grand Prix",2019-12-01,"13:10:00","leclerc","16","LEC","Charles","Leclerc",1997-10-16,"Monegasque","ferrari","Ferrari","Italian","Finished","yas_marina","Yas Marina Circuit","Abu Dhabi","UAE",24.4672,54.6031,"3"
24,4,208,813,945,22916,13,13,"\N","R",20,0,0,"\N","\N","\N","0","\N","\N",2015,19,"Abu Dhabi Grand Prix",2015-11-29,"13:00:00","maldonado","13","MAL","Pastor","Maldonado",1985-03-09,"Venezuelan","lotus_f1","Lotus F1","British","Collision","yas_marina","Yas Marina Circuit","Abu Dhabi","UAE",24.4672,54.6031,"3"
24,1,131,3,897,22066,9,3,"3","3",3,15,55,"+33.650","5919756","51","6","1:44.458","191.410",2013,17,"Abu Dhabi Grand Prix",2013-11-03,"13:00:00","rosberg","6","ROS","Nico","Rosberg",1985-06-27,"German","mercedes","Mercedes","German","Finished","yas_marina","Yas Marina Circuit","Abu Dhabi","UAE",24.4672,54.6031,"3"
24,11,210,825,1047,24963,20,20,"18","18",18,0,54,"\N","\N","50","13","1:41.999","196.025",2020,17,"Abu Dhabi Grand Prix",2020-12-13,"13:10:00","kevin_magnussen","20","MAG","Kevin","Magnussen",1992-10-05,"Danish","haas","Haas F1 Team","American","+1 Lap","yas_marina","Yas Marina Circuit","Abu Dhabi","UAE",24.4672,54.6031,"3"
24,1,9,830,1047,24946,33,1,"1","1",1,25,55,"1:36:28.645","5788645","14","2","1:40.958","198.046",2020,17,"Abu Dhabi Grand Prix",2020-12-13,"13:10:00","max_verstappen","33","VER","Max","Verstappen",1997-09-30,"Dutch","red_bull","Red Bull","Austrian","Finished","yas_marina","Yas Marina Circuit","Abu Dhabi","UAE",24.4672,54.6031,"3"
24,1,10,16,858,21191,14,9,"8","8",8,4,55,"+1:17.122","5909008","53","14","1:44.709","190.952",2011,18,"Abu Dhabi Grand Prix",2011-11-13,"13:00:00","sutil","99","SUT","Adrian","Sutil",1983-01-11,"German","force_india","Force India","Indian","Finished","yas_marina","Yas Marina Circuit","Abu Dhabi","UAE",24.4672,54.6031,"3"
24,1,9,830,1030,24607,33,2,"2","2",2,18,55,"+16.772","5662487","55","5","1:41.119","197.731",2019,21,"Abu Dhabi Grand Prix",2019-12-01,"13:10:00","max_verstappen","33","VER","Max","Verstappen",1997-09-30,"Dutch","red_bull","Red Bull","Austrian","Finished","yas_marina","Yas Marina Circuit","Abu Dhabi","UAE",24.4672,54.6031,"3"
24,1,6,4,918,22526,14,8,"9","9",9,4,55,"+1:25.813","6028432","45","12","1:47.424","186.126",2014,19,"Abu Dhabi Grand Prix",2014-11-23,"13:00:00","alonso","14","ALO","Fernando","Alonso",1981-07-29,"Spanish","ferrari","Ferrari","Italian","Finished","yas_marina","Yas Marina Circuit","Abu Dhabi","UAE",24.4672,54.6031,"3"
24,26,164,817,858,21204,22,20,"\N","R",21,0,48,"\N","\N","35","21","1:48.274","184.664",2011,18,"Abu Dhabi Grand Prix",2011-11-13,"13:00:00","ricciardo","3","RIC","Daniel","Ricciardo",1989-07-01,"Australian","hrt","HRT","Spanish","Mechanical","yas_marina","Yas Marina Circuit","Abu Dhabi","UAE",24.4672,54.6031,"3"
24,12,164,24,858,21203,23,22,"20","20",20,0,53,"\N","\N","52","22","1:49.242","183.028",2011,18,"Abu Dhabi Grand Prix",2011-11-13,"13:00:00","liuzzi","\N","LIU","Vitantonio","Liuzzi",1980-08-06,"Italian","hrt","HRT","Spanish","+2 Laps","yas_marina","Yas Marina Circuit","Abu Dhabi","UAE",24.4672,54.6031,"3"
24,11,4,835,968,23373,30,15,"17","17",17,0,54,"\N","\N","46","11","1:45.715","189.134",2016,21,"Abu Dhabi Grand Prix",2016-11-27,"13:00:00","jolyon_palmer","30","PAL","Jolyon","Palmer",1991-01-20,"British","renault","Renault","French","+1 Lap","yas_marina","Yas Marina Circuit","Abu Dhabi","UAE",24.4672,54.6031,"3"
24,11,4,817,1030,24616,3,7,"11","11",11,0,54,"\N","\N","51","6","1:41.190","197.592",2019,21,"Abu Dhabi Grand Prix",2019-12-01,"13:10:00","ricciardo","3","RIC","Daniel","Ricciardo",1989-07-01,"Australian","renault","Renault","French","+1 Lap","yas_marina","Yas Marina Circuit","Abu Dhabi","UAE",24.4672,54.6031,"3"
24,1,1,1,858,21184,3,2,"1","1",1,25,55,"1:37:11.886","5831886","51","3","1:43.461","193.255",2011,18,"Abu Dhabi Grand Prix",2011-11-13,"13:00:00","hamilton","44","HAM","Lewis","Hamilton",1985-01-07,"British","mclaren","McLaren","British","Finished","yas_marina","Yas Marina Circuit","Abu Dhabi","UAE",24.4672,54.6031,"3"
24,1,9,817,968,23361,3,3,"5","5",5,10,55,"+5.315","5889328","29","3","1:44.889","190.624",2016,21,"Abu Dhabi Grand Prix",2016-11-27,"13:00:00","ricciardo","3","RIC","Daniel","Ricciardo",1989-07-01,"Australian","red_bull","Red Bull","Austrian","Finished","yas_marina","Yas Marina Circuit","Abu Dhabi","UAE",24.4672,54.6031,"3"
24,1,9,20,897,22064,1,2,"1","1",1,25,55,"1:38:06.106","5886106","51","2","1:43.893","192.451",2013,17,"Abu Dhabi Grand Prix",2013-11-03,"13:00:00","vettel","5","VET","Sebastian","Vettel",1987-07-03,"German","red_bull","Red Bull","Austrian","Finished","yas_marina","Yas Marina Circuit","Abu Dhabi","UAE",24.4672,54.6031,"3"
24,11,51,8,1047,24957,7,15,"12","12",12,0,54,"\N","\N","53","14","1:42.148","195.739",2020,17,"Abu Dhabi Grand Prix",2020-12-13,"13:10:00","raikkonen","7","RAI","Kimi","Räikkönen",1979-10-17,"Finnish","alfa","Alfa Romeo","Swiss","+1 Lap","yas_marina","Yas Marina Circuit","Abu Dhabi","UAE",24.4672,54.6031,"3"
24,22,1,18,968,23376,22,12,"\N","R",20,0,12,"\N","\N","4","22","1:48.753","183.851",2016,21,"Abu Dhabi Grand Prix",2016-11-27,"13:00:00","button","22","BUT","Jenson","Button",1980-01-19,"British","mclaren","McLaren","British","Suspension","yas_marina","Yas Marina Circuit","Abu Dhabi","UAE",24.4672,54.6031,"3"
24,1,9,848,1047,24949,23,5,"4","4",4,12,55,"+19.987","5808632","42","4","1:41.227","197.520",2020,17,"Abu Dhabi Grand Prix",2020-12-13,"13:10:00","albon","23","ALB","Alexander","Albon",1996-03-23,"Thai","red_bull","Red Bull","Austrian","Finished","yas_marina","Yas Marina Circuit","Abu Dhabi","UAE",24.4672,54.6031,"3"
24,1,131,1,918,22518,44,2,"1","1",1,50,55,"1:39:02.619","5942619","49","4","1:45.599","189.342",2014,19,"Abu Dhabi Grand Prix",2014-11-23,"13:00:00","hamilton","44","HAM","Lewis","Hamilton",1985-01-07,"British","mercedes","Mercedes","German","Finished","yas_marina","Yas Marina Circuit","Abu Dhabi","UAE",24.4672,54.6031,"3"
24,1,6,20,1030,24610,5,4,"5","5",5,10,55,"+1:04.357","5710072","55","3","1:40.128","199.688",2019,21,"Abu Dhabi Grand Prix",2019-12-01,"13:10:00","vettel","5","VET","Sebastian","Vettel",1987-07-03,"German","ferrari","Ferrari","Italian","Finished","yas_marina","Yas Marina Circuit","Abu Dhabi","UAE",24.4672,54.6031,"3"
24,11,3,22,858,21195,11,24,"12","12",12,0,54,"\N","\N","50","11","1:44.438","191.447",2011,18,"Abu Dhabi Grand Prix",2011-11-13,"13:00:00","barrichello","\N","BAR","Rubens","Barrichello",1972-05-23,"Brazilian","williams","Williams","British","+1 Lap","yas_marina","Yas Marina Circuit","Abu Dhabi","UAE",24.4672,54.6031,"3"
24,1,6,8,968,23362,7,4,"6","6",6,8,55,"+18.816","5902829","35","6","1:45.163","190.127",2016,21,"Abu Dhabi Grand Prix",2016-11-27,"13:00:00","raikkonen","7","RAI","Kimi","Räikkönen",1979-10-17,"Finnish","ferrari","Ferrari","Italian","Finished","yas_marina","Yas Marina Circuit","Abu Dhabi","UAE",24.4672,54.6031,"3"
24,1,6,8,918,22527,7,7,"10","10",10,2,55,"+1:27.820","6030439","46","16","1:47.736","185.586",2014,19,"Abu Dhabi Grand Prix",2014-11-23,"13:00:00","raikkonen","7","RAI","Kimi","Räikkönen",1979-10-17,"Finnish","ferrari","Ferrari","Italian","Finished","yas_marina","Yas Marina Circuit","Abu Dhabi","UAE",24.4672,54.6031,"3"
24,3,3,849,1073,25401,6,16,"\N","R",16,0,50,"\N","\N","30","15","1:29.293","212.912",2021,22,"Abu Dhabi Grand Prix",2021-12-12,"13:00:00","latifi","6","LAT","Nicholas","Latifi",1995-06-29,"Canadian","williams","Williams","British","Accident","yas_marina","Yas Marina Circuit","Abu Dhabi","UAE",24.4672,54.6031,"3"
24,1,9,17,897,22065,2,1,"2","2",2,18,55,"+30.829","5916935","49","5","1:44.364","191.583",2013,17,"Abu Dhabi Grand Prix",2013-11-03,"13:00:00","webber","\N","WEB","Mark","Webber",1976-08-27,"Australian","red_bull","Red Bull","Austrian","Finished","yas_marina","Yas Marina Circuit","Abu Dhabi","UAE",24.4672,54.6031,"3"
24,1,9,17,858,21187,2,4,"4","4",4,12,55,"+35.784","5867670","51","1","1:42.612","194.854",2011,18,"Abu Dhabi Grand Prix",2011-11-13,"13:00:00","webber","\N","WEB","Mark","Webber",1976-08-27,"Australian","red_bull","Red Bull","Austrian","Finished","yas_marina","Yas Marina Circuit","Abu Dhabi","UAE",24.4672,54.6031,"3"
24,11,3,822,945,22909,77,6,"13","13",13,0,54,"\N","\N","45","11","1:46.464","187.804",2015,19,"Abu Dhabi Grand Prix",2015-11-29,"13:00:00","bottas","77","BOT","Valtteri","Bottas",1989-08-28,"Finnish","williams","Williams","British","+1 Lap","yas_marina","Yas Marina Circuit","Abu Dhabi","UAE",24.4672,54.6031,"3"
24,9,9,817,988,23781,3,4,"\N","R",20,0,20,"\N","\N","13","12","1:42.757","194.579",2017,20,"Abu Dhabi Grand Prix",2017-11-26,"13:00:00","ricciardo","3","RIC","Daniel","Ricciardo",1989-07-01,"Australian","red_bull","Red Bull","Austrian","Hydraulics","yas_marina","Yas Marina Circuit","Abu Dhabi","UAE",24.4672,54.6031,"3"
24,1,207,808,877,21655,21,20,"16","16",16,0,55,"+64.595","6423262","50","19","1:48.308","184.606",2012,18,"Abu Dhabi Grand Prix",2012-11-04,"13:00:00","petrov","\N","PET","Vitaly","Petrov",1984-09-08,"Russian","caterham","Caterham","Malaysian","Finished","yas_marina","Yas Marina Circuit","Abu Dhabi","UAE",24.4672,54.6031,"3"
24,1,10,815,968,23364,11,8,"8","8",8,4,55,"+58.776","5942789","30","8","1:45.249","189.972",2016,21,"Abu Dhabi Grand Prix",2016-11-27,"13:00:00","perez","11","PER","Sergio","Pérez",1990-01-26,"Mexican","force_india","Force India","Indian","Finished","yas_marina","Yas Marina Circuit","Abu Dhabi","UAE",24.4672,54.6031,"3"
24,11,3,847,1030,24622,63,18,"17","17",17,0,54,"\N","\N","50","13","1:43.074","193.981",2019,21,"Abu Dhabi Grand Prix",2019-12-01,"13:10:00","russell","63","RUS","George","Russell",1998-02-15,"British","williams","Williams","British","+1 Lap","yas_marina","Yas Marina Circuit","Abu Dhabi","UAE",24.4672,54.6031,"3"
24,11,1,832,1030,24615,55,8,"10","10",10,1,54,"\N","\N","43","7","1:41.294","197.389",2019,21,"Abu Dhabi Grand Prix",2019-12-01,"13:10:00","sainz","55","SAI","Carlos","Sainz",1994-09-01,"Spanish","mclaren","McLaren","British","+1 Lap","yas_marina","Yas Marina Circuit","Abu Dhabi","UAE",24.4672,54.6031,"3"
24,1,10,814,897,22069,14,11,"6","6",6,8,55,"+1:18.174","5964280","55","14","1:45.786","189.007",2013,17,"Abu Dhabi Grand Prix",2013-11-03,"13:00:00","resta","\N","DIR","Paul","di Resta",1986-04-16,"British","force_india","Force India","Indian","Finished","yas_marina","Yas Marina Circuit","Abu Dhabi","UAE",24.4672,54.6031,"3"
24,1,1,825,918,22528,20,9,"11","11",11,0,55,"+1:30.376","6032995","37","10","1:46.824","187.171",2014,19,"Abu Dhabi Grand Prix",2014-11-23,"13:00:00","kevin_magnussen","20","MAG","Kevin","Magnussen",1992-10-05,"Danish","mclaren","McLaren","British","Finished","yas_marina","Yas Marina Circuit","Abu Dhabi","UAE",24.4672,54.6031,"3"
24,1,1,18,897,22075,5,12,"12","12",12,0,55,"+1:43.767","5989873","43","17","1:46.336","188.030",2013,17,"Abu Dhabi Grand Prix",2013-11-03,"13:00:00","button","22","BUT","Jenson","Button",1980-01-19,"British","mclaren","McLaren","British","Finished","yas_marina","Yas Marina Circuit","Abu Dhabi","UAE",24.4672,54.6031,"3"
24,11,213,826,1047,24956,26,7,"11","11",11,0,54,"\N","\N","47","17","1:42.704","194.679",2020,17,"Abu Dhabi Grand Prix",2020-12-13,"13:10:00","kvyat","26","KVY","Daniil","Kvyat",1994-04-26,"Russian","alphatauri","AlphaTauri","Italian","+1 Lap","yas_marina","Yas Marina Circuit","Abu Dhabi","UAE",24.4672,54.6031,"3"
24,1,10,814,877,21648,11,12,"9","9",9,2,55,"+24.160","6382827","53","9","1:45.617","189.310",2012,18,"Abu Dhabi Grand Prix",2012-11-04,"13:00:00","resta","\N","DIR","Paul","di Resta",1986-04-16,"British","force_india","Force India","Indian","Finished","yas_marina","Yas Marina Circuit","Abu Dhabi","UAE",24.4672,54.6031,"3"
24,1,9,848,1030,24611,23,5,"6","6",6,8,55,"+1:09.205","5714920","49","8","1:42.219","195.603",2019,21,"Abu Dhabi Grand Prix",2019-12-01,"13:10:00","albon","23","ALB","Alexander","Albon",1996-03-23,"Thai","red_bull","Red Bull","Austrian","Finished","yas_marina","Yas Marina Circuit","Abu Dhabi","UAE",24.4672,54.6031,"3"
24,11,207,823,897,22081,21,18,"18","18",18,0,54,"\N","\N","48","19","1:46.592","187.578",2013,17,"Abu Dhabi Grand Prix",2013-11-03,"13:00:00","garde","\N","VDG","Giedo","van der Garde",1985-04-25,"Dutch","caterham","Caterham","Malaysian","+1 Lap","yas_marina","Yas Marina Circuit","Abu Dhabi","UAE",24.4672,54.6031,"3"
24,1,4,817,1047,24952,3,11,"7","7",7,7,55,"+1:13.748","5862393","55","1","1:40.926","198.109",2020,17,"Abu Dhabi Grand Prix",2020-12-13,"13:10:00","ricciardo","3","RIC","Daniel","Ricciardo",1989-07-01,"Australian","renault","Renault","French","Finished","yas_marina","Yas Marina Circuit","Abu Dhabi","UAE",24.4672,54.6031,"3"
24,12,3,9,1030,24624,88,19,"19","19",19,0,53,"\N","\N","51","20","1:44.500","191.333",2019,21,"Abu Dhabi Grand Prix",2019-12-01,"13:10:00","kubica","88","KUB","Robert","Kubica",1984-12-07,"Polish","williams","Williams","British","+2 Laps","yas_marina","Yas Marina Circuit","Abu Dhabi","UAE",24.4672,54.6031,"3"
24,1,10,814,858,21192,15,10,"9","9",9,2,55,"+1:41.087","5932973","49","9","1:44.120","192.032",2011,18,"Abu Dhabi Grand Prix",2011-11-13,"13:00:00","resta","\N","DIR","Paul","di Resta",1986-04-16,"British","force_india","Force India","Indian","Finished","yas_marina","Yas Marina Circuit","Abu Dhabi","UAE",24.4672,54.6031,"3"
24,1,6,844,1073,25395,16,7,"10","10",10,1,58,"+1:06.057","5483402","40","12","1:28.433","214.983",2021,22,"Abu Dhabi Grand Prix",2021-12-12,"13:00:00","leclerc","16","LEC","Charles","Leclerc",1997-10-16,"Monegasque","ferrari","Ferrari","Italian","Finished","yas_marina","Yas Marina Circuit","Abu Dhabi","UAE",24.4672,54.6031,"3"
24,1,6,20,945,22900,5,15,"4","4",4,12,55,"+43.735","5953910","48","2","1:44.550","191.242",2015,19,"Abu Dhabi Grand Prix",2015-11-29,"13:00:00","vettel","5","VET","Sebastian","Vettel",1987-07-03,"German","ferrari","Ferrari","Italian","Finished","yas_marina","Yas Marina Circuit","Abu Dhabi","UAE",24.4672,54.6031,"3"
24,11,5,818,897,22080,18,13,"17","17",17,0,54,"\N","\N","53","7","1:44.517","191.302",2013,17,"Abu Dhabi Grand Prix",2013-11-03,"13:00:00","vergne","25","VER","Jean-Éric","Vergne",1990-04-25,"French","toro_rosso","Toro Rosso","Italian","+1 Lap","yas_marina","Yas Marina Circuit","Abu Dhabi","UAE",24.4672,54.6031,"3"
24,130,5,832,968,23374,55,21,"\N","R",18,0,41,"\N","\N","30","18","1:46.591","187.580",2016,21,"Abu Dhabi Grand Prix",2016-11-27,"13:00:00","sainz","55","SAI","Carlos","Sainz",1994-09-01,"Spanish","toro_rosso","Toro Rosso","Italian","Collision damage","yas_marina","Yas Marina Circuit","Abu Dhabi","UAE",24.4672,54.6031,"3"
24,11,211,815,1030,24612,11,10,"7","7",7,6,54,"\N","\N","39","11","1:42.639","194.803",2019,21,"Abu Dhabi Grand Prix",2019-12-01,"13:10:00","perez","11","PER","Sergio","Pérez",1990-01-26,"Mexican","racing_point","Racing Point","British","+1 Lap","yas_marina","Yas Marina Circuit","Abu Dhabi","UAE",24.4672,54.6031,"3"
24,1,6,4,897,22068,3,10,"5","5",5,10,55,"+1:07.181","5953287","55","1","1:43.434","193.305",2013,17,"Abu Dhabi Grand Prix",2013-11-03,"13:00:00","alonso","14","ALO","Fernando","Alonso",1981-07-29,"Spanish","ferrari","Ferrari","Italian","Finished","yas_marina","Yas Marina Circuit","Abu Dhabi","UAE",24.4672,54.6031,"3"
24,31,207,155,918,22535,10,16,"\N","R",18,0,42,"\N","\N","38","13","1:47.431","186.113",2014,19,"Abu Dhabi Grand Prix",2014-11-23,"13:00:00","kobayashi","10","KOB","Kamui","Kobayashi",1986-09-13,"Japanese","caterham","Caterham","Malaysian","Retired","yas_marina","Yas Marina Circuit","Abu Dhabi","UAE",24.4672,54.6031,"3"
24,1,6,13,858,21188,6,6,"5","5",5,10,55,"+50.578","5882464","51","10","1:44.288","191.722",2011,18,"Abu Dhabi Grand Prix",2011-11-13,"13:00:00","massa","19","MAS","Felipe","Massa",1981-04-25,"Brazilian","ferrari","Ferrari","Italian","Finished","yas_marina","Yas Marina Circuit","Abu Dhabi","UAE",24.4672,54.6031,"3"
24,11,15,16,918,22533,99,13,"16","16",16,0,54,"\N","\N","44","14","1:47.508","185.980",2014,19,"Abu Dhabi Grand Prix",2014-11-23,"13:00:00","sutil","99","SUT","Adrian","Sutil",1983-01-11,"German","sauber","Sauber","Swiss","+1 Lap","yas_marina","Yas Marina Circuit","Abu Dhabi","UAE",24.4672,54.6031,"3"
24,1,131,1,1030,24606,44,1,"1","1",1,26,55,"1:34:05.715","5645715","53","1","1:39.283","201.387",2019,21,"Abu Dhabi Grand Prix",2019-12-01,"13:10:00","hamilton","44","HAM","Lewis","Hamilton",1985-01-07,"British","mercedes","Mercedes","German","Finished","yas_marina","Yas Marina Circuit","Abu Dhabi","UAE",24.4672,54.6031,"3"
24,1,131,1,1009,24183,44,1,"1","1",1,25,55,"1:39:40.382","5980382","53","5","1:41.357","197.267",2018,21,"Abu Dhabi Grand Prix",2018-11-25,"13:10:00","hamilton","44","HAM","Lewis","Hamilton",1985-01-07,"British","mercedes","Mercedes","German","Finished","yas_marina","Yas Marina Circuit","Abu Dhabi","UAE",24.4672,54.6031,"3"
24,1,6,4,877,21641,5,6,"2","2",2,18,55,"+0.852","6359519","53","2","1:44.090","192.087",2012,18,"Abu Dhabi Grand Prix",2012-11-04,"13:00:00","alonso","14","ALO","Fernando","Alonso",1981-07-29,"Spanish","ferrari","Ferrari","Italian","Finished","yas_marina","Yas Marina Circuit","Abu Dhabi","UAE",24.4672,54.6031,"3"
24,1,9,830,968,23360,33,6,"4","4",4,12,55,"+1.685","5885698","36","7","1:45.187","190.084",2016,21,"Abu Dhabi Grand Prix",2016-11-27,"13:00:00","max_verstappen","33","VER","Max","Verstappen",1997-09-30,"Dutch","red_bull","Red Bull","Austrian","Finished","yas_marina","Yas Marina Circuit","Abu Dhabi","UAE",24.4672,54.6031,"3"
24,1,1,815,897,22072,6,8,"9","9",9,2,55,"+1:31.198","5977304","51","8","1:45.435","189.637",2013,17,"Abu Dhabi Grand Prix",2013-11-03,"13:00:00","perez","11","PER","Sergio","Pérez",1990-01-26,"Mexican","mclaren","McLaren","British","Finished","yas_marina","Yas Marina Circuit","Abu Dhabi","UAE",24.4672,54.6031,"3"
24,1,6,20,988,23764,5,3,"3","3",3,15,55,"+19.330","5673392","5","2","1:40.770","198.416",2017,20,"Abu Dhabi Grand Prix",2017-11-26,"13:00:00","vettel","5","VET","Sebastian","Vettel",1987-07-03,"German","ferrari","Ferrari","Italian","Finished","yas_marina","Yas Marina Circuit","Abu Dhabi","UAE",24.4672,54.6031,"3"
24,1,3,13,968,23365,19,10,"9","9",9,2,55,"+59.436","5943449","33","10","1:45.675","189.206",2016,21,"Abu Dhabi Grand Prix",2016-11-27,"13:00:00","massa","19","MAS","Felipe","Massa",1981-04-25,"Brazilian","williams","Williams","British","Finished","yas_marina","Yas Marina Circuit","Abu Dhabi","UAE",24.4672,54.6031,"3"
24,1,10,815,1009,24190,11,14,"8","8",8,4,55,"+1:31.275","6071657","53","8","1:42.816","194.467",2018,21,"Abu Dhabi Grand Prix",2018-11-25,"13:10:00","perez","11","PER","Sergio","Pérez",1990-01-26,"Mexican","force_india","Force India","Indian","Finished","yas_marina","Yas Marina Circuit","Abu Dhabi","UAE",24.4672,54.6031,"3"
24,11,3,13,988,23771,19,10,"10","10",10,1,54,"\N","\N","45","13","1:43.026","194.071",2017,20,"Abu Dhabi Grand Prix",2017-11-26,"13:00:00","massa","19","MAS","Felipe","Massa",1981-04-25,"Brazilian","williams","Williams","British","+1 Lap","yas_marina","Yas Marina Circuit","Abu Dhabi","UAE",24.4672,54.6031,"3"
24,1,10,16,897,22073,15,17,"10","10",10,1,55,"+1:33.257","5979363","48","13","1:45.609","189.324",2013,17,"Abu Dhabi Grand Prix",2013-11-03,"13:00:00","sutil","99","SUT","Adrian","Sutil",1983-01-11,"German","force_india","Force India","Indian","Finished","yas_marina","Yas Marina Circuit","Abu Dhabi","UAE",24.4672,54.6031,"3"
24,6,51,841,1073,25402,99,14,"\N","R",17,0,33,"\N","\N","33","16","1:29.442","212.557",2021,22,"Abu Dhabi Grand Prix",2021-12-12,"13:00:00","giovinazzi","99","GIO","Antonio","Giovinazzi",1993-12-14,"Italian","alfa","Alfa Romeo","Swiss","Gearbox","yas_marina","Yas Marina Circuit","Abu Dhabi","UAE",24.4672,54.6031,"3"
24,11,6,844,1047,24958,16,12,"13","13",13,0,54,"\N","\N","24","10","1:41.908","196.200",2020,17,"Abu Dhabi Grand Prix",2020-12-13,"13:10:00","leclerc","16","LEC","Charles","Leclerc",1997-10-16,"Monegasque","ferrari","Ferrari","Italian","+1 Lap","yas_marina","Yas Marina Circuit","Abu Dhabi","UAE",24.4672,54.6031,"3"
24,1,5,818,877,21651,17,17,"12","12",12,0,55,"+34.906","6393573","53","13","1:46.113","188.425",2012,18,"Abu Dhabi Grand Prix",2012-11-04,"13:00:00","vergne","25","VER","Jean-Éric","Vergne",1990-04-25,"French","toro_rosso","Toro Rosso","Italian","Finished","yas_marina","Yas Marina Circuit","Abu Dhabi","UAE",24.4672,54.6031,"3"
24,11,15,828,988,23778,9,19,"17","17",17,0,54,"\N","\N","36","15","1:43.567","193.057",2017,20,"Abu Dhabi Grand Prix",2017-11-26,"13:00:00","ericsson","9","ERI","Marcus","Ericsson",1990-09-02,"Swedish","sauber","Sauber","Swiss","+1 Lap","yas_marina","Yas Marina Circuit","Abu Dhabi","UAE",24.4672,54.6031,"3"
24,12,1,4,945,22913,14,16,"17","17",17,0,53,"\N","\N","52","3","1:44.796","190.793",2015,19,"Abu Dhabi Grand Prix",2015-11-29,"13:00:00","alonso","14","ALO","Fernando","Alonso",1981-07-29,"Spanish","mclaren","McLaren","British","+2 Laps","yas_marina","Yas Marina Circuit","Abu Dhabi","UAE",24.4672,54.6031,"3"
24,36,4,832,988,23780,55,12,"\N","R",19,0,31,"\N","\N","26","14","1:43.378","193.410",2017,20,"Abu Dhabi Grand Prix",2017-11-26,"13:00:00","sainz","55","SAI","Carlos","Sainz",1994-09-01,"Spanish","renault","Renault","French","Wheel","yas_marina","Yas Marina Circuit","Abu Dhabi","UAE",24.4672,54.6031,"3"
24,22,3,822,968,23377,77,11,"\N","R",21,0,6,"\N","\N","4","19","1:47.837","185.413",2016,21,"Abu Dhabi Grand Prix",2016-11-27,"13:00:00","bottas","77","BOT","Valtteri","Bottas",1989-08-28,"Finnish","williams","Williams","British","Suspension","yas_marina","Yas Marina Circuit","Abu Dhabi","UAE",24.4672,54.6031,"3"
24,1,3,13,918,22519,19,4,"2","2",2,36,55,"+2.576","5945195","47","2","1:44.826","190.738",2014,19,"Abu Dhabi Grand Prix",2014-11-23,"13:00:00","massa","19","MAS","Felipe","Massa",1981-04-25,"Brazilian","williams","Williams","British","Finished","yas_marina","Yas Marina Circuit","Abu Dhabi","UAE",24.4672,54.6031,"3"
24,11,3,813,858,21197,12,23,"14","14",14,0,54,"\N","\N","52","13","1:44.628","191.099",2011,18,"Abu Dhabi Grand Prix",2011-11-13,"13:00:00","maldonado","13","MAL","Pastor","Maldonado",1985-03-09,"Venezuelan","williams","Williams","British","+1 Lap","yas_marina","Yas Marina Circuit","Abu Dhabi","UAE",24.4672,54.6031,"3"
32,23,10,815,1007,24160,11,13,"\N","R",18,0,38,"\N","\N","6","19","1:23.545","185.461",2018,19,"Mexican Grand Prix",2018-10-28,"19:10:00","perez","11","PER","Sergio","Pérez",1990-01-26,"Mexican","force_india","Force India","Indian","Brakes","rodriguez","Autódromo Hermanos Rodríguez","Mexico City","Mexico",19.4042,-99.0907,"2227"
32,11,5,826,966,23330,26,18,"18","18",18,0,70,"\N","\N","59","14","1:23.618","185.299",2016,19,"Mexican Grand Prix",2016-10-30,"19:00:00","kvyat","26","KVY","Daniil","Kvyat",1994-04-26,"Russian","toro_rosso","Toro Rosso","Italian","+1 Lap","rodriguez","Autódromo Hermanos Rodríguez","Mexico City","Mexico",19.4042,-99.0907,"2227"
32,1,3,13,943,22862,19,7,"6","6",6,8,71,"+21.493","6176531","71","7","1:22.009","188.935",2015,17,"Mexican Grand Prix",2015-11-01,"19:00:00","massa","19","MAS","Felipe","Massa",1981-04-25,"Brazilian","williams","Williams","British","Finished","rodriguez","Autódromo Hermanos Rodríguez","Mexico City","Mexico",19.4042,-99.0907,"2227"
32,1,4,817,1027,24553,3,13,"8","8",8,4,71,"+1:14.924","5883828","53","9","1:20.146","193.327",2019,18,"Mexican Grand Prix",2019-10-27,"19:10:00","ricciardo","3","RIC","Daniel","Ricciardo",1989-07-01,"Australian","renault","Renault","French","Finished","rodriguez","Autódromo Hermanos Rodríguez","Mexico City","Mexico",19.4042,-99.0907,"2227"
32,12,3,840,1007,24154,18,17,"12","12",12,0,69,"\N","\N","27","18","1:22.983","186.717",2018,19,"Mexican Grand Prix",2018-10-28,"19:10:00","stroll","18","STR","Lance","Stroll",1998-10-29,"Canadian","williams","Williams","British","+2 Laps","rodriguez","Autódromo Hermanos Rodríguez","Mexico City","Mexico",19.4042,-99.0907,"2227"
32,12,15,836,986,23735,94,13,"14","14",14,0,69,"\N","\N","56","16","1:21.638","189.793",2017,18,"Mexican Grand Prix",2017-10-29,"19:00:00","wehrlein","94","WEH","Pascal","Wehrlein",1994-10-18,"German","sauber","Sauber","Swiss","+2 Laps","rodriguez","Autódromo Hermanos Rodríguez","Mexico City","Mexico",19.4042,-99.0907,"2227"
32,12,209,829,943,22872,28,17,"16","16",16,0,69,"\N","\N","67","19","1:25.540","181.136",2015,17,"Mexican Grand Prix",2015-11-01,"19:00:00","stevens","28","STE","Will","Stevens",1991-06-28,"British","manor","Manor Marussia","British","+2 Laps","rodriguez","Autódromo Hermanos Rodríguez","Mexico City","Mexico",19.4042,-99.0907,"2227"
32,12,210,825,1027,24560,20,17,"15","15",15,0,69,"\N","\N","53","20","1:21.682","189.691",2019,18,"Mexican Grand Prix",2019-10-27,"19:10:00","kevin_magnussen","20","MAG","Kevin","Magnussen",1992-10-05,"Danish","haas","Haas F1 Team","American","+2 Laps","rodriguez","Autódromo Hermanos Rodríguez","Mexico City","Mexico",19.4042,-99.0907,"2227"
32,5,9,817,986,23741,3,16,"\N","R",20,0,5,"\N","\N","4","20","1:22.789","187.155",2017,18,"Mexican Grand Prix",2017-10-29,"19:00:00","ricciardo","3","RIC","Daniel","Ricciardo",1989-07-01,"Australian","red_bull","Red Bull","Austrian","Engine","rodriguez","Autódromo Hermanos Rodríguez","Mexico City","Mexico",19.4042,-99.0907,"2227"
32,11,1,838,986,23733,2,19,"12","12",12,0,70,"\N","\N","66","10","1:20.972","191.355",2017,18,"Mexican Grand Prix",2017-10-29,"19:00:00","vandoorne","2","VAN","Stoffel","Vandoorne",1992-03-26,"Belgian","mclaren","McLaren","British","+1 Lap","rodriguez","Autódromo Hermanos Rodríguez","Mexico City","Mexico",19.4042,-99.0907,"2227"
32,12,209,834,943,22871,53,16,"15","15",15,0,69,"\N","\N","69","18","1:25.005","182.276",2015,17,"Mexican Grand Prix",2015-11-01,"19:00:00","rossi","53","RSS","Alexander","Rossi",1991-09-25,"American","manor","Manor Marussia","British","+2 Laps","rodriguez","Autódromo Hermanos Rodríguez","Mexico City","Mexico",19.4042,-99.0907,"2227"
32,12,5,843,1007,24156,28,14,"14","14",14,0,69,"\N","\N","26","13","1:22.438","187.952",2018,19,"Mexican Grand Prix",2018-10-28,"19:10:00","brendon_hartley","28","HAR","Brendon","Hartley",1989-11-10,"New Zealander","toro_rosso","Toro Rosso","Italian","+2 Laps","rodriguez","Autódromo Hermanos Rodríguez","Mexico City","Mexico",19.4042,-99.0907,"2227"
32,12,117,840,1070,25319,18,20,"14","14",14,0,69,"\N","\N","61","12","1:20.930","191.454",2021,18,"Mexico City Grand Prix",2021-11-07,"19:00:00","stroll","18","STR","Lance","Stroll",1998-10-29,"Canadian","aston_martin","Aston Martin","British","+2 Laps","rodriguez","Autódromo Hermanos Rodríguez","Mexico City","Mexico",19.4042,-99.0907,"2227"
32,1,6,8,1007,24145,7,6,"3","3",3,15,71,"+49.914","5958765","19","5","1:20.334","192.874",2018,19,"Mexican Grand Prix",2018-10-28,"19:10:00","raikkonen","7","RAI","Kimi","Räikkönen",1979-10-17,"Finnish","ferrari","Ferrari","Italian","Finished","rodriguez","Autódromo Hermanos Rodríguez","Mexico City","Mexico",19.4042,-99.0907,"2227"
32,11,5,832,966,23328,55,10,"16","16",16,0,70,"\N","\N","52","19","1:24.467","183.437",2016,19,"Mexican Grand Prix",2016-10-30,"19:00:00","sainz","55","SAI","Carlos","Sainz",1994-09-01,"Spanish","toro_rosso","Toro Rosso","Italian","+1 Lap","rodriguez","Autódromo Hermanos Rodríguez","Mexico City","Mexico",19.4042,-99.0907,"2227"
32,1,9,830,986,23722,33,2,"1","1",1,25,71,"1:36:26.552","5786552","65","2","1:18.892","196.400",2017,18,"Mexican Grand Prix",2017-10-29,"19:00:00","max_verstappen","33","VER","Max","Verstappen",1997-09-30,"Dutch","red_bull","Red Bull","Austrian","Finished","rodriguez","Autódromo Hermanos Rodríguez","Mexico City","Mexico",19.4042,-99.0907,"2227"
32,11,4,825,966,23329,20,14,"17","17",17,0,70,"\N","\N","53","7","1:23.146","186.351",2016,19,"Mexican Grand Prix",2016-10-30,"19:00:00","kevin_magnussen","20","MAG","Kevin","Magnussen",1992-10-05,"Danish","renault","Renault","French","+1 Lap","rodriguez","Autódromo Hermanos Rodríguez","Mexico City","Mexico",19.4042,-99.0907,"2227"
32,11,51,841,1027,24559,99,15,"14","14",14,0,70,"\N","\N","65","16","1:21.014","191.255",2019,18,"Mexican Grand Prix",2019-10-27,"19:10:00","giovinazzi","99","GIO","Antonio","Giovinazzi",1993-12-14,"Italian","alfa","Alfa Romeo","Swiss","+1 Lap","rodriguez","Autódromo Hermanos Rodríguez","Mexico City","Mexico",19.4042,-99.0907,"2227"
32,1,6,844,1027,24549,16,1,"4","4",4,13,71,"+6.368","5815272","53","1","1:19.232","195.557",2019,18,"Mexican Grand Prix",2019-10-27,"19:10:00","leclerc","16","LEC","Charles","Leclerc",1997-10-16,"Monegasque","ferrari","Ferrari","Italian","Finished","rodriguez","Autódromo Hermanos Rodríguez","Mexico City","Mexico",19.4042,-99.0907,"2227"
32,11,10,815,986,23728,11,9,"7","7",7,6,70,"\N","\N","54","4","1:19.929","193.852",2017,18,"Mexican Grand Prix",2017-10-29,"19:00:00","perez","11","PER","Sergio","Pérez",1990-01-26,"Mexican","force_india","Force India","Indian","+1 Lap","rodriguez","Autódromo Hermanos Rodríguez","Mexico City","Mexico",19.4042,-99.0907,"2227"
32,5,9,817,1007,24159,3,1,"\N","R",17,0,61,"\N","\N","57","3","1:19.462","194.991",2018,19,"Mexican Grand Prix",2018-10-28,"19:10:00","ricciardo","3","RIC","Daniel","Ricciardo",1989-07-01,"Australian","red_bull","Red Bull","Austrian","Engine","rodriguez","Autódromo Hermanos Rodríguez","Mexico City","Mexico",19.4042,-99.0907,"2227"
32,1,6,20,966,23317,5,7,"5","5",5,10,71,"+27.313","6058715","61","2","1:22.497","187.817",2016,19,"Mexican Grand Prix",2016-10-30,"19:00:00","vettel","5","VET","Sebastian","Vettel",1987-07-03,"German","ferrari","Ferrari","Italian","Finished","rodriguez","Autódromo Hermanos Rodríguez","Mexico City","Mexico",19.4042,-99.0907,"2227"
32,1,10,807,966,23319,27,5,"7","7",7,6,71,"+58.891","6090293","50","9","1:23.288","186.034",2016,19,"Mexican Grand Prix",2016-10-30,"19:00:00","hulkenberg","27","HUL","Nico","Hülkenberg",1987-08-19,"German","force_india","Force India","Indian","Finished","rodriguez","Autódromo Hermanos Rodríguez","Mexico City","Mexico",19.4042,-99.0907,"2227"
32,11,210,825,986,23729,20,14,"8","8",8,4,70,"\N","\N","68","14","1:21.214","190.784",2017,18,"Mexican Grand Prix",2017-10-29,"19:00:00","kevin_magnussen","20","MAG","Kevin","Magnussen",1992-10-05,"Danish","haas","Haas F1 Team","American","+1 Lap","rodriguez","Autódromo Hermanos Rodríguez","Mexico City","Mexico",19.4042,-99.0907,"2227"
32,1,6,844,1070,25310,16,8,"5","5",5,10,71,"+1:21.037","6000123","63","9","1:20.665","192.083",2021,18,"Mexico City Grand Prix",2021-11-07,"19:00:00","leclerc","16","LEC","Charles","Leclerc",1997-10-16,"Monegasque","ferrari","Ferrari","Italian","Finished","rodriguez","Autódromo Hermanos Rodríguez","Mexico City","Mexico",19.4042,-99.0907,"2227"
32,11,131,1,986,23730,44,3,"9","9",9,2,70,"\N","\N","69","5","1:19.945","193.813",2017,18,"Mexican Grand Prix",2017-10-29,"19:00:00","hamilton","44","HAM","Lewis","Hamilton",1985-01-07,"British","mercedes","Mercedes","German","+1 Lap","rodriguez","Autódromo Hermanos Rodríguez","Mexico City","Mexico",19.4042,-99.0907,"2227"
32,12,210,154,986,23736,8,15,"15","15",15,0,69,"\N","\N","64","7","1:20.345","192.848",2017,18,"Mexican Grand Prix",2017-10-29,"19:00:00","grosjean","8","GRO","Romain","Grosjean",1986-04-17,"French","haas","Haas F1 Team","American","+2 Laps","rodriguez","Autódromo Hermanos Rodríguez","Mexico City","Mexico",19.4042,-99.0907,"2227"
32,10,4,807,986,23740,27,7,"\N","R",19,0,24,"\N","\N","18","18","1:21.691","189.670",2017,18,"Mexican Grand Prix",2017-10-29,"19:00:00","hulkenberg","27","HUL","Nico","Hülkenberg",1987-08-19,"German","renault","Renault","French","Electrical","rodriguez","Autódromo Hermanos Rodríguez","Mexico City","Mexico",19.4042,-99.0907,"2227"
32,1,131,1,943,22858,44,2,"2","2",2,18,71,"+1.954","6156992","67","2","1:20.723","191.945",2015,17,"Mexican Grand Prix",2015-11-01,"19:00:00","hamilton","44","HAM","Lewis","Hamilton",1985-01-07,"British","mercedes","Mercedes","German","Finished","rodriguez","Autódromo Hermanos Rodríguez","Mexico City","Mexico",19.4042,-99.0907,"2227"
32,11,5,826,1027,24556,26,9,"11","11",11,0,70,"\N","\N","48","7","1:19.905","193.910",2019,18,"Mexican Grand Prix",2019-10-27,"19:10:00","kvyat","26","KVY","Daniil","Kvyat",1994-04-26,"Russian","toro_rosso","Toro Rosso","Italian","+1 Lap","rodriguez","Autódromo Hermanos Rodríguez","Mexico City","Mexico",19.4042,-99.0907,"2227"
32,1,9,830,966,23316,33,3,"4","4",4,12,71,"+21.323","6052725","66","6","1:22.887","186.934",2016,19,"Mexican Grand Prix",2016-10-30,"19:00:00","max_verstappen","33","VER","Max","Verstappen",1997-09-30,"Dutch","red_bull","Red Bull","Austrian","Finished","rodriguez","Autódromo Hermanos Rodríguez","Mexico City","Mexico",19.4042,-99.0907,"2227"
32,3,6,20,943,22874,5,3,"\N","R",18,0,50,"\N","\N","48","6","1:21.847","189.309",2015,17,"Mexican Grand Prix",2015-11-01,"19:00:00","vettel","5","VET","Sebastian","Vettel",1987-07-03,"German","ferrari","Ferrari","Italian","Accident","rodriguez","Autódromo Hermanos Rodríguez","Mexico City","Mexico",19.4042,-99.0907,"2227"
32,11,1,832,1027,24558,55,7,"13","13",13,0,70,"\N","\N","66","10","1:20.311","192.929",2019,18,"Mexican Grand Prix",2019-10-27,"19:10:00","sainz","55","SAI","Carlos","Sainz",1994-09-01,"Spanish","mclaren","McLaren","British","+1 Lap","rodriguez","Autódromo Hermanos Rodríguez","Mexico City","Mexico",19.4042,-99.0907,"2227"
32,1,10,815,943,22864,11,9,"8","8",8,4,71,"+34.343","6189381","51","12","1:22.757","187.227",2015,17,"Mexican Grand Prix",2015-11-01,"19:00:00","perez","11","PER","Sergio","Pérez",1990-01-26,"Mexican","force_india","Force India","Indian","Finished","rodriguez","Autódromo Hermanos Rodríguez","Mexico City","Mexico",19.4042,-99.0907,"2227"
32,12,210,825,1007,24157,20,16,"15","15",15,0,69,"\N","\N","45","10","1:21.874","189.246",2018,19,"Mexican Grand Prix",2018-10-28,"19:10:00","kevin_magnussen","20","MAG","Kevin","Magnussen",1992-10-05,"Danish","haas","Haas F1 Team","American","+2 Laps","rodriguez","Autódromo Hermanos Rodríguez","Mexico City","Mexico",19.4042,-99.0907,"2227"
32,4,213,852,1070,25325,22,17,"\N","R",20,0,0,"\N","\N","\N","0","\N","\N",2021,18,"Mexico City Grand Prix",2021-11-07,"19:00:00","tsunoda","22","TSU","Yuki","Tsunoda",2000-05-11,"Japanese","alphatauri","AlphaTauri","Italian","Collision","rodriguez","Autódromo Hermanos Rodríguez","Mexico City","Mexico",19.4042,-99.0907,"2227"
32,11,51,8,1070,25313,7,10,"8","8",8,4,70,"\N","\N","63","11","1:20.713","191.969",2021,18,"Mexico City Grand Prix",2021-11-07,"19:00:00","raikkonen","7","RAI","Kimi","Räikkönen",1979-10-17,"Finnish","alfa","Alfa Romeo","Swiss","+1 Lap","rodriguez","Autódromo Hermanos Rodríguez","Mexico City","Mexico",19.4042,-99.0907,"2227"
32,1,208,813,943,22867,13,13,"11","11",11,0,71,"+38.538","6193576","70","14","1:22.963","186.762",2015,17,"Mexican Grand Prix",2015-11-01,"19:00:00","maldonado","13","MAL","Pastor","Maldonado",1985-03-09,"Venezuelan","lotus_f1","Lotus F1","British","Finished","rodriguez","Autódromo Hermanos Rodríguez","Mexico City","Mexico",19.4042,-99.0907,"2227"
32,11,3,13,986,23732,19,10,"11","11",11,0,70,"\N","\N","55","13","1:21.136","190.968",2017,18,"Mexican Grand Prix",2017-10-29,"19:00:00","massa","19","MAS","Felipe","Massa",1981-04-25,"Brazilian","williams","Williams","British","+1 Lap","rodriguez","Autódromo Hermanos Rodríguez","Mexico City","Mexico",19.4042,-99.0907,"2227"
32,1,131,1,966,23313,44,1,"1","1",1,25,71,"1:40:31.402","6031402","66","4","1:22.596","187.592",2016,19,"Mexican Grand Prix",2016-10-30,"19:00:00","hamilton","44","HAM","Lewis","Hamilton",1985-01-07,"British","mercedes","Mercedes","German","Finished","rodriguez","Autódromo Hermanos Rodríguez","Mexico City","Mexico",19.4042,-99.0907,"2227"
32,11,15,831,966,23327,12,19,"15","15",15,0,70,"\N","\N","58","15","1:23.657","185.213",2016,19,"Mexican Grand Prix",2016-10-30,"19:00:00","nasr","12","NAS","Felipe","Nasr",1992-08-21,"Brazilian","sauber","Sauber","Swiss","+1 Lap","rodriguez","Autódromo Hermanos Rodríguez","Mexico City","Mexico",19.4042,-99.0907,"2227"
32,23,15,831,943,22873,12,15,"\N","R",17,0,57,"\N","\N","48","16","1:23.350","185.895",2015,17,"Mexican Grand Prix",2015-11-01,"19:00:00","nasr","12","NAS","Felipe","Nasr",1992-08-21,"Brazilian","sauber","Sauber","Swiss","Brakes","rodriguez","Autódromo Hermanos Rodríguez","Mexico City","Mexico",19.4042,-99.0907,"2227"
32,12,1,838,1007,24150,2,15,"8","8",8,4,69,"\N","\N","14","11","1:21.921","189.138",2018,19,"Mexican Grand Prix",2018-10-28,"19:10:00","vandoorne","2","VAN","Stoffel","Vandoorne",1992-03-26,"Belgian","mclaren","McLaren","British","+2 Laps","rodriguez","Autódromo Hermanos Rodríguez","Mexico City","Mexico",19.4042,-99.0907,"2227"
32,22,4,832,1007,24161,55,8,"\N","R",19,0,28,"\N","\N","6","12","1:22.386","188.070",2018,19,"Mexican Grand Prix",2018-10-28,"19:10:00","sainz","55","SAI","Carlos","Sainz",1994-09-01,"Spanish","renault","Renault","French","Suspension","rodriguez","Autódromo Hermanos Rodríguez","Mexico City","Mexico",19.4042,-99.0907,"2227"
32,12,210,154,1027,24562,8,18,"17","17",17,0,69,"\N","\N","68","18","1:21.581","189.926",2019,18,"Mexican Grand Prix",2019-10-27,"19:10:00","grosjean","8","GRO","Romain","Grosjean",1986-04-17,"French","haas","Haas F1 Team","American","+2 Laps","rodriguez","Autódromo Hermanos Rodríguez","Mexico City","Mexico",19.4042,-99.0907,"2227"
32,1,131,1,1070,25307,44,2,"2","2",2,18,71,"+16.555","5935641","66","4","1:19.820","194.116",2021,18,"Mexico City Grand Prix",2021-11-07,"19:00:00","hamilton","44","HAM","Lewis","Hamilton",1985-01-07,"British","mercedes","Mercedes","German","Finished","rodriguez","Autódromo Hermanos Rodríguez","Mexico City","Mexico",19.4042,-99.0907,"2227"
32,11,117,20,1070,25312,5,9,"7","7",7,6,70,"\N","\N","70","6","1:20.460","192.572",2021,18,"Mexico City Grand Prix",2021-11-07,"19:00:00","vettel","5","VET","Sebastian","Vettel",1987-07-03,"German","aston_martin","Aston Martin","British","+1 Lap","rodriguez","Autódromo Hermanos Rodríguez","Mexico City","Mexico",19.4042,-99.0907,"2227"
32,4,209,836,966,23334,94,16,"\N","R",22,0,0,"\N","\N","\N","0","\N","\N",2016,19,"Mexican Grand Prix",2016-10-30,"19:00:00","wehrlein","94","WEH","Pascal","Wehrlein",1994-10-18,"German","manor","Manor Marussia","British","Collision","rodriguez","Autódromo Hermanos Rodríguez","Mexico City","Mexico",19.4042,-99.0907,"2227"
32,1,131,822,1027,24548,77,6,"3","3",3,15,71,"+3.553","5812457","66","5","1:19.494","194.912",2019,18,"Mexican Grand Prix",2019-10-27,"19:10:00","bottas","77","BOT","Valtteri","Bottas",1989-08-28,"Finnish","mercedes","Mercedes","German","Finished","rodriguez","Autódromo Hermanos Rodríguez","Mexico City","Mexico",19.4042,-99.0907,"2227"
32,1,9,848,1027,24550,23,5,"5","5",5,10,71,"+21.399","5830303","48","2","1:19.325","195.328",2019,18,"Mexican Grand Prix",2019-10-27,"19:10:00","albon","23","ALB","Alexander","Albon",1996-03-23,"Thai","red_bull","Red Bull","Austrian","Finished","rodriguez","Autódromo Hermanos Rodríguez","Mexico City","Mexico",19.4042,-99.0907,"2227"
32,1,6,20,1007,24144,5,4,"2","2",2,18,71,"+17.316","5926167","49","4","1:19.522","194.844",2018,19,"Mexican Grand Prix",2018-10-28,"19:10:00","vettel","5","VET","Sebastian","Vettel",1987-07-03,"German","ferrari","Ferrari","Italian","Finished","rodriguez","Autódromo Hermanos Rodríguez","Mexico City","Mexico",19.4042,-99.0907,"2227"
32,11,131,822,1007,24147,77,5,"5","5",5,10,70,"\N","\N","65","1","1:18.741","196.776",2018,19,"Mexican Grand Prix",2018-10-28,"19:10:00","bottas","77","BOT","Valtteri","Bottas",1989-08-28,"Finnish","mercedes","Mercedes","German","+1 Lap","rodriguez","Autódromo Hermanos Rodríguez","Mexico City","Mexico",19.4042,-99.0907,"2227"
32,11,3,840,986,23727,18,11,"6","6",6,8,70,"\N","\N","53","12","1:21.062","191.142",2017,18,"Mexican Grand Prix",2017-10-29,"19:00:00","stroll","18","STR","Lance","Stroll",1998-10-29,"Canadian","williams","Williams","British","+1 Lap","rodriguez","Autódromo Hermanos Rodríguez","Mexico City","Mexico",19.4042,-99.0907,"2227"
32,12,3,847,1070,25321,63,16,"16","16",16,0,69,"\N","\N","61","18","1:22.016","188.919",2021,18,"Mexico City Grand Prix",2021-11-07,"19:00:00","russell","63","RUS","George","Russell",1998-02-15,"British","williams","Williams","British","+2 Laps","rodriguez","Autódromo Hermanos Rodríguez","Mexico City","Mexico",19.4042,-99.0907,"2227"
32,1,5,830,943,22865,33,8,"9","9",9,2,71,"+35.229","6190267","70","10","1:22.603","187.576",2015,17,"Mexican Grand Prix",2015-11-01,"19:00:00","max_verstappen","33","VER","Max","Verstappen",1997-09-30,"Dutch","toro_rosso","Toro Rosso","Italian","Finished","rodriguez","Autódromo Hermanos Rodríguez","Mexico City","Mexico",19.4042,-99.0907,"2227"
32,12,5,842,1007,24152,10,20,"10","10",10,1,69,"\N","\N","69","17","1:22.755","187.232",2018,19,"Mexican Grand Prix",2018-10-28,"19:10:00","gasly","10","GAS","Pierre","Gasly",1996-02-07,"French","toro_rosso","Toro Rosso","Italian","+2 Laps","rodriguez","Autódromo Hermanos Rodríguez","Mexico City","Mexico",19.4042,-99.0907,"2227"
32,12,209,839,966,23333,31,20,"21","21",21,0,69,"\N","\N","43","21","1:24.964","182.364",2016,19,"Mexican Grand Prix",2016-10-30,"19:00:00","ocon","31","OCO","Esteban","Ocon",1996-09-17,"French","manor","Manor Marussia","British","+2 Laps","rodriguez","Autódromo Hermanos Rodríguez","Mexico City","Mexico",19.4042,-99.0907,"2227"
32,11,1,846,1070,25315,4,18,"10","10",10,1,70,"\N","\N","67","8","1:20.617","192.197",2021,18,"Mexico City Grand Prix",2021-11-07,"19:00:00","norris","4","NOR","Lando","Norris",1999-11-13,"British","mclaren","McLaren","British","+1 Lap","rodriguez","Autódromo Hermanos Rodríguez","Mexico City","Mexico",19.4042,-99.0907,"2227"
32,5,5,843,986,23739,28,17,"\N","R",18,0,30,"\N","\N","28","19","1:22.572","187.647",2017,18,"Mexican Grand Prix",2017-10-29,"19:00:00","brendon_hartley","28","HAR","Brendon","Hartley",1989-11-10,"New Zealander","toro_rosso","Toro Rosso","Italian","Engine","rodriguez","Autódromo Hermanos Rodríguez","Mexico City","Mexico",19.4042,-99.0907,"2227"
32,1,6,20,1027,24547,5,2,"2","2",2,18,71,"+1.766","5810670","68","3","1:19.381","195.190",2019,18,"Mexican Grand Prix",2019-10-27,"19:10:00","vettel","5","VET","Sebastian","Vettel",1987-07-03,"German","ferrari","Ferrari","Italian","Finished","rodriguez","Autódromo Hermanos Rodríguez","Mexico City","Mexico",19.4042,-99.0907,"2227"
32,12,15,844,1007,24149,16,9,"7","7",7,6,69,"\N","\N","67","6","1:20.537","192.388",2018,19,"Mexican Grand Prix",2018-10-28,"19:10:00","leclerc","16","LEC","Charles","Leclerc",1997-10-16,"Monegasque","sauber","Sauber","Swiss","+2 Laps","rodriguez","Autódromo Hermanos Rodríguez","Mexico City","Mexico",19.4042,-99.0907,"2227"
32,1,9,826,943,22860,26,4,"4","4",4,12,71,"+16.572","6171610","69","3","1:21.549","190.001",2015,17,"Mexican Grand Prix",2015-11-01,"19:00:00","kvyat","26","KVY","Daniil","Kvyat",1994-04-26,"Russian","red_bull","Red Bull","Austrian","Finished","rodriguez","Autódromo Hermanos Rodríguez","Mexico City","Mexico",19.4042,-99.0907,"2227"
32,11,1,4,966,23325,14,11,"13","13",13,0,70,"\N","\N","69","16","1:23.668","185.189",2016,19,"Mexican Grand Prix",2016-10-30,"19:00:00","alonso","14","ALO","Fernando","Alonso",1981-07-29,"Spanish","mclaren","McLaren","British","+1 Lap","rodriguez","Autódromo Hermanos Rodríguez","Mexico City","Mexico",19.4042,-99.0907,"2227"
32,4,6,8,943,22875,7,19,"\N","R",19,0,21,"\N","\N","20","17","1:24.054","184.338",2015,17,"Mexican Grand Prix",2015-11-01,"19:00:00","raikkonen","7","RAI","Kimi","Räikkönen",1979-10-17,"Finnish","ferrari","Ferrari","Italian","Collision","rodriguez","Autódromo Hermanos Rodríguez","Mexico City","Mexico",19.4042,-99.0907,"2227"
32,1,15,828,943,22868,9,14,"12","12",12,0,71,"+40.180","6195218","62","11","1:22.716","187.320",2015,17,"Mexican Grand Prix",2015-11-01,"19:00:00","ericsson","9","ERI","Marcus","Ericsson",1990-09-02,"Swedish","sauber","Sauber","Swiss","Finished","rodriguez","Autódromo Hermanos Rodríguez","Mexico City","Mexico",19.4042,-99.0907,"2227"
32,1,6,8,986,23724,7,5,"3","3",3,15,71,"+54.007","5840559","59","6","1:20.054","193.549",2017,18,"Mexican Grand Prix",2017-10-29,"19:00:00","raikkonen","7","RAI","Kimi","Räikkönen",1979-10-17,"Finnish","ferrari","Ferrari","Italian","Finished","rodriguez","Autódromo Hermanos Rodríguez","Mexico City","Mexico",19.4042,-99.0907,"2227"
32,1,9,830,1027,24551,33,4,"6","6",6,8,71,"+1:08.807","5877711","65","11","1:20.406","192.702",2019,18,"Mexican Grand Prix",2019-10-27,"19:10:00","max_verstappen","33","VER","Max","Verstappen",1997-09-30,"Dutch","red_bull","Red Bull","Austrian","Finished","rodriguez","Autódromo Hermanos Rodríguez","Mexico City","Mexico",19.4042,-99.0907,"2227"
32,11,4,835,966,23326,30,21,"14","14",14,0,70,"\N","\N","64","20","1:24.574","183.205",2016,19,"Mexican Grand Prix",2016-10-30,"19:00:00","jolyon_palmer","30","PAL","Jolyon","Palmer",1991-01-20,"British","renault","Renault","French","+1 Lap","rodriguez","Autódromo Hermanos Rodríguez","Mexico City","Mexico",19.4042,-99.0907,"2227"
32,5,15,828,986,23738,9,12,"\N","R",17,0,55,"\N","\N","54","17","1:21.686","189.682",2017,18,"Mexican Grand Prix",2017-10-29,"19:00:00","ericsson","9","ERI","Marcus","Ericsson",1990-09-02,"Swedish","sauber","Sauber","Swiss","Engine","rodriguez","Autódromo Hermanos Rodríguez","Mexico City","Mexico",19.4042,-99.0907,"2227"
32,1,3,13,966,23321,19,9,"9","9",9,2,71,"+1:16.206","6107608","64","12","1:23.576","185.392",2016,19,"Mexican Grand Prix",2016-10-30,"19:00:00","massa","19","MAS","Felipe","Massa",1981-04-25,"Brazilian","williams","Williams","British","Finished","rodriguez","Autódromo Hermanos Rodríguez","Mexico City","Mexico",19.4042,-99.0907,"2227"
32,54,1,846,1027,24565,4,8,"\N","R",20,0,48,"\N","\N","46","19","1:21.643","189.782",2019,18,"Mexican Grand Prix",2019-10-27,"19:10:00","norris","4","NOR","Lando","Norris",1999-11-13,"British","mclaren","McLaren","British","Withdrew","rodriguez","Autódromo Hermanos Rodríguez","Mexico City","Mexico",19.4042,-99.0907,"2227"
32,1,9,830,1007,24143,33,2,"1","1",1,25,71,"1:38:28.851","5908851","66","2","1:19.186","195.670",2018,19,"Mexican Grand Prix",2018-10-28,"19:10:00","max_verstappen","33","VER","Max","Verstappen",1997-09-30,"Dutch","red_bull","Red Bull","Austrian","Finished","rodriguez","Autódromo Hermanos Rodríguez","Mexico City","Mexico",19.4042,-99.0907,"2227"
32,11,210,154,966,23332,8,22,"20","20",20,0,70,"\N","\N","53","8","1:23.278","186.056",2016,19,"Mexican Grand Prix",2016-10-30,"19:00:00","grosjean","8","GRO","Romain","Grosjean",1986-04-17,"French","haas","Haas F1 Team","American","+1 Lap","rodriguez","Autódromo Hermanos Rodríguez","Mexico City","Mexico",19.4042,-99.0907,"2227"
32,12,131,822,1070,25320,77,1,"15","15",15,0,69,"\N","\N","69","1","1:17.774","199.223",2021,18,"Mexico City Grand Prix",2021-11-07,"19:00:00","bottas","77","BOT","Valtteri","Bottas",1989-08-28,"Finnish","mercedes","Mercedes","German","+2 Laps","rodriguez","Autódromo Hermanos Rodríguez","Mexico City","Mexico",19.4042,-99.0907,"2227"
32,11,210,821,966,23331,21,17,"19","19",19,0,70,"\N","\N","63","10","1:23.456","185.659",2016,19,"Mexican Grand Prix",2016-10-30,"19:00:00","gutierrez","21","GUT","Esteban","Gutiérrez",1991-08-05,"Mexican","haas","Haas F1 Team","American","+1 Lap","rodriguez","Autódromo Hermanos Rodríguez","Mexico City","Mexico",19.4042,-99.0907,"2227"
32,1,9,817,943,22861,3,5,"5","5",5,10,71,"+19.682","6174720","70","5","1:21.625","189.824",2015,17,"Mexican Grand Prix",2015-11-01,"19:00:00","ricciardo","3","RIC","Daniel","Ricciardo",1989-07-01,"Australian","red_bull","Red Bull","Austrian","Finished","rodriguez","Autódromo Hermanos Rodríguez","Mexico City","Mexico",19.4042,-99.0907,"2227"
32,1,5,832,943,22869,55,11,"13","13",13,0,71,"+48.772","6203810","46","8","1:22.172","188.560",2015,17,"Mexican Grand Prix",2015-11-01,"19:00:00","sainz","55","SAI","Carlos","Sainz",1994-09-01,"Spanish","toro_rosso","Toro Rosso","Italian","Finished","rodriguez","Autódromo Hermanos Rodríguez","Mexico City","Mexico",19.4042,-99.0907,"2227"
32,11,211,840,1027,24557,18,16,"12","12",12,0,70,"\N","\N","68","15","1:20.922","191.473",2019,18,"Mexican Grand Prix",2019-10-27,"19:10:00","stroll","18","STR","Lance","Stroll",1998-10-29,"Canadian","racing_point","Racing Point","British","+1 Lap","rodriguez","Autódromo Hermanos Rodríguez","Mexico City","Mexico",19.4042,-99.0907,"2227"
32,1,208,154,943,22866,8,12,"10","10",10,1,71,"+37.934","6192972","69","13","1:22.893","186.920",2015,17,"Mexican Grand Prix",2015-11-01,"19:00:00","grosjean","8","GRO","Romain","Grosjean",1986-04-17,"French","lotus_f1","Lotus F1","British","Finished","rodriguez","Autódromo Hermanos Rodríguez","Mexico City","Mexico",19.4042,-99.0907,"2227"
32,11,1,4,986,23731,14,18,"10","10",10,1,70,"\N","\N","50","11","1:21.014","191.255",2017,18,"Mexican Grand Prix",2017-10-29,"19:00:00","alonso","14","ALO","Fernando","Alonso",1981-07-29,"Spanish","mclaren","McLaren","British","+1 Lap","rodriguez","Autódromo Hermanos Rodríguez","Mexico City","Mexico",19.4042,-99.0907,"2227"
32,12,15,828,1007,24151,9,10,"9","9",9,2,69,"\N","\N","18","14","1:22.440","187.947",2018,19,"Mexican Grand Prix",2018-10-28,"19:10:00","ericsson","9","ERI","Marcus","Ericsson",1990-09-02,"Swedish","sauber","Sauber","Swiss","+2 Laps","rodriguez","Autódromo Hermanos Rodríguez","Mexico City","Mexico",19.4042,-99.0907,"2227"
32,11,10,839,986,23726,31,6,"5","5",5,10,70,"\N","\N","67","9","1:20.946","191.416",2017,18,"Mexican Grand Prix",2017-10-29,"19:00:00","ocon","31","OCO","Esteban","Ocon",1996-09-17,"French","force_india","Force India","Indian","+1 Lap","rodriguez","Autódromo Hermanos Rodríguez","Mexico City","Mexico",19.4042,-99.0907,"2227"
32,1,6,20,986,23725,5,1,"4","4",4,12,71,"+1:10.078","5856630","68","1","1:18.785","196.666",2017,18,"Mexican Grand Prix",2017-10-29,"19:00:00","vettel","5","VET","Sebastian","Vettel",1987-07-03,"German","ferrari","Ferrari","Italian","Finished","rodriguez","Autódromo Hermanos Rodríguez","Mexico City","Mexico",19.4042,-99.0907,"2227"
32,11,15,828,966,23323,9,15,"11","11",11,0,70,"\N","\N","65","18","1:24.340","183.713",2016,19,"Mexican Grand Prix",2016-10-30,"19:00:00","ericsson","9","ERI","Marcus","Ericsson",1990-09-02,"Swedish","sauber","Sauber","Swiss","+1 Lap","rodriguez","Autódromo Hermanos Rodríguez","Mexico City","Mexico",19.4042,-99.0907,"2227"
32,1,211,815,1027,24552,11,11,"7","7",7,6,71,"+1:13.819","5882723","70","12","1:20.485","192.512",2019,18,"Mexican Grand Prix",2019-10-27,"19:10:00","perez","11","PER","Sergio","Pérez",1990-01-26,"Mexican","racing_point","Racing Point","British","Finished","rodriguez","Autódromo Hermanos Rodríguez","Mexico City","Mexico",19.4042,-99.0907,"2227"
32,1,9,830,1070,25306,33,3,"1","1",1,25,71,"1:38:39.086","5919086","52","2","1:18.999","196.134",2021,18,"Mexico City Grand Prix",2021-11-07,"19:00:00","max_verstappen","33","VER","Max","Verstappen",1997-09-30,"Dutch","red_bull","Red Bull","Austrian","Finished","rodriguez","Autódromo Hermanos Rodríguez","Mexico City","Mexico",19.4042,-99.0907,"2227"
32,1,131,822,986,23723,77,4,"2","2",2,18,71,"+19.678","5806230","70","3","1:19.374","195.207",2017,18,"Mexican Grand Prix",2017-10-29,"19:00:00","bottas","77","BOT","Valtteri","Bottas",1989-08-28,"Finnish","mercedes","Mercedes","German","Finished","rodriguez","Autódromo Hermanos Rodríguez","Mexico City","Mexico",19.4042,-99.0907,"2227"
32,1,3,822,966,23320,77,8,"8","8",8,4,71,"+1:05.612","6097014","65","11","1:23.540","185.472",2016,19,"Mexican Grand Prix",2016-10-30,"19:00:00","bottas","77","BOT","Valtteri","Bottas",1989-08-28,"Finnish","williams","Williams","British","Finished","rodriguez","Autódromo Hermanos Rodríguez","Mexico City","Mexico",19.4042,-99.0907,"2227"
32,4,210,854,1070,25324,47,14,"\N","R",19,0,0,"\N","\N","\N","0","\N","\N",2021,18,"Mexico City Grand Prix",2021-11-07,"19:00:00","mick_schumacher","47","MSC","Mick","Schumacher",1999-03-22,"German","haas","Haas F1 Team","American","Collision","rodriguez","Autódromo Hermanos Rodríguez","Mexico City","Mexico",19.4042,-99.0907,"2227"
32,1,131,1,1007,24146,44,3,"4","4",4,12,71,"+1:18.738","5987589","49","8","1:20.728","191.933",2018,19,"Mexican Grand Prix",2018-10-28,"19:10:00","hamilton","44","HAM","Lewis","Hamilton",1985-01-07,"British","mercedes","Mercedes","German","Finished","rodriguez","Autódromo Hermanos Rodríguez","Mexico City","Mexico",19.4042,-99.0907,"2227"
32,11,214,4,1070,25314,14,12,"9","9",9,2,70,"\N","\N","54","10","1:20.711","191.973",2021,18,"Mexico City Grand Prix",2021-11-07,"19:00:00","alonso","14","ALO","Fernando","Alonso",1981-07-29,"Spanish","alpine","Alpine F1 Team","French","+1 Lap","rodriguez","Autódromo Hermanos Rodríguez","Mexico City","Mexico",19.4042,-99.0907,"2227"
32,13,210,154,1007,24158,8,18,"16","16",16,0,68,"\N","\N","46","9","1:21.370","190.419",2018,19,"Mexican Grand Prix",2018-10-28,"19:10:00","grosjean","8","GRO","Romain","Grosjean",1986-04-17,"French","haas","Haas F1 Team","American","+3 Laps","rodriguez","Autódromo Hermanos Rodríguez","Mexico City","Mexico",19.4042,-99.0907,"2227"
32,1,213,842,1070,25309,10,5,"4","4",4,12,71,"+1:03.845","5982931","66","7","1:20.510","192.453",2021,18,"Mexico City Grand Prix",2021-11-07,"19:00:00","gasly","10","GAS","Pierre","Gasly",1996-02-07,"French","alphatauri","AlphaTauri","Italian","Finished","rodriguez","Autódromo Hermanos Rodríguez","Mexico City","Mexico",19.4042,-99.0907,"2227"
32,1,10,815,966,23322,11,12,"10","10",10,1,71,"+1:16.798","6108200","62","13","1:23.607","185.324",2016,19,"Mexican Grand Prix",2016-10-30,"19:00:00","perez","11","PER","Sergio","Pérez",1990-01-26,"Mexican","force_india","Force India","Indian","Finished","rodriguez","Autódromo Hermanos Rodríguez","Mexico City","Mexico",19.4042,-99.0907,"2227"
32,12,4,807,1007,24148,27,7,"6","6",6,8,69,"\N","\N","67","7","1:20.637","192.150",2018,19,"Mexican Grand Prix",2018-10-28,"19:10:00","hulkenberg","27","HUL","Nico","Hülkenberg",1987-08-19,"German","renault","Renault","French","+2 Laps","rodriguez","Autódromo Hermanos Rodríguez","Mexico City","Mexico",19.4042,-99.0907,"2227"
32,1,131,3,943,22857,6,1,"1","1",1,25,71,"1:42:35.038","6155038","67","1","1:20.521","192.426",2015,17,"Mexican Grand Prix",2015-11-01,"19:00:00","rosberg","6","ROS","Nico","Rosberg",1985-06-27,"German","mercedes","Mercedes","German","Finished","rodriguez","Autódromo Hermanos Rodríguez","Mexico City","Mexico",19.4042,-99.0907,"2227"
32,1,9,817,966,23315,3,4,"3","3",3,15,71,"+20.858","6052260","53","1","1:21.134","190.972",2016,19,"Mexican Grand Prix",2016-10-30,"19:00:00","ricciardo","3","RIC","Daniel","Ricciardo",1989-07-01,"Australian","red_bull","Red Bull","Austrian","Finished","rodriguez","Autódromo Hermanos Rodríguez","Mexico City","Mexico",19.4042,-99.0907,"2227"
32,1,131,1,1027,24546,44,3,"1","1",1,25,71,"1:36:48.904","5808904","66","4","1:19.461","194.993",2019,18,"Mexican Grand Prix",2019-10-27,"19:10:00","hamilton","44","HAM","Lewis","Hamilton",1985-01-07,"British","mercedes","Mercedes","German","Finished","rodriguez","Autódromo Hermanos Rodríguez","Mexico City","Mexico",19.4042,-99.0907,"2227"
32,11,5,842,986,23734,10,20,"13","13",13,0,70,"\N","\N","70","8","1:20.859","191.622",2017,18,"Mexican Grand Prix",2017-10-29,"19:00:00","gasly","10","GAS","Pierre","Gasly",1996-02-07,"French","toro_rosso","Toro Rosso","Italian","+1 Lap","rodriguez","Autódromo Hermanos Rodríguez","Mexico City","Mexico",19.4042,-99.0907,"2227"
32,11,6,832,1070,25311,55,6,"6","6",6,8,70,"\N","\N","63","5","1:20.081","193.484",2021,18,"Mexico City Grand Prix",2021-11-07,"19:00:00","sainz","55","SAI","Carlos","Sainz",1994-09-01,"Spanish","ferrari","Ferrari","Italian","+1 Lap","rodriguez","Autódromo Hermanos Rodríguez","Mexico City","Mexico",19.4042,-99.0907,"2227"
32,25,51,8,1027,24564,7,14,"\N","R",19,0,58,"\N","\N","55","8","1:20.082","193.481",2019,18,"Mexican Grand Prix",2019-10-27,"19:10:00","raikkonen","7","RAI","Kimi","Räikkönen",1979-10-17,"Finnish","alfa","Alfa Romeo","Swiss","Overheating","rodriguez","Autódromo Hermanos Rodríguez","Mexico City","Mexico",19.4042,-99.0907,"2227"
32,1,131,3,966,23314,6,2,"2","2",2,18,71,"+8.354","6039756","43","5","1:22.792","187.148",2016,19,"Mexican Grand Prix",2016-10-30,"19:00:00","rosberg","6","ROS","Nico","Rosberg",1985-06-27,"German","mercedes","Mercedes","German","Finished","rodriguez","Autódromo Hermanos Rodríguez","Mexico City","Mexico",19.4042,-99.0907,"2227"
32,31,1,4,943,22876,14,18,"\N","R",20,0,1,"\N","\N","\N","0","\N","\N",2015,17,"Mexican Grand Prix",2015-11-01,"19:00:00","alonso","14","ALO","Fernando","Alonso",1981-07-29,"Spanish","mclaren","McLaren","British","Retired","rodriguez","Autódromo Hermanos Rodríguez","Mexico City","Mexico",19.4042,-99.0907,"2227"
32,13,210,853,1070,25323,9,15,"18","18",18,0,68,"\N","\N","61","15","1:21.402","190.344",2021,18,"Mexico City Grand Prix",2021-11-07,"19:00:00","mazepin","9","MAZ","Nikita","Mazepin",1999-03-02,"Russian","haas","Haas F1 Team","American","+3 Laps","rodriguez","Autódromo Hermanos Rodríguez","Mexico City","Mexico",19.4042,-99.0907,"2227"
32,5,1,4,1007,24162,14,12,"\N","R",20,0,3,"\N","\N","3","20","1:24.197","184.025",2018,19,"Mexican Grand Prix",2018-10-28,"19:10:00","alonso","14","ALO","Fernando","Alonso",1981-07-29,"Spanish","mclaren","McLaren","British","Engine","rodriguez","Autódromo Hermanos Rodríguez","Mexico City","Mexico",19.4042,-99.0907,"2227"
32,11,4,807,1027,24555,27,12,"10","10",10,1,70,"\N","\N","59","14","1:20.791","191.783",2019,18,"Mexican Grand Prix",2019-10-27,"19:10:00","hulkenberg","27","HUL","Nico","Hülkenberg",1987-08-19,"German","renault","Renault","French","+1 Lap","rodriguez","Autódromo Hermanos Rodríguez","Mexico City","Mexico",19.4042,-99.0907,"2227"
32,11,51,841,1070,25316,99,11,"11","11",11,0,70,"\N","\N","68","16","1:21.523","190.061",2021,18,"Mexico City Grand Prix",2021-11-07,"19:00:00","giovinazzi","99","GIO","Antonio","Giovinazzi",1993-12-14,"Italian","alfa","Alfa Romeo","Swiss","+1 Lap","rodriguez","Autódromo Hermanos Rodríguez","Mexico City","Mexico",19.4042,-99.0907,"2227"
32,11,1,18,966,23324,22,13,"12","12",12,0,70,"\N","\N","70","17","1:23.777","184.948",2016,19,"Mexican Grand Prix",2016-10-30,"19:00:00","button","22","BUT","Jenson","Button",1980-01-19,"British","mclaren","McLaren","British","+1 Lap","rodriguez","Autódromo Hermanos Rodríguez","Mexico City","Mexico",19.4042,-99.0907,"2227"
32,12,3,9,1027,24563,88,20,"18","18",18,0,69,"\N","\N","63","13","1:20.696","192.009",2019,18,"Mexican Grand Prix",2019-10-27,"19:10:00","kubica","88","KUB","Robert","Kubica",1984-12-07,"Polish","williams","Williams","British","+2 Laps","rodriguez","Autódromo Hermanos Rodríguez","Mexico City","Mexico",19.4042,-99.0907,"2227"
32,1,9,815,1070,25308,11,4,"3","3",3,15,71,"+17.752","5936838","49","3","1:19.468","194.976",2021,18,"Mexico City Grand Prix",2021-11-07,"19:00:00","perez","11","PER","Sergio","Pérez",1990-01-26,"Mexican","red_bull","Red Bull","Austrian","Finished","rodriguez","Autódromo Hermanos Rodríguez","Mexico City","Mexico",19.4042,-99.0907,"2227"
32,11,1,817,1070,25317,3,7,"12","12",12,0,70,"\N","\N","40","13","1:21.069","191.126",2021,18,"Mexico City Grand Prix",2021-11-07,"19:00:00","ricciardo","3","RIC","Daniel","Ricciardo",1989-07-01,"Australian","mclaren","McLaren","British","+1 Lap","rodriguez","Autódromo Hermanos Rodríguez","Mexico City","Mexico",19.4042,-99.0907,"2227"
32,1,10,807,943,22863,27,10,"7","7",7,6,71,"+25.860","6180898","69","9","1:22.391","188.059",2015,17,"Mexican Grand Prix",2015-11-01,"19:00:00","hulkenberg","27","HUL","Nico","Hülkenberg",1987-08-19,"German","force_india","Force India","Indian","Finished","rodriguez","Autódromo Hermanos Rodríguez","Mexico City","Mexico",19.4042,-99.0907,"2227"
32,11,5,842,1027,24554,10,10,"9","9",9,2,70,"\N","\N","53","6","1:19.530","194.824",2019,18,"Mexican Grand Prix",2019-10-27,"19:10:00","gasly","10","GAS","Pierre","Gasly",1996-02-07,"French","toro_rosso","Toro Rosso","Italian","+1 Lap","rodriguez","Autódromo Hermanos Rodríguez","Mexico City","Mexico",19.4042,-99.0907,"2227"
32,1,6,8,966,23318,7,6,"6","6",6,8,71,"+49.376","6080778","47","3","1:22.512","187.783",2016,19,"Mexican Grand Prix",2016-10-30,"19:00:00","raikkonen","7","RAI","Kimi","Räikkönen",1979-10-17,"Finnish","ferrari","Ferrari","Italian","Finished","rodriguez","Autódromo Hermanos Rodríguez","Mexico City","Mexico",19.4042,-99.0907,"2227"
32,12,3,847,1027,24561,63,19,"16","16",16,0,69,"\N","\N","69","17","1:21.286","190.615",2019,18,"Mexican Grand Prix",2019-10-27,"19:10:00","russell","63","RUS","George","Russell",1998-02-15,"British","williams","Williams","British","+2 Laps","rodriguez","Autódromo Hermanos Rodríguez","Mexico City","Mexico",19.4042,-99.0907,"2227"
32,12,10,839,1007,24153,31,11,"11","11",11,0,69,"\N","\N","6","15","1:22.629","187.517",2018,19,"Mexican Grand Prix",2018-10-28,"19:10:00","ocon","31","OCO","Esteban","Ocon",1996-09-17,"French","force_india","Force India","Indian","+2 Laps","rodriguez","Autódromo Hermanos Rodríguez","Mexico City","Mexico",19.4042,-99.0907,"2227"
32,12,3,849,1070,25322,6,13,"17","17",17,0,69,"\N","\N","66","17","1:21.546","190.008",2021,18,"Mexico City Grand Prix",2021-11-07,"19:00:00","latifi","6","LAT","Nicholas","Latifi",1995-06-29,"Canadian","williams","Williams","British","+2 Laps","rodriguez","Autódromo Hermanos Rodríguez","Mexico City","Mexico",19.4042,-99.0907,"2227"
32,5,4,832,986,23737,55,8,"\N","R",16,0,59,"\N","\N","34","15","1:21.360","190.442",2017,18,"Mexican Grand Prix",2017-10-29,"19:00:00","sainz","55","SAI","Carlos","Sainz",1994-09-01,"Spanish","renault","Renault","French","Engine","rodriguez","Autódromo Hermanos Rodríguez","Mexico City","Mexico",19.4042,-99.0907,"2227"
32,12,3,845,1007,24155,35,19,"13","13",13,0,69,"\N","\N","66","16","1:22.640","187.492",2018,19,"Mexican Grand Prix",2018-10-28,"19:10:00","sirotkin","35","SIR","Sergey","Sirotkin",1995-08-27,"Russian","williams","Williams","British","+2 Laps","rodriguez","Autódromo Hermanos Rodríguez","Mexico City","Mexico",19.4042,-99.0907,"2227"
32,1,3,822,943,22859,77,6,"3","3",3,15,71,"+14.592","6169630","68","4","1:21.585","189.917",2015,17,"Mexican Grand Prix",2015-11-01,"19:00:00","bottas","77","BOT","Valtteri","Bottas",1989-08-28,"Finnish","williams","Williams","British","Finished","rodriguez","Autódromo Hermanos Rodríguez","Mexico City","Mexico",19.4042,-99.0907,"2227"
32,11,214,839,1070,25318,31,19,"13","13",13,0,70,"\N","\N","67","14","1:21.348","190.470",2021,18,"Mexico City Grand Prix",2021-11-07,"19:00:00","ocon","31","OCO","Esteban","Ocon",1996-09-17,"French","alpine","Alpine F1 Team","French","+1 Lap","rodriguez","Autódromo Hermanos Rodríguez","Mexico City","Mexico",19.4042,-99.0907,"2227"
32,1,1,18,943,22870,22,20,"14","14",14,0,71,"+49.214","6204252","49","15","1:23.006","186.666",2015,17,"Mexican Grand Prix",2015-11-01,"19:00:00","button","22","BUT","Jenson","Button",1980-01-19,"British","mclaren","McLaren","British","Finished","rodriguez","Autódromo Hermanos Rodríguez","Mexico City","Mexico",19.4042,-99.0907,"2227"
34,1,6,20,1017,24350,5,7,"5","5",5,11,53,"+1:02.796","5133994","53","1","1:32.740","226.775",2019,8,"French Grand Prix",2019-06-23,"13:10:00","vettel","5","VET","Sebastian","Vettel",1987-07-03,"German","ferrari","Ferrari","Italian","Finished","ricard","Circuit Paul Ricard","Le Castellet","France",43.2506,5.79167,"432"
34,11,51,841,1017,24361,99,10,"16","16",16,0,52,"\N","\N","50","13","1:35.115","221.113",2019,8,"French Grand Prix",2019-06-23,"13:10:00","giovinazzi","99","GIO","Antonio","Giovinazzi",1993-12-14,"Italian","alfa","Alfa Romeo","Swiss","+1 Lap","ricard","Circuit Paul Ricard","Le Castellet","France",43.2506,5.79167,"432"
34,11,51,8,1059,25102,7,17,"17","17",17,0,52,"\N","\N","46","10","1:37.992","214.621",2021,7,"French Grand Prix",2021-06-20,"13:00:00","raikkonen","7","RAI","Kimi","Räikkönen",1979-10-17,"Finnish","alfa","Alfa Romeo","Swiss","+1 Lap","ricard","Circuit Paul Ricard","Le Castellet","France",43.2506,5.79167,"432"
34,4,10,839,996,23940,31,11,"\N","R",19,0,0,"\N","\N","\N","0","\N","\N",2018,8,"French Grand Prix",2018-06-24,"14:10:00","ocon","31","OCO","Esteban","Ocon",1996-09-17,"French","force_india","Force India","Indian","Collision","ricard","Circuit Paul Ricard","Le Castellet","France",43.2506,5.79167,"432"
34,11,51,841,1059,25100,99,13,"15","15",15,0,52,"\N","\N","36","16","1:38.702","213.077",2021,7,"French Grand Prix",2021-06-20,"13:00:00","giovinazzi","99","GIO","Antonio","Giovinazzi",1993-12-14,"Italian","alfa","Alfa Romeo","Swiss","+1 Lap","ricard","Circuit Paul Ricard","Le Castellet","France",43.2506,5.79167,"432"
34,11,1,838,996,23933,2,17,"12","12",12,0,52,"\N","\N","48","14","1:36.675","217.545",2018,8,"French Grand Prix",2018-06-24,"14:10:00","vandoorne","2","VAN","Stoffel","Vandoorne",1992-03-26,"Belgian","mclaren","McLaren","British","+1 Lap","ricard","Circuit Paul Ricard","Le Castellet","France",43.2506,5.79167,"432"
34,11,210,854,1059,25104,47,15,"19","19",19,0,52,"\N","\N","51","17","1:38.847","212.765",2021,7,"French Grand Prix",2021-06-20,"13:00:00","mick_schumacher","47","MSC","Mick","Schumacher",1999-03-22,"German","haas","Haas F1 Team","American","+1 Lap","ricard","Circuit Paul Ricard","Le Castellet","France",43.2506,5.79167,"432"
34,11,213,852,1059,25098,22,0,"13","13",13,0,52,"\N","\N","18","19","1:38.980","212.479",2021,7,"French Grand Prix",2021-06-20,"13:00:00","tsunoda","22","TSU","Yuki","Tsunoda",2000-05-11,"Japanese","alphatauri","AlphaTauri","Italian","+1 Lap","ricard","Circuit Paul Ricard","Le Castellet","France",43.2506,5.79167,"432"
34,11,3,849,1059,25103,6,16,"18","18",18,0,52,"\N","\N","50","12","1:38.313","213.920",2021,7,"French Grand Prix",2021-06-20,"13:00:00","latifi","6","LAT","Nicholas","Latifi",1995-06-29,"Canadian","williams","Williams","British","+1 Lap","ricard","Circuit Paul Ricard","Le Castellet","France",43.2506,5.79167,"432"
34,1,9,817,996,23925,3,5,"4","4",4,12,53,"+34.736","5446121","37","7","1:35.382","220.494",2018,8,"French Grand Prix",2018-06-24,"14:10:00","ricciardo","3","RIC","Daniel","Ricciardo",1989-07-01,"Australian","red_bull","Red Bull","Austrian","Finished","ricard","Circuit Paul Ricard","Le Castellet","France",43.2506,5.79167,"432"
34,1,6,8,996,23924,7,6,"3","3",3,15,53,"+25.888","5437273","48","3","1:34.398","222.792",2018,8,"French Grand Prix",2018-06-24,"14:10:00","raikkonen","7","RAI","Kimi","Räikkönen",1979-10-17,"Finnish","ferrari","Ferrari","Italian","Finished","ricard","Circuit Paul Ricard","Le Castellet","France",43.2506,5.79167,"432"
34,1,6,20,996,23926,5,3,"5","5",5,10,53,"+1:01.935","5473320","42","4","1:34.485","222.587",2018,8,"French Grand Prix",2018-06-24,"14:10:00","vettel","5","VET","Sebastian","Vettel",1987-07-03,"German","ferrari","Ferrari","Italian","Finished","ricard","Circuit Paul Ricard","Le Castellet","France",43.2506,5.79167,"432"
34,29,3,840,996,23938,18,19,"17","17",17,0,48,"\N","\N","35","18","1:38.319","213.907",2018,8,"French Grand Prix",2018-06-24,"14:10:00","stroll","18","STR","Lance","Stroll",1998-10-29,"Canadian","williams","Williams","British","Puncture","ricard","Circuit Paul Ricard","Le Castellet","France",43.2506,5.79167,"432"
34,1,1,846,1059,25090,4,8,"5","5",5,10,53,"+1:04.032","5309802","52","6","1:37.425","215.870",2021,7,"French Grand Prix",2021-06-20,"13:00:00","norris","4","NOR","Lando","Norris",1999-11-13,"British","mclaren","McLaren","British","Finished","ricard","Circuit Paul Ricard","Le Castellet","France",43.2506,5.79167,"432"
34,1,1,832,1017,24351,55,6,"6","6",6,8,53,"+1:35.462","5166660","52","6","1:34.561","222.408",2019,8,"French Grand Prix",2019-06-23,"13:10:00","sainz","55","SAI","Carlos","Sainz",1994-09-01,"Spanish","mclaren","McLaren","British","Finished","ricard","Circuit Paul Ricard","Le Castellet","France",43.2506,5.79167,"432"
34,1,131,1,996,23922,44,1,"1","1",1,25,53,"1:30:11.385","5411385","49","5","1:34.509","222.531",2018,8,"French Grand Prix",2018-06-24,"14:10:00","hamilton","44","HAM","Lewis","Hamilton",1985-01-07,"British","mercedes","Mercedes","German","Finished","ricard","Circuit Paul Ricard","Le Castellet","France",43.2506,5.79167,"432"
34,1,15,844,996,23931,16,8,"10","10",10,1,53,"+1:33.873","5505258","45","12","1:35.977","219.127",2018,8,"French Grand Prix",2018-06-24,"14:10:00","leclerc","16","LEC","Charles","Leclerc",1997-10-16,"Monegasque","sauber","Sauber","Swiss","Finished","ricard","Circuit Paul Ricard","Le Castellet","France",43.2506,5.79167,"432"
34,1,4,807,996,23930,27,12,"9","9",9,2,53,"+1:31.989","5503374","46","11","1:35.873","219.365",2018,8,"French Grand Prix",2018-06-24,"14:10:00","hulkenberg","27","HUL","Nico","Hülkenberg",1987-08-19,"German","renault","Renault","French","Finished","ricard","Circuit Paul Ricard","Le Castellet","France",43.2506,5.79167,"432"
34,1,6,844,1017,24348,16,3,"3","3",3,15,53,"+18.985","5090183","40","4","1:33.828","224.146",2019,8,"French Grand Prix",2019-06-23,"13:10:00","leclerc","16","LEC","Charles","Leclerc",1997-10-16,"Monegasque","ferrari","Ferrari","Italian","Finished","ricard","Circuit Paul Ricard","Le Castellet","France",43.2506,5.79167,"432"
34,5,10,815,996,23939,11,13,"\N","R",18,0,27,"\N","\N","25","17","1:38.319","213.907",2018,8,"French Grand Prix",2018-06-24,"14:10:00","perez","11","PER","Sergio","Pérez",1990-01-26,"Mexican","force_india","Force India","Indian","Engine","ricard","Circuit Paul Ricard","Le Castellet","France",43.2506,5.79167,"432"
34,11,5,843,996,23935,28,20,"14","14",14,0,52,"\N","\N","40","15","1:36.839","217.176",2018,8,"French Grand Prix",2018-06-24,"14:10:00","brendon_hartley","28","HAR","Brendon","Hartley",1989-11-10,"New Zealander","toro_rosso","Toro Rosso","Italian","+1 Lap","ricard","Circuit Paul Ricard","Le Castellet","France",43.2506,5.79167,"432"
34,11,4,807,1017,24353,27,13,"8","8",8,4,52,"\N","\N","46","10","1:34.950","221.497",2019,8,"French Grand Prix",2019-06-23,"13:10:00","hulkenberg","27","HUL","Nico","Hülkenberg",1987-08-19,"German","renault","Renault","French","+1 Lap","ricard","Circuit Paul Ricard","Le Castellet","France",43.2506,5.79167,"432"
34,1,4,832,996,23929,55,7,"8","8",8,4,53,"+1:27.184","5498569","46","9","1:35.638","219.904",2018,8,"French Grand Prix",2018-06-24,"14:10:00","sainz","55","SAI","Carlos","Sainz",1994-09-01,"Spanish","renault","Renault","French","Finished","ricard","Circuit Paul Ricard","Le Castellet","France",43.2506,5.79167,"432"
34,1,214,4,1059,25093,14,9,"8","8",8,4,53,"+1:17.695","5323465","44","7","1:37.646","215.382",2021,7,"French Grand Prix",2021-06-20,"13:00:00","alonso","14","ALO","Fernando","Alonso",1981-07-29,"Spanish","alpine","Alpine F1 Team","French","Finished","ricard","Circuit Paul Ricard","Le Castellet","France",43.2506,5.79167,"432"
34,11,211,840,1017,24358,18,17,"13","13",13,0,52,"\N","\N","44","9","1:34.924","221.558",2019,8,"French Grand Prix",2019-06-23,"13:10:00","stroll","18","STR","Lance","Stroll",1998-10-29,"Canadian","racing_point","Racing Point","British","+1 Lap","ricard","Circuit Paul Ricard","Le Castellet","France",43.2506,5.79167,"432"
34,11,6,844,1059,25101,16,7,"16","16",16,0,52,"\N","\N","43","8","1:37.681","215.304",2021,7,"French Grand Prix",2021-06-20,"13:00:00","leclerc","16","LEC","Charles","Leclerc",1997-10-16,"Monegasque","ferrari","Ferrari","Italian","+1 Lap","ricard","Circuit Paul Ricard","Le Castellet","France",43.2506,5.79167,"432"
34,1,131,822,1017,24347,77,2,"2","2",2,18,53,"+18.056","5089254","43","3","1:33.586","224.725",2019,8,"French Grand Prix",2019-06-23,"13:10:00","bottas","77","BOT","Valtteri","Bottas",1989-08-28,"Finnish","mercedes","Mercedes","German","Finished","ricard","Circuit Paul Ricard","Le Castellet","France",43.2506,5.79167,"432"
34,11,210,825,1017,24362,20,15,"17","17",17,0,52,"\N","\N","50","18","1:35.692","219.780",2019,8,"French Grand Prix",2019-06-23,"13:10:00","kevin_magnussen","20","MAG","Kevin","Magnussen",1992-10-05,"Danish","haas","Haas F1 Team","American","+1 Lap","ricard","Circuit Paul Ricard","Le Castellet","France",43.2506,5.79167,"432"
34,1,131,822,1059,25089,77,3,"4","4",4,12,53,"+14.618","5260388","19","3","1:36.960","216.905",2021,7,"French Grand Prix",2021-06-20,"13:00:00","bottas","77","BOT","Valtteri","Bottas",1989-08-28,"Finnish","mercedes","Mercedes","German","Finished","ricard","Circuit Paul Ricard","Le Castellet","France",43.2506,5.79167,"432"
34,11,210,154,996,23932,8,10,"11","11",11,0,52,"\N","\N","47","10","1:35.695","219.773",2018,8,"French Grand Prix",2018-06-24,"14:10:00","grosjean","8","GRO","Romain","Grosjean",1986-04-17,"French","haas","Haas F1 Team","American","+1 Lap","ricard","Circuit Paul Ricard","Le Castellet","France",43.2506,5.79167,"432"
34,11,1,846,1017,24354,4,5,"9","9",9,2,52,"\N","\N","45","7","1:34.754","221.955",2019,8,"French Grand Prix",2019-06-23,"13:10:00","norris","4","NOR","Lando","Norris",1999-11-13,"British","mclaren","McLaren","British","+1 Lap","ricard","Circuit Paul Ricard","Le Castellet","France",43.2506,5.79167,"432"
34,11,5,848,1017,24360,23,11,"15","15",15,0,52,"\N","\N","51","12","1:35.029","221.313",2019,8,"French Grand Prix",2019-06-23,"13:10:00","albon","23","ALB","Alexander","Albon",1996-03-23,"Thai","toro_rosso","Toro Rosso","Italian","+1 Lap","ricard","Circuit Paul Ricard","Le Castellet","France",43.2506,5.79167,"432"
34,1,131,1,1017,24346,44,1,"1","1",1,25,53,"1:24:31.198","5071198","53","2","1:32.764","226.717",2019,8,"French Grand Prix",2019-06-23,"13:10:00","hamilton","44","HAM","Lewis","Hamilton",1985-01-07,"British","mercedes","Mercedes","German","Finished","ricard","Circuit Paul Ricard","Le Castellet","France",43.2506,5.79167,"432"
34,1,210,825,996,23927,20,9,"6","6",6,8,53,"+1:19.364","5490749","50","8","1:35.425","220.395",2018,8,"French Grand Prix",2018-06-24,"14:10:00","kevin_magnussen","20","MAG","Kevin","Magnussen",1992-10-05,"Danish","haas","Haas F1 Team","American","Finished","ricard","Circuit Paul Ricard","Le Castellet","France",43.2506,5.79167,"432"
34,1,6,832,1059,25096,55,5,"11","11",11,0,53,"+1:39.337","5345107","19","18","1:38.931","212.584",2021,7,"French Grand Prix",2021-06-20,"13:00:00","sainz","55","SAI","Carlos","Sainz",1994-09-01,"Spanish","ferrari","Ferrari","Italian","Finished","ricard","Circuit Paul Ricard","Le Castellet","France",43.2506,5.79167,"432"
34,4,5,842,996,23941,10,14,"\N","R",20,0,0,"\N","\N","\N","0","\N","\N",2018,8,"French Grand Prix",2018-06-24,"14:10:00","gasly","10","GAS","Pierre","Gasly",1996-02-07,"French","toro_rosso","Toro Rosso","Italian","Collision","ricard","Circuit Paul Ricard","Le Castellet","France",43.2506,5.79167,"432"
34,1,9,815,1059,25088,11,4,"3","3",3,15,53,"+8.811","5254581","53","2","1:36.693","217.504",2021,7,"French Grand Prix",2021-06-20,"13:00:00","perez","11","PER","Sergio","Pérez",1990-01-26,"Mexican","red_bull","Red Bull","Austrian","Finished","ricard","Circuit Paul Ricard","Le Castellet","France",43.2506,5.79167,"432"
34,1,9,830,1017,24349,33,4,"4","4",4,12,53,"+34.905","5106103","38","5","1:34.162","223.351",2019,8,"French Grand Prix",2019-06-23,"13:10:00","max_verstappen","33","VER","Max","Verstappen",1997-09-30,"Dutch","red_bull","Red Bull","Austrian","Finished","ricard","Circuit Paul Ricard","Le Castellet","France",43.2506,5.79167,"432"
34,1,131,1,1059,25087,44,2,"2","2",2,18,53,"+2.904","5248674","44","5","1:37.410","215.903",2021,7,"French Grand Prix",2021-06-20,"13:00:00","hamilton","44","HAM","Lewis","Hamilton",1985-01-07,"British","mercedes","Mercedes","German","Finished","ricard","Circuit Paul Ricard","Le Castellet","France",43.2506,5.79167,"432"
34,1,131,822,996,23928,77,2,"7","7",7,6,53,"+1:20.632","5492017","41","1","1:34.225","223.201",2018,8,"French Grand Prix",2018-06-24,"14:10:00","bottas","77","BOT","Valtteri","Bottas",1989-08-28,"Finnish","mercedes","Mercedes","German","Finished","ricard","Circuit Paul Ricard","Le Castellet","France",43.2506,5.79167,"432"
34,12,3,847,1017,24364,63,20,"19","19",19,0,51,"\N","\N","51","19","1:35.830","219.463",2019,8,"French Grand Prix",2019-06-23,"13:10:00","russell","63","RUS","George","Russell",1998-02-15,"British","williams","Williams","British","+2 Laps","ricard","Circuit Paul Ricard","Le Castellet","France",43.2506,5.79167,"432"
34,31,210,154,1017,24365,8,16,"20","20",20,0,44,"\N","\N","42","17","1:35.691","219.782",2019,8,"French Grand Prix",2019-06-23,"13:10:00","grosjean","8","GRO","Romain","Grosjean",1986-04-17,"French","haas","Haas F1 Team","American","Retired","ricard","Circuit Paul Ricard","Le Castellet","France",43.2506,5.79167,"432"
34,11,15,828,996,23934,9,15,"13","13",13,0,52,"\N","\N","37","13","1:36.494","217.953",2018,8,"French Grand Prix",2018-06-24,"14:10:00","ericsson","9","ERI","Marcus","Ericsson",1990-09-02,"Swedish","sauber","Sauber","Swiss","+1 Lap","ricard","Circuit Paul Ricard","Le Castellet","France",43.2506,5.79167,"432"
34,36,1,4,996,23937,14,16,"16","16",16,0,50,"\N","\N","48","6","1:35.133","221.071",2018,8,"French Grand Prix",2018-06-24,"14:10:00","alonso","14","ALO","Fernando","Alonso",1981-07-29,"Spanish","mclaren","McLaren","British","Wheel","ricard","Circuit Paul Ricard","Le Castellet","France",43.2506,5.79167,"432"
34,1,1,817,1059,25091,3,10,"6","6",6,8,53,"+1:15.857","5321627","45","14","1:38.324","213.896",2021,7,"French Grand Prix",2021-06-20,"13:00:00","ricciardo","3","RIC","Daniel","Ricciardo",1989-07-01,"Australian","mclaren","McLaren","British","Finished","ricard","Circuit Paul Ricard","Le Castellet","France",43.2506,5.79167,"432"
34,11,214,839,1059,25099,31,11,"14","14",14,0,52,"\N","\N","33","15","1:38.645","213.200",2021,7,"French Grand Prix",2021-06-20,"13:00:00","ocon","31","OCO","Esteban","Ocon",1996-09-17,"French","alpine","Alpine F1 Team","French","+1 Lap","ricard","Circuit Paul Ricard","Le Castellet","France",43.2506,5.79167,"432"
34,11,5,826,1017,24359,26,19,"14","14",14,0,52,"\N","\N","43","16","1:35.225","220.857",2019,8,"French Grand Prix",2019-06-23,"13:10:00","kvyat","26","KVY","Daniil","Kvyat",1994-04-26,"Russian","toro_rosso","Toro Rosso","Italian","+1 Lap","ricard","Circuit Paul Ricard","Le Castellet","France",43.2506,5.79167,"432"
34,1,9,830,996,23923,33,4,"2","2",2,18,53,"+7.090","5418475","47","2","1:34.275","223.083",2018,8,"French Grand Prix",2018-06-24,"14:10:00","max_verstappen","33","VER","Max","Verstappen",1997-09-30,"Dutch","red_bull","Red Bull","Austrian","Finished","ricard","Circuit Paul Ricard","Le Castellet","France",43.2506,5.79167,"432"
34,11,3,847,1059,25097,63,14,"12","12",12,0,52,"\N","\N","52","13","1:38.314","213.918",2021,7,"French Grand Prix",2021-06-20,"13:00:00","russell","63","RUS","George","Russell",1998-02-15,"British","williams","Williams","British","+1 Lap","ricard","Circuit Paul Ricard","Le Castellet","France",43.2506,5.79167,"432"
34,11,3,845,996,23936,35,18,"15","15",15,0,52,"\N","\N","35","16","1:38.300","213.949",2018,8,"French Grand Prix",2018-06-24,"14:10:00","sirotkin","35","SIR","Sergey","Sirotkin",1995-08-27,"Russian","williams","Williams","British","+1 Lap","ricard","Circuit Paul Ricard","Le Castellet","France",43.2506,5.79167,"432"
34,1,213,842,1059,25092,10,6,"7","7",7,6,53,"+1:16.596","5322366","44","11","1:38.103","214.378",2021,7,"French Grand Prix",2021-06-20,"13:00:00","gasly","10","GAS","Pierre","Gasly",1996-02-07,"French","alphatauri","AlphaTauri","Italian","Finished","ricard","Circuit Paul Ricard","Le Castellet","France",43.2506,5.79167,"432"
34,11,4,817,1017,24356,3,8,"11","11",11,0,52,"\N","\N","42","14","1:35.150","221.032",2019,8,"French Grand Prix",2019-06-23,"13:10:00","ricciardo","3","RIC","Daniel","Ricciardo",1989-07-01,"Australian","renault","Renault","French","+1 Lap","ricard","Circuit Paul Ricard","Le Castellet","France",43.2506,5.79167,"432"
34,11,210,853,1059,25105,9,18,"20","20",20,0,52,"\N","\N","34","20","1:39.317","211.758",2021,7,"French Grand Prix",2021-06-20,"13:00:00","mazepin","9","MAZ","Nikita","Mazepin",1999-03-02,"Russian","haas","Haas F1 Team","American","+1 Lap","ricard","Circuit Paul Ricard","Le Castellet","France",43.2506,5.79167,"432"
34,11,9,842,1017,24355,10,9,"10","10",10,1,52,"\N","\N","47","15","1:35.197","220.922",2019,8,"French Grand Prix",2019-06-23,"13:10:00","gasly","10","GAS","Pierre","Gasly",1996-02-07,"French","red_bull","Red Bull","Austrian","+1 Lap","ricard","Circuit Paul Ricard","Le Castellet","France",43.2506,5.79167,"432"
34,12,3,9,1017,24363,88,18,"18","18",18,0,51,"\N","\N","50","20","1:36.608","217.696",2019,8,"French Grand Prix",2019-06-23,"13:10:00","kubica","88","KUB","Robert","Kubica",1984-12-07,"Polish","williams","Williams","British","+2 Laps","ricard","Circuit Paul Ricard","Le Castellet","France",43.2506,5.79167,"432"
34,11,51,8,1017,24352,7,12,"7","7",7,6,52,"\N","\N","47","8","1:34.873","221.677",2019,8,"French Grand Prix",2019-06-23,"13:10:00","raikkonen","7","RAI","Kimi","Räikkönen",1979-10-17,"Finnish","alfa","Alfa Romeo","Swiss","+1 Lap","ricard","Circuit Paul Ricard","Le Castellet","France",43.2506,5.79167,"432"
34,1,117,20,1059,25094,5,12,"9","9",9,2,53,"+1:19.666","5325436","52","4","1:37.138","216.508",2021,7,"French Grand Prix",2021-06-20,"13:00:00","vettel","5","VET","Sebastian","Vettel",1987-07-03,"German","aston_martin","Aston Martin","British","Finished","ricard","Circuit Paul Ricard","Le Castellet","France",43.2506,5.79167,"432"
34,1,9,830,1059,25086,33,1,"1","1",1,26,53,"1:27:25.770","5245770","35","1","1:36.404","218.156",2021,7,"French Grand Prix",2021-06-20,"13:00:00","max_verstappen","33","VER","Max","Verstappen",1997-09-30,"Dutch","red_bull","Red Bull","Austrian","Finished","ricard","Circuit Paul Ricard","Le Castellet","France",43.2506,5.79167,"432"
34,11,211,815,1017,24357,11,14,"12","12",12,0,52,"\N","\N","42","11","1:35.014","221.348",2019,8,"French Grand Prix",2019-06-23,"13:10:00","perez","11","PER","Sergio","Pérez",1990-01-26,"Mexican","racing_point","Racing Point","British","+1 Lap","ricard","Circuit Paul Ricard","Le Castellet","France",43.2506,5.79167,"432"
34,1,117,840,1059,25095,18,19,"10","10",10,1,53,"+1:31.946","5337716","44","9","1:37.828","214.981",2021,7,"French Grand Prix",2021-06-20,"13:00:00","stroll","18","STR","Lance","Stroll",1998-10-29,"Canadian","aston_martin","Aston Martin","British","Finished","ricard","Circuit Paul Ricard","Le Castellet","France",43.2506,5.79167,"432"
35,13,164,24,856,21156,23,23,"21","21",21,0,52,"\N","\N","45","24","1:46.173","190.387",2011,16,"Korean Grand Prix",2011-10-16,"06:00:00","liuzzi","\N","LIU","Vitantonio","Liuzzi",1980-08-06,"Italian","hrt","HRT","Spanish","+3 Laps","yeongam","Korean International Circuit","Yeongam County","Korea",34.7333,126.417,"0"
35,11,166,10,856,21153,24,21,"18","18",18,0,54,"\N","\N","53","18","1:44.536","193.368",2011,16,"Korean Grand Prix",2011-10-16,"06:00:00","glock","\N","GLO","Timo","Glock",1982-03-18,"German","virgin","Virgin","British","+1 Lap","yeongam","Korean International Circuit","Yeongam County","Korea",34.7333,126.417,"0"
35,11,15,815,856,21151,17,17,"16","16",16,0,54,"\N","\N","39","14","1:42.425","197.354",2011,16,"Korean Grand Prix",2011-10-16,"06:00:00","perez","11","PER","Sergio","Pérez",1990-01-26,"Mexican","sauber","Sauber","Swiss","+1 Lap","yeongam","Korean International Circuit","Yeongam County","Korea",34.7333,126.417,"0"
35,4,131,30,856,21159,7,12,"\N","R",24,0,15,"\N","\N","13","22","1:45.327","191.916",2011,16,"Korean Grand Prix",2011-10-16,"06:00:00","michael_schumacher","\N","MSC","Michael","Schumacher",1969-01-03,"German","mercedes","Mercedes","German","Collision","yeongam","Korean International Circuit","Yeongam County","Korea",34.7333,126.417,"0"
35,11,207,5,875,21608,20,19,"17","17",17,0,54,"\N","\N","43","17","1:44.955","192.596",2012,16,"Korean Grand Prix",2012-10-14,"06:00:00","kovalainen","\N","KOV","Heikki","Kovalainen",1981-10-19,"Finnish","caterham","Caterham","Malaysian","+1 Lap","yeongam","Korean International Circuit","Yeongam County","Korea",34.7333,126.417,"0"
35,1,5,153,856,21142,19,11,"7","7",7,6,55,"+49.538","5931532","55","8","1:40.940","200.257",2011,16,"Korean Grand Prix",2011-10-16,"06:00:00","alguersuari","\N","ALG","Jaime","Alguersuari",1990-03-23,"Spanish","toro_rosso","Toro Rosso","Italian","Finished","yeongam","Korean International Circuit","Yeongam County","Korea",34.7333,126.417,"0"
35,1,3,822,894,22009,17,17,"12","12",12,0,55,"+47.049","6240750","44","14","1:43.869","194.610",2013,14,"Korean Grand Prix",2013-10-06,"06:00:00","bottas","77","BOT","Valtteri","Bottas",1989-08-28,"Finnish","williams","Williams","British","Finished","yeongam","Korean International Circuit","Yeongam County","Korea",34.7333,126.417,"0"
35,1,207,823,894,22012,21,20,"15","15",15,0,55,"+1:04.501","6258202","55","18","1:44.375","193.667",2013,14,"Korean Grand Prix",2013-10-06,"06:00:00","garde","\N","VDG","Giedo","van der Garde",1985-04-25,"Dutch","caterham","Caterham","Malaysian","Finished","yeongam","Korean International Circuit","Yeongam County","Korea",34.7333,126.417,"0"
35,1,9,17,875,21593,2,1,"2","2",2,18,55,"+8.231","5796882","54","1","1:42.037","198.104",2012,16,"Korean Grand Prix",2012-10-14,"06:00:00","webber","\N","WEB","Mark","Webber",1976-08-27,"Australian","red_bull","Red Bull","Austrian","Finished","yeongam","Korean International Circuit","Yeongam County","Korea",34.7333,126.417,"0"
35,1,10,16,856,21146,14,10,"11","11",11,0,55,"+1:11.229","5953223","49","10","1:42.014","198.149",2011,16,"Korean Grand Prix",2011-10-16,"06:00:00","sutil","99","SUT","Adrian","Sutil",1983-01-11,"German","force_india","Force India","Indian","Finished","yeongam","Korean International Circuit","Yeongam County","Korea",34.7333,126.417,"0"
35,1,206,824,894,22013,22,22,"16","16",16,0,55,"+1:07.970","6261671","54","20","1:44.991","192.530",2013,14,"Korean Grand Prix",2013-10-06,"06:00:00","jules_bianchi","17","BIA","Jules","Bianchi",1989-08-03,"French","marussia","Marussia","Russian","Finished","yeongam","Korean International Circuit","Yeongam County","Korea",34.7333,126.417,"0"
35,8,3,813,856,21157,12,16,"\N","R",22,0,30,"\N","\N","26","19","1:44.689","193.086",2011,16,"Korean Grand Prix",2011-10-16,"06:00:00","maldonado","13","MAL","Pastor","Maldonado",1985-03-09,"Venezuelan","williams","Williams","British","Clutch","yeongam","Korean International Circuit","Yeongam County","Korea",34.7333,126.417,"0"
35,1,206,820,894,22014,23,21,"17","17",17,0,55,"+1:12.898","6266599","48","21","1:45.408","191.769",2013,14,"Korean Grand Prix",2013-10-06,"06:00:00","chilton","4","CHI","Max","Chilton",1991-04-21,"British","marussia","Marussia","Russian","Finished","yeongam","Korean International Circuit","Yeongam County","Korea",34.7333,126.417,"0"
35,11,166,816,856,21155,25,22,"20","20",20,0,54,"\N","\N","53","20","1:44.746","192.981",2011,16,"Korean Grand Prix",2011-10-16,"06:00:00","ambrosio","\N","DAM","Jérôme","d'Ambrosio",1985-12-27,"Belgian","virgin","Virgin","British","+1 Lap","yeongam","Korean International Circuit","Yeongam County","Korea",34.7333,126.417,"0"
35,1,6,13,856,21141,6,5,"6","6",6,8,55,"+25.133","5907127","51","5","1:40.541","201.052",2011,16,"Korean Grand Prix",2011-10-16,"06:00:00","massa","19","MAS","Felipe","Massa",1981-04-25,"Brazilian","ferrari","Ferrari","Italian","Finished","yeongam","Korean International Circuit","Yeongam County","Korea",34.7333,126.417,"0"
35,4,4,808,856,21158,10,8,"\N","R",23,0,16,"\N","\N","10","23","1:45.469","191.658",2011,16,"Korean Grand Prix",2011-10-16,"06:00:00","petrov","\N","PET","Vitaly","Petrov",1984-09-08,"Russian","renault","Renault","French","Collision","yeongam","Korean International Circuit","Yeongam County","Korea",34.7333,126.417,"0"
35,13,5,817,894,22016,19,12,"19","19",19,0,52,"\N","\N","52","9","1:42.947","196.353",2013,14,"Korean Grand Prix",2013-10-06,"06:00:00","ricciardo","3","RIC","Daniel","Ricciardo",1989-07-01,"Australian","toro_rosso","Toro Rosso","Italian","+3 Laps","yeongam","Korean International Circuit","Yeongam County","Korea",34.7333,126.417,"0"
35,4,1,18,875,21615,3,11,"\N","R",24,0,0,"\N","\N","\N","0","\N","\N",2012,16,"Korean Grand Prix",2012-10-14,"06:00:00","button","22","BUT","Jenson","Button",1980-01-19,"British","mclaren","McLaren","British","Collision","yeongam","Korean International Circuit","Yeongam County","Korea",34.7333,126.417,"0"
35,1,15,807,894,22001,11,7,"4","4",4,12,55,"+24.114","6217815","53","6","1:42.608","197.002",2013,14,"Korean Grand Prix",2013-10-06,"06:00:00","hulkenberg","27","HUL","Nico","Hülkenberg",1987-08-19,"German","sauber","Sauber","Swiss","Finished","yeongam","Korean International Circuit","Yeongam County","Korea",34.7333,126.417,"0"
35,1,5,818,875,21599,17,16,"8","8",8,4,55,"+69.589","5858240","48","8","1:42.721","196.785",2012,16,"Korean Grand Prix",2012-10-14,"06:00:00","vergne","25","VER","Jean-Éric","Vergne",1990-04-25,"French","toro_rosso","Toro Rosso","Italian","Finished","yeongam","Korean International Circuit","Yeongam County","Korea",34.7333,126.417,"0"
35,1,3,22,856,21147,11,18,"12","12",12,0,55,"+1:33.068","5975062","54","13","1:42.371","197.458",2011,16,"Korean Grand Prix",2011-10-16,"06:00:00","barrichello","\N","BAR","Rubens","Barrichello",1972-05-23,"Brazilian","williams","Williams","British","Finished","yeongam","Korean International Circuit","Yeongam County","Korea",34.7333,126.417,"0"
35,1,1,18,856,21139,4,3,"4","4",4,12,55,"+14.694","5896688","55","7","1:40.709","200.716",2011,16,"Korean Grand Prix",2011-10-16,"06:00:00","button","22","BUT","Jenson","Button",1980-01-19,"British","mclaren","McLaren","British","Finished","yeongam","Korean International Circuit","Yeongam County","Korea",34.7333,126.417,"0"
35,1,1,1,875,21601,4,3,"10","10",10,1,55,"+79.692","5868343","49","9","1:42.721","196.785",2012,16,"Korean Grand Prix",2012-10-14,"06:00:00","hamilton","44","HAM","Lewis","Hamilton",1985-01-07,"British","mclaren","McLaren","British","Finished","yeongam","Korean International Circuit","Yeongam County","Korea",34.7333,126.417,"0"
35,1,6,4,875,21594,5,4,"3","3",3,15,55,"+13.944","5802595","52","3","1:42.442","197.321",2012,16,"Korean Grand Prix",2012-10-14,"06:00:00","alonso","14","ALO","Fernando","Alonso",1981-07-29,"Spanish","ferrari","Ferrari","Italian","Finished","yeongam","Korean International Circuit","Yeongam County","Korea",34.7333,126.417,"0"
35,4,9,17,894,22018,2,13,"\N","R",21,0,36,"\N","\N","27","13","1:43.863","194.621",2013,14,"Korean Grand Prix",2013-10-06,"06:00:00","webber","\N","WEB","Mark","Webber",1976-08-27,"Australian","red_bull","Red Bull","Austrian","Collision","yeongam","Korean International Circuit","Yeongam County","Korea",34.7333,126.417,"0"
35,1,1,18,894,22005,5,11,"8","8",8,4,55,"+32.262","6225963","45","12","1:43.073","196.113",2013,14,"Korean Grand Prix",2013-10-06,"06:00:00","button","22","BUT","Jenson","Button",1980-01-19,"British","mclaren","McLaren","British","Finished","yeongam","Korean International Circuit","Yeongam County","Korea",34.7333,126.417,"0"
35,1,15,815,875,21602,15,12,"11","11",11,0,55,"+80.062","5868713","49","4","1:42.495","197.219",2012,16,"Korean Grand Prix",2012-10-14,"06:00:00","perez","11","PER","Sergio","Pérez",1990-01-26,"Mexican","sauber","Sauber","Swiss","Finished","yeongam","Korean International Circuit","Yeongam County","Korea",34.7333,126.417,"0"
35,1,6,13,894,22006,4,6,"9","9",9,2,55,"+34.390","6228091","47","10","1:42.954","196.340",2013,14,"Korean Grand Prix",2013-10-06,"06:00:00","massa","19","MAS","Felipe","Massa",1981-04-25,"Brazilian","ferrari","Ferrari","Italian","Finished","yeongam","Korean International Circuit","Yeongam County","Korea",34.7333,126.417,"0"
35,1,6,4,856,21140,5,6,"5","5",5,10,55,"+15.689","5897683","41","6","1:40.547","201.040",2011,16,"Korean Grand Prix",2011-10-16,"06:00:00","alonso","14","ALO","Fernando","Alonso",1981-07-29,"Spanish","ferrari","Ferrari","Italian","Finished","yeongam","Korean International Circuit","Yeongam County","Korea",34.7333,126.417,"0"
35,1,9,17,856,21138,2,4,"3","3",3,15,55,"+12.477","5894471","55","2","1:40.294","201.547",2011,16,"Korean Grand Prix",2011-10-16,"06:00:00","webber","\N","WEB","Mark","Webber",1976-08-27,"Australian","red_bull","Red Bull","Austrian","Finished","yeongam","Korean International Circuit","Yeongam County","Korea",34.7333,126.417,"0"
35,11,205,15,856,21152,21,20,"17","17",17,0,54,"\N","\N","46","17","1:43.009","196.235",2011,16,"Korean Grand Prix",2011-10-16,"06:00:00","trulli","\N","TRU","Jarno","Trulli",1974-07-13,"Italian","lotus_racing","Lotus","Malaysian","+1 Lap","yeongam","Korean International Circuit","Yeongam County","Korea",34.7333,126.417,"0"
35,20,10,814,894,22019,14,15,"\N","R",22,0,24,"\N","\N","10","22","1:46.411","189.961",2013,14,"Korean Grand Prix",2013-10-06,"06:00:00","resta","\N","DIR","Paul","di Resta",1986-04-16,"British","force_india","Force India","Indian","Spun off","yeongam","Korean International Circuit","Yeongam County","Korea",34.7333,126.417,"0"
35,1,10,814,875,21603,11,14,"12","12",12,0,55,"+84.448","5873099","48","15","1:43.517","195.272",2012,16,"Korean Grand Prix",2012-10-14,"06:00:00","resta","\N","DIR","Paul","di Resta",1986-04-16,"British","force_india","Force India","Indian","Finished","yeongam","Korean International Circuit","Yeongam County","Korea",34.7333,126.417,"0"
35,12,206,819,875,21610,25,24,"19","19",19,0,53,"\N","\N","52","16","1:44.462","193.505",2012,16,"Korean Grand Prix",2012-10-14,"06:00:00","pic","\N","PIC","Charles","Pic",1990-02-15,"French","marussia","Marussia","Russian","+2 Laps","yeongam","Korean International Circuit","Yeongam County","Korea",34.7333,126.417,"0"
35,1,9,20,894,21998,1,1,"1","1",1,25,55,"1:43:13.701","6193701","53","1","1:41.380","199.388",2013,14,"Korean Grand Prix",2013-10-06,"06:00:00","vettel","5","VET","Sebastian","Vettel",1987-07-03,"German","red_bull","Red Bull","Austrian","Finished","yeongam","Korean International Circuit","Yeongam County","Korea",34.7333,126.417,"0"
35,1,10,807,875,21597,12,8,"6","6",6,8,55,"+45.301","5833952","54","6","1:42.645","196.931",2012,16,"Korean Grand Prix",2012-10-14,"06:00:00","hulkenberg","27","HUL","Nico","Hülkenberg",1987-08-19,"German","force_india","Force India","Indian","Finished","yeongam","Korean International Circuit","Yeongam County","Korea",34.7333,126.417,"0"
35,1,5,817,875,21600,16,21,"9","9",9,2,55,"+71.787","5860438","45","12","1:43.148","195.970",2012,16,"Korean Grand Prix",2012-10-14,"06:00:00","ricciardo","3","RIC","Daniel","Ricciardo",1989-07-01,"Australian","toro_rosso","Toro Rosso","Italian","Finished","yeongam","Korean International Circuit","Yeongam County","Korea",34.7333,126.417,"0"
35,1,3,813,875,21605,18,15,"14","14",14,0,55,"+94.924","5883575","55","7","1:42.679","196.865",2012,16,"Korean Grand Prix",2012-10-14,"06:00:00","maldonado","13","MAL","Pastor","Maldonado",1985-03-09,"Venezuelan","williams","Williams","British","Finished","yeongam","Korean International Circuit","Yeongam County","Korea",34.7333,126.417,"0"
35,12,164,39,875,21611,23,23,"20","20",20,0,53,"\N","\N","39","21","1:47.068","188.795",2012,16,"Korean Grand Prix",2012-10-14,"06:00:00","karthikeyan","\N","KAR","Narain","Karthikeyan",1977-01-14,"Indian","hrt","HRT","Spanish","+2 Laps","yeongam","Korean International Circuit","Yeongam County","Korea",34.7333,126.417,"0"
35,1,208,8,894,21999,7,9,"2","2",2,18,55,"+4.224","6197925","51","3","1:41.975","198.225",2013,14,"Korean Grand Prix",2013-10-06,"06:00:00","raikkonen","7","RAI","Kimi","Räikkönen",1979-10-17,"Finnish","lotus_f1","Lotus F1","British","Finished","yeongam","Korean International Circuit","Yeongam County","Korea",34.7333,126.417,"0"
35,1,6,13,875,21595,6,6,"4","4",4,12,55,"+20.168","5808819","48","2","1:42.242","197.707",2012,16,"Korean Grand Prix",2012-10-14,"06:00:00","massa","19","MAS","Felipe","Massa",1981-04-25,"Brazilian","ferrari","Ferrari","Italian","Finished","yeongam","Korean International Circuit","Yeongam County","Korea",34.7333,126.417,"0"
35,1,1,815,894,22007,6,10,"10","10",10,1,55,"+35.155","6228856","47","11","1:42.973","196.303",2013,14,"Korean Grand Prix",2013-10-06,"06:00:00","perez","11","PER","Sergio","Pérez",1990-01-26,"Mexican","mclaren","McLaren","British","Finished","yeongam","Korean International Circuit","Yeongam County","Korea",34.7333,126.417,"0"
35,11,15,155,856,21150,16,14,"15","15",15,0,54,"\N","\N","45","11","1:42.080","198.021",2011,16,"Korean Grand Prix",2011-10-16,"06:00:00","kobayashi","10","KOB","Kamui","Kobayashi",1986-09-13,"Japanese","sauber","Sauber","Swiss","+1 Lap","yeongam","Korean International Circuit","Yeongam County","Korea",34.7333,126.417,"0"
35,1,3,813,894,22010,16,18,"13","13",13,0,55,"+50.013","6243714","43","17","1:44.136","194.111",2013,14,"Korean Grand Prix",2013-10-06,"06:00:00","maldonado","13","MAL","Pastor","Maldonado",1985-03-09,"Venezuelan","williams","Williams","British","Finished","yeongam","Korean International Circuit","Yeongam County","Korea",34.7333,126.417,"0"
35,1,208,154,894,22000,8,3,"3","3",3,15,55,"+4.927","6198628","46","2","1:41.936","198.300",2013,14,"Korean Grand Prix",2013-10-06,"06:00:00","grosjean","8","GRO","Romain","Grosjean",1986-04-17,"French","lotus_f1","Lotus F1","British","Finished","yeongam","Korean International Circuit","Yeongam County","Korea",34.7333,126.417,"0"
35,1,1,1,856,21137,3,1,"2","2",2,18,55,"+12.019","5894013","54","3","1:40.459","201.216",2011,16,"Korean Grand Prix",2011-10-16,"06:00:00","hamilton","44","HAM","Lewis","Hamilton",1985-01-07,"British","mclaren","McLaren","British","Finished","yeongam","Korean International Circuit","Yeongam County","Korea",34.7333,126.417,"0"
35,11,207,808,875,21607,21,18,"16","16",16,0,54,"\N","\N","50","18","1:45.013","192.490",2012,16,"Korean Grand Prix",2012-10-14,"06:00:00","petrov","\N","PET","Vitaly","Petrov",1984-09-08,"Russian","caterham","Caterham","Malaysian","+1 Lap","yeongam","Korean International Circuit","Yeongam County","Korea",34.7333,126.417,"0"
35,4,10,16,894,22017,15,14,"20","20",20,0,50,"\N","\N","43","16","1:44.095","194.188",2013,14,"Korean Grand Prix",2013-10-06,"06:00:00","sutil","99","SUT","Adrian","Sutil",1983-01-11,"German","force_india","Force India","Indian","Collision","yeongam","Korean International Circuit","Yeongam County","Korea",34.7333,126.417,"0"
35,1,10,814,856,21145,15,9,"10","10",10,1,55,"+1:08.602","5950596","50","12","1:42.102","197.978",2011,16,"Korean Grand Prix",2011-10-16,"06:00:00","resta","\N","DIR","Paul","di Resta",1986-04-16,"British","force_india","Force India","Indian","Finished","yeongam","Korean International Circuit","Yeongam County","Korea",34.7333,126.417,"0"
35,1,5,67,856,21144,18,13,"9","9",9,2,55,"+1:02.762","5944756","50","4","1:40.537","201.060",2011,16,"Korean Grand Prix",2011-10-16,"06:00:00","buemi","\N","BUE","Sébastien","Buemi",1988-10-31,"Swiss","toro_rosso","Toro Rosso","Italian","Finished","yeongam","Korean International Circuit","Yeongam County","Korea",34.7333,126.417,"0"
35,11,205,5,856,21149,20,19,"14","14",14,0,54,"\N","\N","52","15","1:42.456","197.294",2011,16,"Korean Grand Prix",2011-10-16,"06:00:00","kovalainen","\N","KOV","Heikki","Kovalainen",1981-10-19,"Finnish","lotus_racing","Lotus","Malaysian","+1 Lap","yeongam","Korean International Circuit","Yeongam County","Korea",34.7333,126.417,"0"
35,1,131,1,894,22002,10,2,"5","5",5,10,55,"+25.255","6218956","53","5","1:42.539","197.134",2013,14,"Korean Grand Prix",2013-10-06,"06:00:00","hamilton","44","HAM","Lewis","Hamilton",1985-01-07,"British","mercedes","Mercedes","German","Finished","yeongam","Korean International Circuit","Yeongam County","Korea",34.7333,126.417,"0"
35,1,131,3,894,22004,9,4,"7","7",7,6,55,"+26.698","6220399","54","4","1:42.471","197.265",2013,14,"Korean Grand Prix",2013-10-06,"06:00:00","rosberg","6","ROS","Nico","Rosberg",1985-06-27,"German","mercedes","Mercedes","German","Finished","yeongam","Korean International Circuit","Yeongam County","Korea",34.7333,126.417,"0"
35,1,9,20,856,21136,1,2,"1","1",1,25,55,"1:38:01.994","5881994","55","1","1:39.605","202.941",2011,16,"Korean Grand Prix",2011-10-16,"06:00:00","vettel","5","VET","Sebastian","Vettel",1987-07-03,"German","red_bull","Red Bull","Austrian","Finished","yeongam","Korean International Circuit","Yeongam County","Korea",34.7333,126.417,"0"
35,1,15,821,894,22008,12,8,"11","11",11,0,55,"+35.990","6229691","55","8","1:42.744","196.741",2013,14,"Korean Grand Prix",2013-10-06,"06:00:00","gutierrez","21","GUT","Esteban","Gutiérrez",1991-08-05,"Mexican","sauber","Sauber","Swiss","Finished","yeongam","Korean International Circuit","Yeongam County","Korea",34.7333,126.417,"0"
35,12,5,818,894,22015,18,16,"18","18",18,0,53,"\N","\N","52","15","1:44.090","194.197",2013,14,"Korean Grand Prix",2013-10-06,"06:00:00","vergne","25","VER","Jean-Éric","Vergne",1990-04-25,"French","toro_rosso","Toro Rosso","Italian","+2 Laps","yeongam","Korean International Circuit","Yeongam County","Korea",34.7333,126.417,"0"
35,4,131,3,875,21614,8,9,"\N","R",23,0,1,"\N","\N","\N","0","\N","\N",2012,16,"Korean Grand Prix",2012-10-14,"06:00:00","rosberg","6","ROS","Nico","Rosberg",1985-06-27,"German","mercedes","Mercedes","German","Collision","yeongam","Korean International Circuit","Yeongam County","Korea",34.7333,126.417,"0"
35,1,208,154,875,21598,10,7,"7","7",7,6,55,"+54.812","5843463","44","10","1:42.783","196.666",2012,16,"Korean Grand Prix",2012-10-14,"06:00:00","grosjean","8","GRO","Romain","Grosjean",1986-04-17,"French","lotus_f1","Lotus F1","British","Finished","yeongam","Korean International Circuit","Yeongam County","Korea",34.7333,126.417,"0"
35,1,131,3,856,21143,8,7,"8","8",8,4,55,"+54.053","5936047","49","9","1:41.770","198.624",2011,16,"Korean Grand Prix",2011-10-16,"06:00:00","rosberg","6","ROS","Nico","Rosberg",1985-06-27,"German","mercedes","Mercedes","German","Finished","yeongam","Korean International Circuit","Yeongam County","Korea",34.7333,126.417,"0"
35,1,9,20,875,21592,1,2,"1","1",1,25,55,"1:36:28.651","5788651","55","5","1:42.499","197.211",2012,16,"Korean Grand Prix",2012-10-14,"06:00:00","vettel","5","VET","Sebastian","Vettel",1987-07-03,"German","red_bull","Red Bull","Austrian","Finished","yeongam","Korean International Circuit","Yeongam County","Korea",34.7333,126.417,"0"
35,1,208,8,875,21596,9,5,"5","5",5,10,55,"+36.739","5825390","51","11","1:42.822","196.592",2012,16,"Korean Grand Prix",2012-10-14,"06:00:00","raikkonen","7","RAI","Kimi","Räikkönen",1979-10-17,"Finnish","lotus_f1","Lotus F1","British","Finished","yeongam","Korean International Circuit","Yeongam County","Korea",34.7333,126.417,"0"
35,11,4,811,856,21148,9,15,"13","13",13,0,54,"\N","\N","41","16","1:42.549","197.115",2011,16,"Korean Grand Prix",2011-10-16,"06:00:00","bruno_senna","\N","SEN","Bruno","Senna",1983-10-15,"Brazilian","renault","Renault","French","+1 Lap","yeongam","Korean International Circuit","Yeongam County","Korea",34.7333,126.417,"0"
35,1,131,30,875,21604,7,10,"13","13",13,0,55,"+89.241","5877892","49","13","1:43.184","195.902",2012,16,"Korean Grand Prix",2012-10-14,"06:00:00","michael_schumacher","\N","MSC","Michael","Schumacher",1969-01-03,"German","mercedes","Mercedes","German","Finished","yeongam","Korean International Circuit","Yeongam County","Korea",34.7333,126.417,"0"
35,1,6,4,894,22003,3,5,"6","6",6,8,55,"+26.189","6219890","54","7","1:42.709","196.808",2013,14,"Korean Grand Prix",2013-10-06,"06:00:00","alonso","14","ALO","Fernando","Alonso",1981-07-29,"Spanish","ferrari","Ferrari","Italian","Finished","yeongam","Korean International Circuit","Yeongam County","Korea",34.7333,126.417,"0"
35,37,164,37,875,21612,22,22,"\N","R",21,0,16,"\N","\N","9","22","1:49.861","183.996",2012,16,"Korean Grand Prix",2012-10-14,"06:00:00","rosa","\N","DLR","Pedro","de la Rosa",1971-02-24,"Spanish","hrt","HRT","Spanish","Throttle","yeongam","Korean International Circuit","Yeongam County","Korea",34.7333,126.417,"0"
35,1,3,811,875,21606,19,17,"15","15",15,0,55,"+96.902","5885553","49","14","1:43.411","195.472",2012,16,"Korean Grand Prix",2012-10-14,"06:00:00","bruno_senna","\N","SEN","Bruno","Senna",1983-10-15,"Brazilian","williams","Williams","British","Finished","yeongam","Korean International Circuit","Yeongam County","Korea",34.7333,126.417,"0"
35,130,15,155,875,21613,14,13,"\N","R",22,0,16,"\N","\N","3","20","1:47.066","188.799",2012,16,"Korean Grand Prix",2012-10-14,"06:00:00","kobayashi","10","KOB","Kamui","Kobayashi",1986-09-13,"Japanese","sauber","Sauber","Swiss","Collision damage","yeongam","Korean International Circuit","Yeongam County","Korea",34.7333,126.417,"0"
35,11,206,10,875,21609,24,20,"18","18",18,0,54,"\N","\N","42","19","1:45.236","192.082",2012,16,"Korean Grand Prix",2012-10-14,"06:00:00","glock","\N","GLO","Timo","Glock",1982-03-18,"German","marussia","Marussia","Russian","+1 Lap","yeongam","Korean International Circuit","Yeongam County","Korea",34.7333,126.417,"0"
35,1,207,819,894,22011,20,19,"14","14",14,0,55,"+1:03.578","6257279","54","19","1:44.477","193.477",2013,14,"Korean Grand Prix",2013-10-06,"06:00:00","pic","\N","PIC","Charles","Pic",1990-02-15,"French","caterham","Caterham","Malaysian","Finished","yeongam","Korean International Circuit","Yeongam County","Korea",34.7333,126.417,"0"
35,11,164,817,856,21154,22,24,"19","19",19,0,54,"\N","\N","53","21","1:44.870","192.752",2011,16,"Korean Grand Prix",2011-10-16,"06:00:00","ricciardo","3","RIC","Daniel","Ricciardo",1989-07-01,"Australian","hrt","HRT","Spanish","+1 Lap","yeongam","Korean International Circuit","Yeongam County","Korea",34.7333,126.417,"0"
39,11,214,4,1064,25211,14,9,"6","6",6,8,71,"\N","\N","60","7","1:14.323","206.294",2021,13,"Dutch Grand Prix",2021-09-05,"13:00:00","alonso","14","ALO","Fernando","Alonso",1981-07-29,"Spanish","alpine","Alpine F1 Team","French","+1 Lap","zandvoort","Circuit Park Zandvoort","Zandvoort","Netherlands",52.3888,4.54092,"6"
39,12,3,849,1064,25221,6,0,"16","16",16,0,70,"\N","\N","25","18","1:15.790","202.301",2021,13,"Dutch Grand Prix",2021-09-05,"13:00:00","latifi","6","LAT","Nicholas","Latifi",1995-06-29,"Canadian","williams","Williams","British","+2 Laps","zandvoort","Circuit Park Zandvoort","Zandvoort","Netherlands",52.3888,4.54092,"6"
39,12,51,841,1064,25219,99,7,"14","14",14,0,70,"\N","\N","66","12","1:15.125","204.091",2021,13,"Dutch Grand Prix",2021-09-05,"13:00:00","giovinazzi","99","GIO","Antonio","Giovinazzi",1993-12-14,"Italian","alfa","Alfa Romeo","Swiss","+2 Laps","zandvoort","Circuit Park Zandvoort","Zandvoort","Netherlands",52.3888,4.54092,"6"
39,6,3,847,1064,25222,63,11,"17","17",17,0,69,"\N","\N","57","16","1:15.628","202.734",2021,13,"Dutch Grand Prix",2021-09-05,"13:00:00","russell","63","RUS","George","Russell",1998-02-15,"British","williams","Williams","British","Gearbox","zandvoort","Circuit Park Zandvoort","Zandvoort","Netherlands",52.3888,4.54092,"6"
39,11,1,817,1064,25216,3,10,"11","11",11,0,71,"\N","\N","59","11","1:14.920","204.650",2021,13,"Dutch Grand Prix",2021-09-05,"13:00:00","ricciardo","3","RIC","Daniel","Ricciardo",1989-07-01,"Australian","mclaren","McLaren","British","+1 Lap","zandvoort","Circuit Park Zandvoort","Zandvoort","Netherlands",52.3888,4.54092,"6"
39,11,9,815,1064,25213,11,0,"8","8",8,4,71,"\N","\N","59","4","1:13.461","208.714",2021,13,"Dutch Grand Prix",2021-09-05,"13:00:00","perez","11","PER","Sergio","Pérez",1990-01-26,"Mexican","red_bull","Red Bull","Austrian","+1 Lap","zandvoort","Circuit Park Zandvoort","Zandvoort","Netherlands",52.3888,4.54092,"6"
39,11,6,832,1064,25212,55,6,"7","7",7,6,71,"\N","\N","45","13","1:15.260","203.725",2021,13,"Dutch Grand Prix",2021-09-05,"13:00:00","sainz","55","SAI","Carlos","Sainz",1994-09-01,"Spanish","ferrari","Ferrari","Italian","+1 Lap","zandvoort","Circuit Park Zandvoort","Zandvoort","Netherlands",52.3888,4.54092,"6"
39,12,117,20,1064,25218,5,15,"13","13",13,0,70,"\N","\N","63","5","1:13.958","207.312",2021,13,"Dutch Grand Prix",2021-09-05,"13:00:00","vettel","5","VET","Sebastian","Vettel",1987-07-03,"German","aston_martin","Aston Martin","British","+2 Laps","zandvoort","Circuit Park Zandvoort","Zandvoort","Netherlands",52.3888,4.54092,"6"
39,11,6,844,1064,25210,16,5,"5","5",5,10,71,"\N","\N","58","9","1:14.780","205.033",2021,13,"Dutch Grand Prix",2021-09-05,"13:00:00","leclerc","16","LEC","Charles","Leclerc",1997-10-16,"Monegasque","ferrari","Ferrari","Italian","+1 Lap","zandvoort","Circuit Park Zandvoort","Zandvoort","Netherlands",52.3888,4.54092,"6"
39,1,131,1,1064,25207,44,2,"2","2",2,19,72,"+20.932","5426327","72","1","1:11.097","215.654",2021,13,"Dutch Grand Prix",2021-09-05,"13:00:00","hamilton","44","HAM","Lewis","Hamilton",1985-01-07,"British","mercedes","Mercedes","German","Finished","zandvoort","Circuit Park Zandvoort","Zandvoort","Netherlands",52.3888,4.54092,"6"
39,1,9,830,1064,25206,33,1,"1","1",1,25,72,"1:30:05.395","5405395","60","3","1:13.275","209.244",2021,13,"Dutch Grand Prix",2021-09-05,"13:00:00","max_verstappen","33","VER","Max","Verstappen",1997-09-30,"Dutch","red_bull","Red Bull","Austrian","Finished","zandvoort","Circuit Park Zandvoort","Zandvoort","Netherlands",52.3888,4.54092,"6"
39,9,210,853,1064,25225,9,18,"\N","R",20,0,41,"\N","\N","35","20","1:16.066","201.567",2021,13,"Dutch Grand Prix",2021-09-05,"13:00:00","mazepin","9","MAZ","Nikita","Mazepin",1999-03-02,"Russian","haas","Haas F1 Team","American","Hydraulics","zandvoort","Circuit Park Zandvoort","Zandvoort","Netherlands",52.3888,4.54092,"6"
39,11,213,842,1064,25209,10,4,"4","4",4,12,71,"\N","\N","57","10","1:14.818","204.929",2021,13,"Dutch Grand Prix",2021-09-05,"13:00:00","gasly","10","GAS","Pierre","Gasly",1996-02-07,"French","alphatauri","AlphaTauri","Italian","+1 Lap","zandvoort","Circuit Park Zandvoort","Zandvoort","Netherlands",52.3888,4.54092,"6"
39,12,51,9,1064,25220,88,16,"15","15",15,0,70,"\N","\N","44","14","1:15.442","203.234",2021,13,"Dutch Grand Prix",2021-09-05,"13:00:00","kubica","88","KUB","Robert","Kubica",1984-12-07,"Polish","alfa","Alfa Romeo","Swiss","+2 Laps","zandvoort","Circuit Park Zandvoort","Zandvoort","Netherlands",52.3888,4.54092,"6"
39,11,1,846,1064,25215,4,13,"10","10",10,1,71,"\N","\N","48","6","1:14.236","206.535",2021,13,"Dutch Grand Prix",2021-09-05,"13:00:00","norris","4","NOR","Lando","Norris",1999-11-13,"British","mclaren","McLaren","British","+1 Lap","zandvoort","Circuit Park Zandvoort","Zandvoort","Netherlands",52.3888,4.54092,"6"
39,12,117,840,1064,25217,18,12,"12","12",12,0,70,"\N","\N","57","15","1:15.611","202.780",2021,13,"Dutch Grand Prix",2021-09-05,"13:00:00","stroll","18","STR","Lance","Stroll",1998-10-29,"Canadian","aston_martin","Aston Martin","British","+2 Laps","zandvoort","Circuit Park Zandvoort","Zandvoort","Netherlands",52.3888,4.54092,"6"
39,131,213,852,1064,25224,22,14,"\N","R",19,0,48,"\N","\N","44","17","1:15.783","202.319",2021,13,"Dutch Grand Prix",2021-09-05,"13:00:00","tsunoda","22","TSU","Yuki","Tsunoda",2000-05-11,"Japanese","alphatauri","AlphaTauri","Italian","Power Unit","zandvoort","Circuit Park Zandvoort","Zandvoort","Netherlands",52.3888,4.54092,"6"
39,11,214,839,1064,25214,31,8,"9","9",9,2,71,"\N","\N","54","8","1:14.675","205.321",2021,13,"Dutch Grand Prix",2021-09-05,"13:00:00","ocon","31","OCO","Esteban","Ocon",1996-09-17,"French","alpine","Alpine F1 Team","French","+1 Lap","zandvoort","Circuit Park Zandvoort","Zandvoort","Netherlands",52.3888,4.54092,"6"
39,13,210,854,1064,25223,47,17,"18","18",18,0,69,"\N","\N","36","19","1:15.927","201.936",2021,13,"Dutch Grand Prix",2021-09-05,"13:00:00","mick_schumacher","47","MSC","Mick","Schumacher",1999-03-22,"German","haas","Haas F1 Team","American","+3 Laps","zandvoort","Circuit Park Zandvoort","Zandvoort","Netherlands",52.3888,4.54092,"6"
39,1,131,822,1064,25208,77,3,"3","3",3,15,72,"+56.460","5461855","69","2","1:12.549","211.338",2021,13,"Dutch Grand Prix",2021-09-05,"13:00:00","bottas","77","BOT","Valtteri","Bottas",1989-08-28,"Finnish","mercedes","Mercedes","German","Finished","zandvoort","Circuit Park Zandvoort","Zandvoort","Netherlands",52.3888,4.54092,"6"
68,12,206,820,896,22058,23,22,"17","17",17,0,58,"\N","\N","56","20","1:30.335","204.239",2013,16,"Indian Grand Prix",2013-10-27,"09:30:00","chilton","4","CHI","Max","Chilton",1991-04-21,"British","marussia","Marussia","Russian","+2 Laps","buddh","Buddh International Circuit","Uttar Pradesh","India",28.3487,77.5331,"194"
68,11,4,811,857,21171,9,14,"12","12",12,0,59,"\N","\N","55","13","1:29.310","206.583",2011,17,"Indian Grand Prix",2011-10-30,"09:30:00","bruno_senna","\N","SEN","Bruno","Senna",1983-10-15,"Brazilian","renault","Renault","French","+1 Lap","buddh","Buddh International Circuit","Uttar Pradesh","India",28.3487,77.5331,"194"
68,13,164,39,857,21176,22,24,"17","17",17,0,57,"\N","\N","44","20","1:31.988","200.569",2011,17,"Indian Grand Prix",2011-10-30,"09:30:00","karthikeyan","\N","KAR","Narain","Karthikeyan",1977-01-14,"Indian","hrt","HRT","Spanish","+3 Laps","buddh","Buddh International Circuit","Uttar Pradesh","India",28.3487,77.5331,"194"
68,1,131,30,857,21164,7,11,"5","5",5,10,60,"+1:05.421","5500423","48","5","1:28.549","208.359",2011,17,"Indian Grand Prix",2011-10-30,"09:30:00","michael_schumacher","\N","MSC","Michael","Schumacher",1969-01-03,"German","mercedes","Mercedes","German","Finished","buddh","Buddh International Circuit","Uttar Pradesh","India",28.3487,77.5331,"194"
68,1,10,814,896,22049,14,12,"8","8",8,4,60,"+1:12.868","5545055","58","17","1:29.300","206.606",2013,16,"Indian Grand Prix",2013-10-27,"09:30:00","resta","\N","DIR","Paul","di Resta",1986-04-16,"British","force_india","Force India","Indian","Finished","buddh","Buddh International Circuit","Uttar Pradesh","India",28.3487,77.5331,"194"
68,31,131,30,876,21637,7,14,"22","22",22,0,55,"\N","\N","53","9","1:29.230","206.769",2012,17,"Indian Grand Prix",2012-10-28,"09:30:00","michael_schumacher","\N","MSC","Michael","Schumacher",1969-01-03,"German","mercedes","Mercedes","German","Retired","buddh","Buddh International Circuit","Uttar Pradesh","India",28.3487,77.5331,"194"
68,1,1,1,857,21166,3,5,"7","7",7,6,60,"+1:24.183","5519185","58","9","1:28.721","207.955",2011,17,"Indian Grand Prix",2011-10-30,"09:30:00","hamilton","44","HAM","Lewis","Hamilton",1985-01-07,"British","mclaren","McLaren","British","Finished","buddh","Buddh International Circuit","Uttar Pradesh","India",28.3487,77.5331,"194"
68,11,1,18,896,22055,5,10,"14","14",14,0,59,"\N","\N","57","8","1:28.814","207.737",2013,16,"Indian Grand Prix",2013-10-27,"09:30:00","button","22","BUT","Jenson","Button",1980-01-19,"British","mclaren","McLaren","British","+1 Lap","buddh","Buddh International Circuit","Uttar Pradesh","India",28.3487,77.5331,"194"
68,1,6,4,876,21617,5,5,"2","2",2,18,60,"+9.437","5480181","60","3","1:28.630","208.168",2012,17,"Indian Grand Prix",2012-10-28,"09:30:00","alonso","14","ALO","Fernando","Alonso",1981-07-29,"Spanish","ferrari","Ferrari","Italian","Finished","buddh","Buddh International Circuit","Uttar Pradesh","India",28.3487,77.5331,"194"
68,11,4,808,857,21170,10,16,"11","11",11,0,59,"\N","\N","58","11","1:29.289","206.632",2011,17,"Indian Grand Prix",2011-10-30,"09:30:00","petrov","\N","PET","Vitaly","Petrov",1984-09-08,"Russian","renault","Renault","French","+1 Lap","buddh","Buddh International Circuit","Uttar Pradesh","India",28.3487,77.5331,"194"
68,1,10,807,876,21623,12,12,"8","8",8,4,60,"+54.998","5525742","60","10","1:29.230","206.769",2012,17,"Indian Grand Prix",2012-10-28,"09:30:00","hulkenberg","27","HUL","Nico","Hülkenberg",1987-08-19,"German","force_india","Force India","Indian","Finished","buddh","Buddh International Circuit","Uttar Pradesh","India",28.3487,77.5331,"194"
68,12,3,22,857,21174,11,15,"15","15",15,0,58,"\N","\N","56","7","1:28.635","208.157",2011,17,"Indian Grand Prix",2011-10-30,"09:30:00","barrichello","\N","BAR","Rubens","Barrichello",1972-05-23,"Brazilian","williams","Williams","British","+2 Laps","buddh","Buddh International Circuit","Uttar Pradesh","India",28.3487,77.5331,"194"
68,1,6,4,857,21162,5,3,"3","3",3,15,60,"+24.301","5459303","58","3","1:27.953","209.771",2011,17,"Indian Grand Prix",2011-10-30,"09:30:00","alonso","14","ALO","Fernando","Alonso",1981-07-29,"Spanish","ferrari","Ferrari","Italian","Finished","buddh","Buddh International Circuit","Uttar Pradesh","India",28.3487,77.5331,"194"
68,1,1,1,876,21619,4,3,"4","4",4,12,60,"+13.909","5484653","58","5","1:28.944","207.433",2012,17,"Indian Grand Prix",2012-10-28,"09:30:00","hamilton","44","HAM","Lewis","Hamilton",1985-01-07,"British","mclaren","McLaren","British","Finished","buddh","Buddh International Circuit","Uttar Pradesh","India",28.3487,77.5331,"194"
68,11,10,16,857,21168,14,8,"9","9",9,2,59,"\N","\N","59","12","1:29.289","206.632",2011,17,"Indian Grand Prix",2011-10-30,"09:30:00","sutil","99","SUT","Adrian","Sutil",1983-01-11,"German","force_india","Force India","Indian","+1 Lap","buddh","Buddh International Circuit","Uttar Pradesh","India",28.3487,77.5331,"194"
68,1,9,20,876,21616,1,1,"1","1",1,25,60,"1:31:10.744","5470744","60","4","1:28.723","207.950",2012,17,"Indian Grand Prix",2012-10-28,"09:30:00","vettel","5","VET","Sebastian","Vettel",1987-07-03,"German","red_bull","Red Bull","Austrian","Finished","buddh","Buddh International Circuit","Uttar Pradesh","India",28.3487,77.5331,"194"
68,11,5,818,876,21630,17,18,"15","15",15,0,59,"\N","\N","59","17","1:30.091","204.792",2012,17,"Indian Grand Prix",2012-10-28,"09:30:00","vergne","25","VER","Jean-Éric","Vergne",1990-04-25,"French","toro_rosso","Toro Rosso","Italian","+1 Lap","buddh","Buddh International Circuit","Uttar Pradesh","India",28.3487,77.5331,"194"
68,1,1,18,857,21161,4,4,"2","2",2,18,60,"+8.433","5443435","60","4","1:27.967","209.737",2011,17,"Indian Grand Prix",2011-10-30,"09:30:00","button","22","BUT","Jenson","Button",1980-01-19,"British","mclaren","McLaren","British","Finished","buddh","Buddh International Circuit","Uttar Pradesh","India",28.3487,77.5331,"194"
68,11,3,822,896,22057,17,15,"16","16",16,0,59,"\N","\N","52","12","1:28.928","207.471",2013,16,"Indian Grand Prix",2013-10-27,"09:30:00","bottas","77","BOT","Valtteri","Bottas",1989-08-28,"Finnish","williams","Williams","British","+1 Lap","buddh","Buddh International Circuit","Uttar Pradesh","India",28.3487,77.5331,"194"
68,5,5,67,857,21180,18,9,"\N","R",21,0,24,"\N","\N","23","17","1:30.956","202.845",2011,17,"Indian Grand Prix",2011-10-30,"09:30:00","buemi","\N","BUE","Sébastien","Buemi",1988-10-31,"Swiss","toro_rosso","Toro Rosso","Italian","Engine","buddh","Buddh International Circuit","Uttar Pradesh","India",28.3487,77.5331,"194"
68,4,15,155,857,21183,16,17,"\N","R",24,0,0,"\N","\N","\N","0","\N","\N",2011,17,"Indian Grand Prix",2011-10-30,"09:30:00","kobayashi","10","KOB","Kamui","Kobayashi",1986-09-13,"Japanese","sauber","Sauber","Swiss","Collision","buddh","Buddh International Circuit","Uttar Pradesh","India",28.3487,77.5331,"194"
68,1,10,16,896,22050,15,13,"9","9",9,2,60,"+1:14.734","5546921","60","3","1:28.419","208.665",2013,16,"Indian Grand Prix",2013-10-27,"09:30:00","sutil","99","SUT","Adrian","Sutil",1983-01-11,"German","force_india","Force India","Indian","Finished","buddh","Buddh International Circuit","Uttar Pradesh","India",28.3487,77.5331,"194"
68,11,206,819,876,21634,25,24,"19","19",19,0,59,"\N","\N","55","20","1:31.366","201.935",2012,17,"Indian Grand Prix",2012-10-28,"09:30:00","pic","\N","PIC","Charles","Pic",1990-02-15,"French","marussia","Marussia","Russian","+1 Lap","buddh","Buddh International Circuit","Uttar Pradesh","India",28.3487,77.5331,"194"
68,1,131,1,896,22047,10,3,"6","6",6,8,60,"+52.475","5524662","53","15","1:29.052","207.182",2013,16,"Indian Grand Prix",2013-10-27,"09:30:00","hamilton","44","HAM","Lewis","Hamilton",1985-01-07,"British","mercedes","Mercedes","German","Finished","buddh","Buddh International Circuit","Uttar Pradesh","India",28.3487,77.5331,"194"
68,6,3,813,857,21181,12,13,"\N","R",22,0,12,"\N","\N","12","22","1:33.573","197.172",2011,17,"Indian Grand Prix",2011-10-30,"09:30:00","maldonado","13","MAL","Pastor","Maldonado",1985-03-09,"Venezuelan","williams","Williams","British","Gearbox","buddh","Buddh International Circuit","Uttar Pradesh","India",28.3487,77.5331,"194"
68,1,6,13,896,22045,4,5,"4","4",4,12,60,"+41.692","5513879","54","11","1:28.886","207.569",2013,16,"Indian Grand Prix",2013-10-27,"09:30:00","massa","19","MAS","Felipe","Massa",1981-04-25,"Brazilian","ferrari","Ferrari","Italian","Finished","buddh","Buddh International Circuit","Uttar Pradesh","India",28.3487,77.5331,"194"
68,3,15,815,876,21639,15,8,"\N","R",24,0,21,"\N","\N","17","23","1:32.208","200.091",2012,17,"Indian Grand Prix",2012-10-28,"09:30:00","perez","11","PER","Sergio","Pérez",1990-01-26,"Mexican","sauber","Sauber","Swiss","Accident","buddh","Buddh International Circuit","Uttar Pradesh","India",28.3487,77.5331,"194"
68,1,1,18,876,21620,3,4,"5","5",5,10,60,"+26.266","5497010","60","1","1:28.203","209.176",2012,17,"Indian Grand Prix",2012-10-28,"09:30:00","button","22","BUT","Jenson","Button",1980-01-19,"British","mclaren","McLaren","British","Finished","buddh","Buddh International Circuit","Uttar Pradesh","India",28.3487,77.5331,"194"
68,12,205,5,857,21173,20,18,"14","14",14,0,58,"\N","\N","58","16","1:30.294","204.332",2011,17,"Indian Grand Prix",2011-10-30,"09:30:00","kovalainen","\N","KOV","Heikki","Kovalainen",1981-10-19,"Finnish","lotus_racing","Lotus","Malaysian","+2 Laps","buddh","Buddh International Circuit","Uttar Pradesh","India",28.3487,77.5331,"194"
68,11,5,818,896,22054,18,14,"13","13",13,0,59,"\N","\N","53","16","1:29.280","206.653",2013,16,"Indian Grand Prix",2013-10-27,"09:30:00","vergne","25","VER","Jean-Éric","Vergne",1990-04-25,"French","toro_rosso","Toro Rosso","Italian","+1 Lap","buddh","Buddh International Circuit","Uttar Pradesh","India",28.3487,77.5331,"194"
68,1,208,8,876,21622,9,7,"7","7",7,6,60,"+45.227","5515971","54","12","1:29.354","206.482",2012,17,"Indian Grand Prix",2012-10-28,"09:30:00","raikkonen","7","RAI","Kimi","Räikkönen",1979-10-17,"Finnish","lotus_f1","Lotus F1","British","Finished","buddh","Buddh International Circuit","Uttar Pradesh","India",28.3487,77.5331,"194"
68,9,207,819,896,22062,20,21,"\N","R",21,0,35,"\N","\N","32","21","1:32.907","198.585",2013,16,"Indian Grand Prix",2013-10-27,"09:30:00","pic","\N","PIC","Charles","Pic",1990-02-15,"French","caterham","Caterham","Malaysian","Hydraulics","buddh","Buddh International Circuit","Uttar Pradesh","India",28.3487,77.5331,"194"
68,1,5,817,896,22051,19,11,"10","10",10,1,60,"+1:16.237","5548424","60","10","1:28.831","207.697",2013,16,"Indian Grand Prix",2013-10-27,"09:30:00","ricciardo","3","RIC","Daniel","Ricciardo",1989-07-01,"Australian","toro_rosso","Toro Rosso","Italian","Finished","buddh","Buddh International Circuit","Uttar Pradesh","India",28.3487,77.5331,"194"
68,1,208,154,876,21624,10,11,"9","9",9,2,60,"+56.103","5526847","57","15","1:29.522","206.094",2012,17,"Indian Grand Prix",2012-10-28,"09:30:00","grosjean","8","GRO","Romain","Grosjean",1986-04-17,"French","lotus_f1","Lotus F1","British","Finished","buddh","Buddh International Circuit","Uttar Pradesh","India",28.3487,77.5331,"194"
68,1,10,814,876,21627,11,16,"12","12",12,0,60,"+1:22.815","5553559","59","7","1:29.086","207.103",2012,17,"Indian Grand Prix",2012-10-28,"09:30:00","resta","\N","DIR","Paul","di Resta",1986-04-16,"British","force_india","Force India","Indian","Finished","buddh","Buddh International Circuit","Uttar Pradesh","India",28.3487,77.5331,"194"
68,11,3,813,876,21631,18,9,"16","16",16,0,59,"\N","\N","50","16","1:30.067","204.847",2012,17,"Indian Grand Prix",2012-10-28,"09:30:00","maldonado","13","MAL","Pastor","Maldonado",1985-03-09,"Venezuelan","williams","Williams","British","+1 Lap","buddh","Buddh International Circuit","Uttar Pradesh","India",28.3487,77.5331,"194"
68,4,207,823,896,22063,21,20,"\N","R",22,0,1,"\N","\N","\N","0","\N","\N",2013,16,"Indian Grand Prix",2013-10-27,"09:30:00","garde","\N","VDG","Giedo","van der Garde",1985-04-25,"Dutch","caterham","Caterham","Malaysian","Collision","buddh","Buddh International Circuit","Uttar Pradesh","India",28.3487,77.5331,"194"
68,12,206,824,896,22059,22,19,"18","18",18,0,58,"\N","\N","57","19","1:30.171","204.611",2013,16,"Indian Grand Prix",2013-10-27,"09:30:00","jules_bianchi","17","BIA","Jules","Bianchi",1989-08-03,"French","marussia","Marussia","Russian","+2 Laps","buddh","Buddh International Circuit","Uttar Pradesh","India",28.3487,77.5331,"194"
68,15,205,15,857,21178,21,19,"19","19",19,0,55,"\N","\N","52","19","1:31.691","201.219",2011,17,"Indian Grand Prix",2011-10-30,"09:30:00","trulli","\N","TRU","Jarno","Trulli",1974-07-13,"Italian","lotus_racing","Lotus","Malaysian","+5 Laps","buddh","Buddh International Circuit","Uttar Pradesh","India",28.3487,77.5331,"194"
68,12,164,39,876,21636,23,23,"21","21",21,0,58,"\N","\N","53","22","1:32.161","200.193",2012,17,"Indian Grand Prix",2012-10-28,"09:30:00","karthikeyan","\N","KAR","Narain","Karthikeyan",1977-01-14,"Indian","hrt","HRT","Spanish","+2 Laps","buddh","Buddh International Circuit","Uttar Pradesh","India",28.3487,77.5331,"194"
68,1,131,3,876,21626,8,10,"11","11",11,0,60,"+1:21.694","5552438","59","14","1:29.492","206.163",2012,17,"Indian Grand Prix",2012-10-28,"09:30:00","rosberg","6","ROS","Nico","Rosberg",1985-06-27,"German","mercedes","Mercedes","German","Finished","buddh","Buddh International Circuit","Uttar Pradesh","India",28.3487,77.5331,"194"
68,13,166,816,857,21175,25,21,"16","16",16,0,57,"\N","\N","51","21","1:31.990","200.565",2011,17,"Indian Grand Prix",2011-10-30,"09:30:00","ambrosio","\N","DAM","Jérôme","d'Ambrosio",1985-12-27,"Belgian","virgin","Virgin","British","+3 Laps","buddh","Buddh International Circuit","Uttar Pradesh","India",28.3487,77.5331,"194"
68,11,207,808,876,21632,21,19,"17","17",17,0,59,"\N","\N","58","19","1:31.163","202.384",2012,17,"Indian Grand Prix",2012-10-28,"09:30:00","petrov","\N","PET","Vitaly","Petrov",1984-09-08,"Russian","caterham","Caterham","Malaysian","+1 Lap","buddh","Buddh International Circuit","Uttar Pradesh","India",28.3487,77.5331,"194"
68,22,6,13,857,21179,6,6,"\N","R",20,0,32,"\N","\N","19","15","1:30.243","204.447",2011,17,"Indian Grand Prix",2011-10-30,"09:30:00","massa","19","MAS","Felipe","Massa",1981-04-25,"Brazilian","ferrari","Ferrari","Italian","Suspension","buddh","Buddh International Circuit","Uttar Pradesh","India",28.3487,77.5331,"194"
68,1,9,17,857,21163,2,2,"4","4",4,12,60,"+25.529","5460531","59","2","1:27.520","210.808",2011,17,"Indian Grand Prix",2011-10-30,"09:30:00","webber","\N","WEB","Mark","Webber",1976-08-27,"Australian","red_bull","Red Bull","Austrian","Finished","buddh","Buddh International Circuit","Uttar Pradesh","India",28.3487,77.5331,"194"
68,1,131,3,857,21165,8,7,"6","6",6,8,60,"+1:06.851","5501853","59","6","1:28.600","208.239",2011,17,"Indian Grand Prix",2011-10-30,"09:30:00","rosberg","6","ROS","Nico","Rosberg",1985-06-27,"German","mercedes","Mercedes","German","Finished","buddh","Buddh International Circuit","Uttar Pradesh","India",28.3487,77.5331,"194"
68,11,15,815,857,21169,17,20,"10","10",10,1,59,"\N","\N","58","14","1:29.345","206.502",2011,17,"Indian Grand Prix",2011-10-30,"09:30:00","perez","11","PER","Sergio","Pérez",1990-01-26,"Mexican","sauber","Sauber","Swiss","+1 Lap","buddh","Buddh International Circuit","Uttar Pradesh","India",28.3487,77.5331,"194"
68,4,166,10,857,21182,24,22,"\N","R",23,0,2,"\N","\N","2","23","2:09.008","143.014",2011,17,"Indian Grand Prix",2011-10-30,"09:30:00","glock","\N","GLO","Timo","Glock",1982-03-18,"German","virgin","Virgin","British","Collision","buddh","Buddh International Circuit","Uttar Pradesh","India",28.3487,77.5331,"194"
68,1,208,154,896,22044,8,17,"3","3",3,15,60,"+39.892","5512079","57","7","1:28.796","207.779",2013,16,"Indian Grand Prix",2013-10-27,"09:30:00","grosjean","8","GRO","Romain","Grosjean",1986-04-17,"French","lotus_f1","Lotus F1","British","Finished","buddh","Buddh International Circuit","Uttar Pradesh","India",28.3487,77.5331,"194"
68,1,15,155,876,21629,14,17,"14","14",14,0,60,"+1:26.495","5557239","51","8","1:29.204","206.829",2012,17,"Indian Grand Prix",2012-10-28,"09:30:00","kobayashi","10","KOB","Kamui","Kobayashi",1986-09-13,"Japanese","sauber","Sauber","Swiss","Finished","buddh","Buddh International Circuit","Uttar Pradesh","India",28.3487,77.5331,"194"
68,11,5,153,857,21167,19,10,"8","8",8,4,59,"\N","\N","57","10","1:29.239","206.748",2011,17,"Indian Grand Prix",2011-10-30,"09:30:00","alguersuari","\N","ALG","Jaime","Alguersuari",1990-03-23,"Spanish","toro_rosso","Toro Rosso","Italian","+1 Lap","buddh","Buddh International Circuit","Uttar Pradesh","India",28.3487,77.5331,"194"
68,1,6,13,876,21621,6,6,"6","6",6,8,60,"+44.674","5515418","59","11","1:29.283","206.646",2012,17,"Indian Grand Prix",2012-10-28,"09:30:00","massa","19","MAS","Felipe","Massa",1981-04-25,"Brazilian","ferrari","Ferrari","Italian","Finished","buddh","Buddh International Circuit","Uttar Pradesh","India",28.3487,77.5331,"194"
68,1,131,3,896,22043,9,2,"2","2",2,18,60,"+29.823","5502010","49","9","1:28.816","207.732",2013,16,"Indian Grand Prix",2013-10-27,"09:30:00","rosberg","6","ROS","Nico","Rosberg",1985-06-27,"German","mercedes","Mercedes","German","Finished","buddh","Buddh International Circuit","Uttar Pradesh","India",28.3487,77.5331,"194"
68,1,1,815,896,22046,6,9,"5","5",5,10,60,"+43.829","5516016","59","4","1:28.503","208.467",2013,16,"Indian Grand Prix",2013-10-27,"09:30:00","perez","11","PER","Sergio","Pérez",1990-01-26,"Mexican","mclaren","McLaren","British","Finished","buddh","Buddh International Circuit","Uttar Pradesh","India",28.3487,77.5331,"194"
68,1,9,17,876,21618,2,2,"3","3",3,15,60,"+13.217","5483961","59","6","1:29.029","207.235",2012,17,"Indian Grand Prix",2012-10-28,"09:30:00","webber","\N","WEB","Mark","Webber",1976-08-27,"Australian","red_bull","Red Bull","Austrian","Finished","buddh","Buddh International Circuit","Uttar Pradesh","India",28.3487,77.5331,"194"
68,12,206,10,876,21635,24,21,"20","20",20,0,58,"\N","\N","56","21","1:31.721","201.153",2012,17,"Indian Grand Prix",2012-10-28,"09:30:00","glock","\N","GLO","Timo","Glock",1982-03-18,"German","marussia","Marussia","Russian","+2 Laps","buddh","Buddh International Circuit","Uttar Pradesh","India",28.3487,77.5331,"194"
68,1,6,4,896,22052,3,8,"11","11",11,0,60,"+1:18.297","5550484","58","6","1:28.709","207.983",2013,16,"Indian Grand Prix",2013-10-27,"09:30:00","alonso","14","ALO","Fernando","Alonso",1981-07-29,"Spanish","ferrari","Ferrari","Italian","Finished","buddh","Buddh International Circuit","Uttar Pradesh","India",28.3487,77.5331,"194"
68,1,3,813,896,22053,16,18,"12","12",12,0,60,"+1:18.951","5551138","56","14","1:29.012","207.275",2013,16,"Indian Grand Prix",2013-10-27,"09:30:00","maldonado","13","MAL","Pastor","Maldonado",1985-03-09,"Venezuelan","williams","Williams","British","Finished","buddh","Buddh International Circuit","Uttar Pradesh","India",28.3487,77.5331,"194"
68,1,3,811,876,21625,19,13,"10","10",10,1,60,"+1:14.975","5545719","60","2","1:28.431","208.637",2012,17,"Indian Grand Prix",2012-10-28,"09:30:00","bruno_senna","\N","SEN","Bruno","Senna",1983-10-15,"Brazilian","williams","Williams","British","Finished","buddh","Buddh International Circuit","Uttar Pradesh","India",28.3487,77.5331,"194"
68,1,208,8,896,22048,7,6,"7","7",7,6,60,"+1:07.988","5540175","60","1","1:27.679","210.426",2013,16,"Indian Grand Prix",2013-10-27,"09:30:00","raikkonen","7","RAI","Kimi","Räikkönen",1979-10-17,"Finnish","lotus_f1","Lotus F1","British","Finished","buddh","Buddh International Circuit","Uttar Pradesh","India",28.3487,77.5331,"194"
68,1,9,20,857,21160,1,1,"1","1",1,25,60,"1:30:35.002","5435002","60","1","1:27.249","211.463",2011,17,"Indian Grand Prix",2011-10-30,"09:30:00","vettel","5","VET","Sebastian","Vettel",1987-07-03,"German","red_bull","Red Bull","Austrian","Finished","buddh","Buddh International Circuit","Uttar Pradesh","India",28.3487,77.5331,"194"
68,13,164,817,857,21177,23,23,"18","18",18,0,57,"\N","\N","49","18","1:31.674","201.256",2011,17,"Indian Grand Prix",2011-10-30,"09:30:00","ricciardo","3","RIC","Daniel","Ricciardo",1989-07-01,"Australian","hrt","HRT","Spanish","+3 Laps","buddh","Buddh International Circuit","Uttar Pradesh","India",28.3487,77.5331,"194"
68,3,164,37,876,21638,22,22,"\N","R",23,0,43,"\N","\N","39","24","1:32.864","198.677",2012,17,"Indian Grand Prix",2012-10-28,"09:30:00","rosa","\N","DLR","Pedro","de la Rosa",1971-02-24,"Spanish","hrt","HRT","Spanish","Accident","buddh","Buddh International Circuit","Uttar Pradesh","India",28.3487,77.5331,"194"
68,91,9,17,896,22061,2,4,"\N","R",20,0,39,"\N","\N","30","18","1:29.500","206.145",2013,16,"Indian Grand Prix",2013-10-27,"09:30:00","webber","\N","WEB","Mark","Webber",1976-08-27,"Australian","red_bull","Red Bull","Austrian","Alternator","buddh","Buddh International Circuit","Uttar Pradesh","India",28.3487,77.5331,"194"
68,1,5,817,876,21628,16,15,"13","13",13,0,60,"+1:26.064","5556808","57","13","1:29.440","206.283",2012,17,"Indian Grand Prix",2012-10-28,"09:30:00","ricciardo","3","RIC","Daniel","Ricciardo",1989-07-01,"Australian","toro_rosso","Toro Rosso","Italian","Finished","buddh","Buddh International Circuit","Uttar Pradesh","India",28.3487,77.5331,"194"
68,1,9,20,896,22042,1,1,"1","1",1,25,60,"1:31:12.187","5472187","54","2","1:28.116","209.383",2013,16,"Indian Grand Prix",2013-10-27,"09:30:00","vettel","5","VET","Sebastian","Vettel",1987-07-03,"German","red_bull","Red Bull","Austrian","Finished","buddh","Buddh International Circuit","Uttar Pradesh","India",28.3487,77.5331,"194"
68,11,207,5,876,21633,20,20,"18","18",18,0,59,"\N","\N","57","18","1:30.786","203.225",2012,17,"Indian Grand Prix",2012-10-28,"09:30:00","kovalainen","\N","KOV","Heikki","Kovalainen",1981-10-19,"Finnish","caterham","Caterham","Malaysian","+1 Lap","buddh","Buddh International Circuit","Uttar Pradesh","India",28.3487,77.5331,"194"
68,11,10,814,857,21172,15,12,"13","13",13,0,59,"\N","\N","59","8","1:28.679","208.053",2011,17,"Indian Grand Prix",2011-10-30,"09:30:00","resta","\N","DIR","Paul","di Resta",1986-04-16,"British","force_india","Force India","Indian","+1 Lap","buddh","Buddh International Circuit","Uttar Pradesh","India",28.3487,77.5331,"194"
68,11,15,821,896,22056,12,16,"15","15",15,0,59,"\N","\N","49","5","1:28.682","208.046",2013,16,"Indian Grand Prix",2013-10-27,"09:30:00","gutierrez","21","GUT","Esteban","Gutiérrez",1991-08-05,"Mexican","sauber","Sauber","Swiss","+1 Lap","buddh","Buddh International Circuit","Uttar Pradesh","India",28.3487,77.5331,"194"
68,26,15,807,896,22060,11,7,"19","19",19,0,54,"\N","\N","52","13","1:28.947","207.426",2013,16,"Indian Grand Prix",2013-10-27,"09:30:00","hulkenberg","27","HUL","Nico","Hülkenberg",1987-08-19,"German","sauber","Sauber","Swiss","Mechanical","buddh","Buddh International Circuit","Uttar Pradesh","India",28.3487,77.5331,"194"
69,1,131,3,942,22838,6,1,"2","2",2,18,56,"+2.850","6655553","49","1","1:40.666","197.154",2015,16,"United States Grand Prix",2015-10-25,"19:00:00","rosberg","6","ROS","Nico","Rosberg",1985-06-27,"German","mercedes","Mercedes","German","Finished","americas","Circuit of the Americas","Austin","USA",30.1328,-97.6411,"161"
69,1,209,834,942,22848,53,17,"12","12",12,0,56,"+1:15.277","6727980","50","16","1:48.173","183.472",2015,16,"United States Grand Prix",2015-10-25,"19:00:00","rossi","53","RSS","Alexander","Rossi",1991-09-25,"American","manor","Manor Marussia","British","Finished","americas","Circuit of the Americas","Austin","USA",30.1328,-97.6411,"161"
69,1,10,815,1006,24130,11,10,"8","8",8,4,56,"+1:41.080","5759723","45","13","1:39.992","198.483",2018,18,"United States Grand Prix",2018-10-21,"18:10:00","perez","11","PER","Sergio","Pérez",1990-01-26,"Mexican","force_india","Force India","Indian","Finished","americas","Circuit of the Americas","Austin","USA",30.1328,-97.6411,"161"
69,11,213,852,1069,25294,22,10,"9","9",9,2,55,"\N","\N","47","13","1:41.151","196.209",2021,17,"United States Grand Prix",2021-10-24,"19:00:00","tsunoda","22","TSU","Yuki","Tsunoda",2000-05-11,"Japanese","alphatauri","AlphaTauri","Italian","+1 Lap","americas","Circuit of the Americas","Austin","USA",30.1328,-97.6411,"161"
69,1,6,13,878,21667,6,11,"4","4",4,12,56,"+46.013","5801282","56","2","1:39.402","199.661",2012,19,"United States Grand Prix",2012-11-18,"19:00:00","massa","19","MAS","Felipe","Massa",1981-04-25,"Brazilian","ferrari","Ferrari","Italian","Finished","americas","Circuit of the Americas","Austin","USA",30.1328,-97.6411,"161"
69,1,3,13,916,22485,19,4,"4","4",4,12,56,"+26.924","6031709","50","9","1:42.971","192.741",2014,17,"United States Grand Prix",2014-11-02,"20:00:00","massa","19","MAS","Felipe","Massa",1981-04-25,"Brazilian","williams","Williams","British","Finished","americas","Circuit of the Americas","Austin","USA",30.1328,-97.6411,"161"
69,31,15,828,942,22851,9,14,"\N","R",15,0,25,"\N","\N","24","15","1:47.381","184.825",2015,16,"United States Grand Prix",2015-10-25,"19:00:00","ericsson","9","ERI","Marcus","Ericsson",1990-09-02,"Swedish","sauber","Sauber","Swiss","Retired","americas","Circuit of the Americas","Austin","USA",30.1328,-97.6411,"161"
69,1,131,3,916,22483,6,1,"2","2",2,18,56,"+4.314","6009099","48","5","1:41.932","194.706",2014,17,"United States Grand Prix",2014-11-02,"20:00:00","rosberg","6","ROS","Nico","Rosberg",1985-06-27,"German","mercedes","Mercedes","German","Finished","americas","Circuit of the Americas","Austin","USA",30.1328,-97.6411,"161"
69,1,131,1,1006,24125,44,1,"3","3",3,15,56,"+2.342","5660985","40","1","1:37.392","203.782",2018,18,"United States Grand Prix",2018-10-21,"18:10:00","hamilton","44","HAM","Lewis","Hamilton",1985-01-07,"British","mercedes","Mercedes","German","Finished","americas","Circuit of the Americas","Austin","USA",30.1328,-97.6411,"161"
69,1,6,20,965,23294,5,6,"4","4",4,12,56,"+43.134","5935752","55","1","1:39.877","198.712",2016,18,"United States Grand Prix",2016-10-23,"19:00:00","vettel","5","VET","Sebastian","Vettel",1987-07-03,"German","ferrari","Ferrari","Italian","Finished","americas","Circuit of the Americas","Austin","USA",30.1328,-97.6411,"161"
69,11,51,8,1028,24576,7,17,"11","11",11,0,55,"\N","\N","46","9","1:39.608","199.249",2019,19,"United States Grand Prix",2019-11-03,"19:10:00","raikkonen","7","RAI","Kimi","Räikkönen",1979-10-17,"Finnish","alfa","Alfa Romeo","Swiss","+1 Lap","americas","Circuit of the Americas","Austin","USA",30.1328,-97.6411,"161"
69,1,131,1,1028,24567,44,5,"2","2",2,18,56,"+4.148","5639801","26","7","1:38.446","201.600",2019,19,"United States Grand Prix",2019-11-03,"19:10:00","hamilton","44","HAM","Lewis","Hamilton",1985-01-07,"British","mercedes","Mercedes","German","Finished","americas","Circuit of the Americas","Austin","USA",30.1328,-97.6411,"161"
69,1,4,832,985,23708,55,7,"7","7",7,6,56,"+1:32.944","5723935","43","12","1:40.462","197.555",2017,17,"United States Grand Prix",2017-10-22,"19:00:00","sainz","55","SAI","Carlos","Sainz",1994-09-01,"Spanish","renault","Renault","French","Finished","americas","Circuit of the Americas","Austin","USA",30.1328,-97.6411,"161"
69,5,9,817,985,23719,3,4,"\N","R",18,0,14,"\N","\N","14","9","1:40.102","198.265",2017,17,"United States Grand Prix",2017-10-22,"19:00:00","ricciardo","3","RIC","Daniel","Ricciardo",1989-07-01,"Australian","red_bull","Red Bull","Austrian","Engine","americas","Circuit of the Americas","Austin","USA",30.1328,-97.6411,"161"
69,12,3,847,1028,24582,63,18,"17","17",17,0,54,"\N","\N","54","17","1:41.239","196.039",2019,19,"United States Grand Prix",2019-11-03,"19:10:00","russell","63","RUS","George","Russell",1998-02-15,"British","williams","Williams","British","+2 Laps","americas","Circuit of the Americas","Austin","USA",30.1328,-97.6411,"161"
69,11,1,838,1006,24133,2,17,"11","11",11,0,55,"\N","\N","52","12","1:39.915","198.636",2018,18,"United States Grand Prix",2018-10-21,"18:10:00","vandoorne","2","VAN","Stoffel","Vandoorne",1992-03-26,"Belgian","mclaren","McLaren","British","+1 Lap","americas","Circuit of the Americas","Austin","USA",30.1328,-97.6411,"161"
69,23,210,821,965,23311,21,14,"\N","R",21,0,16,"\N","\N","15","20","1:45.364","188.364",2016,18,"United States Grand Prix",2016-10-23,"19:00:00","gutierrez","21","GUT","Esteban","Gutiérrez",1991-08-05,"Mexican","haas","Haas F1 Team","American","Brakes","americas","Circuit of the Americas","Austin","USA",30.1328,-97.6411,"161"
69,1,131,822,985,23706,77,3,"5","5",5,10,56,"+34.967","5665958","54","2","1:37.767","203.001",2017,17,"United States Grand Prix",2017-10-22,"19:00:00","bottas","77","BOT","Valtteri","Bottas",1989-08-28,"Finnish","mercedes","Mercedes","German","Finished","americas","Circuit of the Americas","Austin","USA",30.1328,-97.6411,"161"
69,1,5,830,942,22840,33,8,"4","4",4,12,56,"+22.359","6675062","51","9","1:43.172","192.366",2015,16,"United States Grand Prix",2015-10-25,"19:00:00","max_verstappen","33","VER","Max","Verstappen",1997-09-30,"Dutch","toro_rosso","Toro Rosso","Italian","Finished","americas","Circuit of the Americas","Austin","USA",30.1328,-97.6411,"161"
69,11,4,825,965,23302,20,18,"12","12",12,0,55,"\N","\N","48","17","1:44.730","189.504",2016,18,"United States Grand Prix",2016-10-23,"19:00:00","kevin_magnussen","20","MAG","Kevin","Magnussen",1992-10-05,"Danish","renault","Renault","French","+1 Lap","americas","Circuit of the Americas","Austin","USA",30.1328,-97.6411,"161"
69,11,4,807,1028,24574,27,11,"9","9",9,2,55,"\N","\N","47","6","1:38.437","201.619",2019,19,"United States Grand Prix",2019-11-03,"19:10:00","hulkenberg","27","HUL","Nico","Hülkenberg",1987-08-19,"German","renault","Renault","French","+1 Lap","americas","Circuit of the Americas","Austin","USA",30.1328,-97.6411,"161"
69,1,3,813,878,21672,18,9,"9","9",9,2,56,"+74.525","5829794","53","12","1:40.719","197.051",2012,19,"United States Grand Prix",2012-11-18,"19:00:00","maldonado","13","MAL","Pastor","Maldonado",1985-03-09,"Venezuelan","williams","Williams","British","Finished","americas","Circuit of the Americas","Austin","USA",30.1328,-97.6411,"161"
69,11,15,828,985,23716,9,13,"15","15",15,0,55,"\N","\N","42","16","1:41.041","196.423",2017,17,"United States Grand Prix",2017-10-22,"19:00:00","ericsson","9","ERI","Marcus","Ericsson",1990-09-02,"Swedish","sauber","Sauber","Swiss","+1 Lap","americas","Circuit of the Americas","Austin","USA",30.1328,-97.6411,"161"
69,12,210,853,1069,25302,9,17,"17","17",17,0,54,"\N","\N","42","20","1:42.886","192.900",2021,17,"United States Grand Prix",2021-10-24,"19:00:00","mazepin","9","MAZ","Nikita","Mazepin",1999-03-02,"Russian","haas","Haas F1 Team","American","+2 Laps","americas","Circuit of the Americas","Austin","USA",30.1328,-97.6411,"161"
69,1,6,844,1069,25289,16,4,"4","4",4,12,56,"+52.246","5728798","41","3","1:39.303","199.861",2021,17,"United States Grand Prix",2021-10-24,"19:00:00","leclerc","16","LEC","Charles","Leclerc",1997-10-16,"Monegasque","ferrari","Ferrari","Italian","Finished","americas","Circuit of the Americas","Austin","USA",30.1328,-97.6411,"161"
69,1,1,18,878,21668,3,12,"5","5",5,10,56,"+56.432","5811701","54","6","1:40.150","198.170",2012,19,"United States Grand Prix",2012-11-18,"19:00:00","button","22","BUT","Jenson","Button",1980-01-19,"British","mclaren","McLaren","British","Finished","americas","Circuit of the Americas","Austin","USA",30.1328,-97.6411,"161"
69,11,5,826,985,23711,26,11,"10","10",10,1,55,"\N","\N","19","15","1:40.971","196.559",2017,17,"United States Grand Prix",2017-10-22,"19:00:00","kvyat","26","KVY","Daniil","Kvyat",1994-04-26,"Russian","toro_rosso","Toro Rosso","Italian","+1 Lap","americas","Circuit of the Americas","Austin","USA",30.1328,-97.6411,"161"
69,1,208,813,942,22844,13,12,"8","8",8,4,56,"+32.273","6684976","51","6","1:42.849","192.970",2015,16,"United States Grand Prix",2015-10-25,"19:00:00","maldonado","13","MAL","Pastor","Maldonado",1985-03-09,"Venezuelan","lotus_f1","Lotus F1","British","Finished","americas","Circuit of the Americas","Austin","USA",30.1328,-97.6411,"161"
69,23,210,825,1028,24583,20,12,"18","18",18,0,52,"\N","\N","42","12","1:40.347","197.781",2019,19,"United States Grand Prix",2019-11-03,"19:10:00","kevin_magnussen","20","MAG","Kevin","Magnussen",1992-10-05,"Danish","haas","Haas F1 Team","American","Brakes","americas","Circuit of the Americas","Austin","USA",30.1328,-97.6411,"161"
69,1,10,814,898,22101,14,11,"16","16",16,0,56,"+1:36.853","6054001","54","9","1:41.148","196.215",2013,18,"United States Grand Prix",2013-11-17,"19:00:00","resta","\N","DIR","Paul","di Resta",1986-04-16,"British","force_india","Force India","Indian","Finished","americas","Circuit of the Americas","Austin","USA",30.1328,-97.6411,"161"
69,1,5,817,878,21675,16,18,"12","12",12,0,56,"+84.871","5840140","53","14","1:40.772","196.947",2012,19,"United States Grand Prix",2012-11-18,"19:00:00","ricciardo","3","RIC","Daniel","Ricciardo",1989-07-01,"Australian","toro_rosso","Toro Rosso","Italian","Finished","americas","Circuit of the Americas","Austin","USA",30.1328,-97.6411,"161"
69,1,9,848,1028,24570,23,6,"5","5",5,10,56,"+1:18.038","5713691","42","3","1:38.029","202.458",2019,19,"United States Grand Prix",2019-11-03,"19:10:00","albon","23","ALB","Alexander","Albon",1996-03-23,"Thai","red_bull","Red Bull","Austrian","Finished","americas","Circuit of the Americas","Austin","USA",30.1328,-97.6411,"161"
69,31,209,829,942,22856,28,19,"\N","R",20,0,1,"\N","\N","\N","0","\N","\N",2015,16,"United States Grand Prix",2015-10-25,"19:00:00","stevens","28","STE","Will","Stevens",1991-06-28,"British","manor","Manor Marussia","British","Retired","americas","Circuit of the Americas","Austin","USA",30.1328,-97.6411,"161"
69,11,117,20,1069,25295,5,18,"10","10",10,1,55,"\N","\N","40","10","1:40.481","197.517",2021,17,"United States Grand Prix",2021-10-24,"19:00:00","vettel","5","VET","Sebastian","Vettel",1987-07-03,"German","aston_martin","Aston Martin","British","+1 Lap","americas","Circuit of the Americas","Austin","USA",30.1328,-97.6411,"161"
69,11,208,154,916,22492,8,16,"11","11",11,0,55,"\N","\N","51","15","1:44.440","190.030",2014,17,"United States Grand Prix",2014-11-02,"20:00:00","grosjean","8","GRO","Romain","Grosjean",1986-04-17,"French","lotus_f1","Lotus F1","British","+1 Lap","americas","Circuit of the Americas","Austin","USA",30.1328,-97.6411,"161"
69,22,5,842,1028,24581,10,10,"16","16",16,0,54,"\N","\N","31","16","1:40.850","196.795",2019,19,"United States Grand Prix",2019-11-03,"19:10:00","gasly","10","GAS","Pierre","Gasly",1996-02-07,"French","toro_rosso","Toro Rosso","Italian","Suspension","americas","Circuit of the Americas","Austin","USA",30.1328,-97.6411,"161"
69,11,3,13,985,23710,19,10,"9","9",9,2,55,"\N","\N","36","10","1:40.131","198.208",2017,17,"United States Grand Prix",2017-10-22,"19:00:00","massa","19","MAS","Felipe","Massa",1981-04-25,"Brazilian","williams","Williams","British","+1 Lap","americas","Circuit of the Americas","Austin","USA",30.1328,-97.6411,"161"
69,31,3,822,942,22855,77,16,"\N","R",19,0,5,"\N","\N","3","19","2:31.939","130.623",2015,16,"United States Grand Prix",2015-10-25,"19:00:00","bottas","77","BOT","Valtteri","Bottas",1989-08-28,"Finnish","williams","Williams","British","Retired","americas","Circuit of the Americas","Austin","USA",30.1328,-97.6411,"161"
69,11,207,823,898,22104,21,18,"19","19",19,0,55,"\N","\N","45","20","1:43.933","190.957",2013,18,"United States Grand Prix",2013-11-17,"19:00:00","garde","\N","VDG","Giedo","van der Garde",1985-04-25,"Dutch","caterham","Caterham","Malaysian","+1 Lap","americas","Circuit of the Americas","Austin","USA",30.1328,-97.6411,"161"
69,3,10,16,898,22107,15,16,"\N","R",22,0,0,"\N","\N","\N","0","\N","\N",2013,18,"United States Grand Prix",2013-11-17,"19:00:00","sutil","99","SUT","Adrian","Sutil",1983-01-11,"German","force_india","Force India","Indian","Accident","americas","Circuit of the Americas","Austin","USA",30.1328,-97.6411,"161"
69,1,3,822,916,22486,77,3,"5","5",5,10,56,"+30.992","6035777","55","6","1:42.505","193.617",2014,17,"United States Grand Prix",2014-11-02,"20:00:00","bottas","77","BOT","Valtteri","Bottas",1989-08-28,"Finnish","williams","Williams","British","Finished","americas","Circuit of the Americas","Austin","USA",30.1328,-97.6411,"161"
69,3,9,826,942,22849,26,4,"\N","R",13,0,41,"\N","\N","41","10","1:43.728","191.335",2015,16,"United States Grand Prix",2015-10-25,"19:00:00","kvyat","26","KVY","Daniil","Kvyat",1994-04-26,"Russian","red_bull","Red Bull","Austrian","Accident","americas","Circuit of the Americas","Austin","USA",30.1328,-97.6411,"161"
69,91,9,17,878,21686,2,3,"\N","R",23,0,16,"\N","\N","13","21","1:43.599","191.573",2012,19,"United States Grand Prix",2012-11-18,"19:00:00","webber","\N","WEB","Mark","Webber",1976-08-27,"Australian","red_bull","Red Bull","Austrian","Alternator","americas","Circuit of the Americas","Austin","USA",30.1328,-97.6411,"161"
69,1,6,4,898,22090,3,6,"5","5",5,10,56,"+29.592","5986740","52","10","1:41.186","196.141",2013,18,"United States Grand Prix",2013-11-17,"19:00:00","alonso","14","ALO","Fernando","Alonso",1981-07-29,"Spanish","ferrari","Ferrari","Italian","Finished","americas","Circuit of the Americas","Austin","USA",30.1328,-97.6411,"161"
69,11,5,842,1006,24134,10,19,"12","12",12,0,55,"\N","\N","33","14","1:40.098","198.273",2018,18,"United States Grand Prix",2018-10-21,"18:10:00","gasly","10","GAS","Pierre","Gasly",1996-02-07,"French","toro_rosso","Toro Rosso","Italian","+1 Lap","americas","Circuit of the Americas","Austin","USA",30.1328,-97.6411,"161"
69,11,207,819,898,22105,20,22,"20","20",20,0,55,"\N","\N","48","21","1:43.968","190.893",2013,18,"United States Grand Prix",2013-11-17,"19:00:00","pic","\N","PIC","Charles","Pic",1990-02-15,"French","caterham","Caterham","Malaysian","+1 Lap","americas","Circuit of the Americas","Austin","USA",30.1328,-97.6411,"161"
69,11,1,832,1028,24573,55,7,"8","8",8,4,55,"\N","\N","44","15","1:40.844","196.806",2019,19,"United States Grand Prix",2019-11-03,"19:10:00","sainz","55","SAI","Carlos","Sainz",1994-09-01,"Spanish","mclaren","McLaren","British","+1 Lap","americas","Circuit of the Americas","Austin","USA",30.1328,-97.6411,"161"
69,1,6,4,878,21666,5,7,"3","3",3,15,56,"+39.229","5794498","56","4","1:39.672","199.121",2012,19,"United States Grand Prix",2012-11-18,"19:00:00","alonso","14","ALO","Fernando","Alonso",1981-07-29,"Spanish","ferrari","Ferrari","Italian","Finished","americas","Circuit of the Americas","Austin","USA",30.1328,-97.6411,"161"
69,11,51,841,1069,25296,99,12,"11","11",11,0,55,"\N","\N","44","12","1:41.145","196.221",2021,17,"United States Grand Prix",2021-10-24,"19:00:00","giovinazzi","99","GIO","Antonio","Giovinazzi",1993-12-14,"Italian","alfa","Alfa Romeo","Swiss","+1 Lap","americas","Circuit of the Americas","Austin","USA",30.1328,-97.6411,"161"
69,1,1,4,965,23295,14,12,"5","5",5,10,56,"+1:33.953","5986571","36","10","1:43.502","191.752",2016,18,"United States Grand Prix",2016-10-23,"19:00:00","alonso","14","ALO","Fernando","Alonso",1981-07-29,"Spanish","mclaren","McLaren","British","Finished","americas","Circuit of the Americas","Austin","USA",30.1328,-97.6411,"161"
69,1,1,817,1069,25290,3,6,"5","5",5,10,56,"+1:16.854","5753406","43","8","1:40.345","197.785",2021,17,"United States Grand Prix",2021-10-24,"19:00:00","ricciardo","3","RIC","Daniel","Ricciardo",1989-07-01,"Australian","mclaren","McLaren","British","Finished","americas","Circuit of the Americas","Austin","USA",30.1328,-97.6411,"161"
69,36,6,8,965,23309,7,5,"\N","R",19,0,38,"\N","\N","26","2","1:41.841","194.880",2016,18,"United States Grand Prix",2016-10-23,"19:00:00","raikkonen","7","RAI","Kimi","Räikkönen",1979-10-17,"Finnish","ferrari","Ferrari","Italian","Wheel","americas","Circuit of the Americas","Austin","USA",30.1328,-97.6411,"161"
69,11,5,843,1006,24131,28,20,"9","9",9,2,55,"\N","\N","32","6","1:38.963","200.547",2018,18,"United States Grand Prix",2018-10-21,"18:10:00","brendon_hartley","28","HAR","Brendon","Hartley",1989-11-10,"New Zealander","toro_rosso","Toro Rosso","Italian","+1 Lap","americas","Circuit of the Americas","Austin","USA",30.1328,-97.6411,"161"
69,4,10,807,965,23312,27,7,"\N","R",22,0,1,"\N","\N","\N","0","\N","\N",2016,18,"United States Grand Prix",2016-10-23,"19:00:00","hulkenberg","27","HUL","Nico","Hülkenberg",1987-08-19,"German","force_india","Force India","Indian","Collision","americas","Circuit of the Americas","Austin","USA",30.1328,-97.6411,"161"
69,11,1,18,916,22493,22,12,"12","12",12,0,55,"\N","\N","33","13","1:44.255","190.367",2014,17,"United States Grand Prix",2014-11-02,"20:00:00","button","22","BUT","Jenson","Button",1980-01-19,"British","mclaren","McLaren","British","+1 Lap","americas","Circuit of the Americas","Austin","USA",30.1328,-97.6411,"161"
69,11,1,18,965,23299,22,19,"9","9",9,2,55,"\N","\N","37","15","1:44.468","189.979",2016,18,"United States Grand Prix",2016-10-23,"19:00:00","button","22","BUT","Jenson","Button",1980-01-19,"British","mclaren","McLaren","British","+1 Lap","americas","Circuit of the Americas","Austin","USA",30.1328,-97.6411,"161"
69,12,209,839,965,23308,31,22,"18","18",18,0,54,"\N","\N","46","11","1:43.585","191.599",2016,18,"United States Grand Prix",2016-10-23,"19:00:00","ocon","31","OCO","Esteban","Ocon",1996-09-17,"French","manor","Manor Marussia","British","+2 Laps","americas","Circuit of the Americas","Austin","USA",30.1328,-97.6411,"161"
69,5,10,807,916,22497,27,13,"\N","R",16,0,16,"\N","\N","15","16","1:46.226","186.835",2014,17,"United States Grand Prix",2014-11-02,"20:00:00","hulkenberg","27","HUL","Nico","Hülkenberg",1987-08-19,"German","force_india","Force India","Indian","Engine","americas","Circuit of the Americas","Austin","USA",30.1328,-97.6411,"161"
69,1,15,831,942,22845,12,15,"9","9",9,2,56,"+40.257","6692960","54","12","1:44.407","190.090",2015,16,"United States Grand Prix",2015-10-25,"19:00:00","nasr","12","NAS","Felipe","Nasr",1992-08-21,"Brazilian","sauber","Sauber","Swiss","Finished","americas","Circuit of the Americas","Austin","USA",30.1328,-97.6411,"161"
69,1,1,4,942,22847,14,9,"11","11",11,0,56,"+54.816","6707519","55","11","1:44.323","190.243",2015,16,"United States Grand Prix",2015-10-25,"19:00:00","alonso","14","ALO","Fernando","Alonso",1981-07-29,"Spanish","mclaren","McLaren","British","Finished","americas","Circuit of the Americas","Austin","USA",30.1328,-97.6411,"161"
69,1,131,3,965,23292,6,2,"2","2",2,18,56,"+4.520","5897138","34","3","1:41.897","194.773",2016,18,"United States Grand Prix",2016-10-23,"19:00:00","rosberg","6","ROS","Nico","Rosberg",1985-06-27,"German","mercedes","Mercedes","German","Finished","americas","Circuit of the Americas","Austin","USA",30.1328,-97.6411,"161"
69,11,207,808,878,21680,21,21,"17","17",17,0,55,"\N","\N","55","18","1:42.824","193.017",2012,19,"United States Grand Prix",2012-11-18,"19:00:00","petrov","\N","PET","Vitaly","Petrov",1984-09-08,"Russian","caterham","Caterham","Malaysian","+1 Lap","americas","Circuit of the Americas","Austin","USA",30.1328,-97.6411,"161"
69,1,208,8,878,21669,9,4,"6","6",6,8,56,"+64.425","5819694","56","3","1:39.474","199.517",2012,19,"United States Grand Prix",2012-11-18,"19:00:00","raikkonen","7","RAI","Kimi","Räikkönen",1979-10-17,"Finnish","lotus_f1","Lotus F1","British","Finished","americas","Circuit of the Americas","Austin","USA",30.1328,-97.6411,"161"
69,1,131,822,1069,25291,77,9,"6","6",6,8,56,"+1:20.128","5756680","41","6","1:40.147","198.176",2021,17,"United States Grand Prix",2021-10-24,"19:00:00","bottas","77","BOT","Valtteri","Bottas",1989-08-28,"Finnish","mercedes","Mercedes","German","Finished","americas","Circuit of the Americas","Austin","USA",30.1328,-97.6411,"161"
69,31,3,13,942,22853,19,7,"\N","R",17,0,23,"\N","\N","22","17","1:48.231","183.374",2015,16,"United States Grand Prix",2015-10-25,"19:00:00","massa","19","MAS","Felipe","Massa",1981-04-25,"Brazilian","williams","Williams","British","Retired","americas","Circuit of the Americas","Austin","USA",30.1328,-97.6411,"161"
69,2,10,839,1006,24141,31,6,"\N","D",19,0,56,"\N","\N","\N","0","\N","\N",2018,18,"United States Grand Prix",2018-10-21,"18:10:00","ocon","31","OCO","Esteban","Ocon",1996-09-17,"French","force_india","Force India","Indian","Disqualified","americas","Circuit of the Americas","Austin","USA",30.1328,-97.6411,"161"
69,1,6,844,1028,24569,16,4,"4","4",4,13,56,"+52.239","5687892","44","1","1:36.169","206.374",2019,19,"United States Grand Prix",2019-11-03,"19:10:00","leclerc","16","LEC","Charles","Leclerc",1997-10-16,"Monegasque","ferrari","Ferrari","Italian","Finished","americas","Circuit of the Americas","Austin","USA",30.1328,-97.6411,"161"
69,11,5,826,965,23301,26,13,"11","11",11,0,55,"\N","\N","45","6","1:42.475","193.674",2016,18,"United States Grand Prix",2016-10-23,"19:00:00","kvyat","26","KVY","Daniil","Kvyat",1994-04-26,"Russian","toro_rosso","Toro Rosso","Italian","+1 Lap","americas","Circuit of the Americas","Austin","USA",30.1328,-97.6411,"161"
69,130,210,154,1006,24139,8,8,"\N","R",17,0,2,"\N","\N","12","18","1:41.982","194.610",2018,18,"United States Grand Prix",2018-10-21,"18:10:00","grosjean","8","GRO","Romain","Grosjean",1986-04-17,"French","haas","Haas F1 Team","American","Collision damage","americas","Circuit of the Americas","Austin","USA",30.1328,-97.6411,"161"
69,31,208,154,942,22854,8,10,"\N","R",18,0,10,"\N","\N","8","18","1:59.612","165.926",2015,16,"United States Grand Prix",2015-10-25,"19:00:00","grosjean","8","GRO","Romain","Grosjean",1986-04-17,"French","lotus_f1","Lotus F1","British","Retired","americas","Circuit of the Americas","Austin","USA",30.1328,-97.6411,"161"
69,1,208,5,898,22100,7,8,"15","15",15,0,56,"+1:35.063","6052211","52","7","1:41.028","196.448",2013,18,"United States Grand Prix",2013-11-17,"19:00:00","kovalainen","\N","KOV","Heikki","Kovalainen",1981-10-19,"Finnish","lotus_f1","Lotus F1","British","Finished","americas","Circuit of the Americas","Austin","USA",30.1328,-97.6411,"161"
69,11,51,841,1028,24579,99,16,"14","14",14,0,55,"\N","\N","41","10","1:39.964","198.539",2019,19,"United States Grand Prix",2019-11-03,"19:10:00","giovinazzi","99","GIO","Antonio","Giovinazzi",1993-12-14,"Italian","alfa","Alfa Romeo","Swiss","+1 Lap","americas","Circuit of the Americas","Austin","USA",30.1328,-97.6411,"161"
69,1,131,1,965,23291,44,1,"1","1",1,25,56,"1:38:12.618","5892618","45","4","1:42.386","193.842",2016,18,"United States Grand Prix",2016-10-23,"19:00:00","hamilton","44","HAM","Lewis","Hamilton",1985-01-07,"British","mercedes","Mercedes","German","Finished","americas","Circuit of the Americas","Austin","USA",30.1328,-97.6411,"161"
69,11,211,840,1028,24578,18,14,"13","13",13,0,55,"\N","\N","42","13","1:40.380","197.716",2019,19,"United States Grand Prix",2019-11-03,"19:10:00","stroll","18","STR","Lance","Stroll",1998-10-29,"Canadian","racing_point","Racing Point","British","+1 Lap","americas","Circuit of the Americas","Austin","USA",30.1328,-97.6411,"161"
69,1,6,8,985,23704,7,5,"3","3",3,15,56,"+15.779","5646770","42","6","1:38.809","200.860",2017,17,"United States Grand Prix",2017-10-22,"19:00:00","raikkonen","7","RAI","Kimi","Räikkönen",1979-10-17,"Finnish","ferrari","Ferrari","Italian","Finished","americas","Circuit of the Americas","Austin","USA",30.1328,-97.6411,"161"
69,1,9,830,1028,24568,33,3,"3","3",3,15,56,"+5.002","5640655","42","5","1:38.214","202.077",2019,19,"United States Grand Prix",2019-11-03,"19:10:00","max_verstappen","33","VER","Max","Verstappen",1997-09-30,"Dutch","red_bull","Red Bull","Austrian","Finished","americas","Circuit of the Americas","Austin","USA",30.1328,-97.6411,"161"
69,5,1,4,985,23718,14,8,"\N","R",17,0,24,"\N","\N","21","18","1:41.537","195.463",2017,17,"United States Grand Prix",2017-10-22,"19:00:00","alonso","14","ALO","Fernando","Alonso",1981-07-29,"Spanish","mclaren","McLaren","British","Engine","americas","Circuit of the Americas","Austin","USA",30.1328,-97.6411,"161"
69,11,15,155,878,21677,14,16,"14","14",14,0,55,"\N","\N","55","7","1:40.315","197.844",2012,19,"United States Grand Prix",2012-11-18,"19:00:00","kobayashi","10","KOB","Kamui","Kobayashi",1986-09-13,"Japanese","sauber","Sauber","Swiss","+1 Lap","americas","Circuit of the Americas","Austin","USA",30.1328,-97.6411,"161"
69,11,5,843,985,23714,39,19,"13","13",13,0,55,"\N","\N","47","8","1:39.979","198.509",2017,17,"United States Grand Prix",2017-10-22,"19:00:00","brendon_hartley","28","HAR","Brendon","Hartley",1989-11-10,"New Zealander","toro_rosso","Toro Rosso","Italian","+1 Lap","americas","Circuit of the Americas","Austin","USA",30.1328,-97.6411,"161"
69,11,131,30,878,21679,7,5,"16","16",16,0,55,"\N","\N","54","15","1:40.923","196.652",2012,19,"United States Grand Prix",2012-11-18,"19:00:00","michael_schumacher","\N","MSC","Michael","Schumacher",1969-01-03,"German","mercedes","Mercedes","German","+1 Lap","americas","Circuit of the Americas","Austin","USA",30.1328,-97.6411,"161"
69,1,1,1,878,21664,4,2,"1","1",1,25,56,"1:35:55.269","5755269","55","5","1:39.709","199.047",2012,19,"United States Grand Prix",2012-11-18,"19:00:00","hamilton","44","HAM","Lewis","Hamilton",1985-01-07,"British","mclaren","McLaren","British","Finished","americas","Circuit of the Americas","Austin","USA",30.1328,-97.6411,"161"
69,1,5,818,916,22490,25,14,"10","10",10,1,56,"+1:48.863","6113648","17","12","1:44.180","190.504",2014,17,"United States Grand Prix",2014-11-02,"20:00:00","vergne","25","VER","Jean-Éric","Vergne",1990-04-25,"French","toro_rosso","Toro Rosso","Italian","Finished","americas","Circuit of the Americas","Austin","USA",30.1328,-97.6411,"161"
69,11,15,828,965,23304,9,16,"14","14",14,0,55,"\N","\N","19","19","1:45.140","188.765",2016,18,"United States Grand Prix",2016-10-23,"19:00:00","ericsson","9","ERI","Marcus","Ericsson",1990-09-02,"Swedish","sauber","Sauber","Swiss","+1 Lap","americas","Circuit of the Americas","Austin","USA",30.1328,-97.6411,"161"
69,11,15,828,1006,24132,9,16,"10","10",10,1,55,"\N","\N","36","9","1:39.569","199.327",2018,18,"United States Grand Prix",2018-10-21,"18:10:00","ericsson","9","ERI","Marcus","Ericsson",1990-09-02,"Swedish","sauber","Sauber","Swiss","+1 Lap","americas","Circuit of the Americas","Austin","USA",30.1328,-97.6411,"161"
69,11,3,845,1006,24135,35,14,"13","13",13,0,55,"\N","\N","42","7","1:39.240","199.987",2018,18,"United States Grand Prix",2018-10-21,"18:10:00","sirotkin","35","SIR","Sergey","Sirotkin",1995-08-27,"Russian","williams","Williams","British","+1 Lap","americas","Circuit of the Americas","Austin","USA",30.1328,-97.6411,"161"
69,1,1,846,1069,25293,4,7,"8","8",8,4,56,"+1:24.395","5760947","41","7","1:40.228","198.016",2021,17,"United States Grand Prix",2021-10-24,"19:00:00","norris","4","NOR","Lando","Norris",1999-11-13,"British","mclaren","McLaren","British","Finished","americas","Circuit of the Americas","Austin","USA",30.1328,-97.6411,"161"
69,12,210,854,1069,25301,47,16,"16","16",16,0,54,"\N","\N","36","16","1:41.395","195.737",2021,17,"United States Grand Prix",2021-10-24,"19:00:00","mick_schumacher","47","MSC","Mick","Schumacher",1999-03-22,"German","haas","Haas F1 Team","American","+2 Laps","americas","Circuit of the Americas","Austin","USA",30.1328,-97.6411,"161"
69,1,6,4,916,22487,14,6,"6","6",6,8,56,"+1:35.231","6100016","47","2","1:41.474","195.585",2014,17,"United States Grand Prix",2014-11-02,"20:00:00","alonso","14","ALO","Fernando","Alonso",1981-07-29,"Spanish","ferrari","Ferrari","Italian","Finished","americas","Circuit of the Americas","Austin","USA",30.1328,-97.6411,"161"
69,1,6,13,898,22098,4,13,"13","13",13,0,56,"+1:26.914","6044062","53","11","1:41.209","196.097",2013,18,"United States Grand Prix",2013-11-17,"19:00:00","massa","19","MAS","Felipe","Massa",1981-04-25,"Brazilian","ferrari","Ferrari","Italian","Finished","americas","Circuit of the Americas","Austin","USA",30.1328,-97.6411,"161"
69,1,131,822,1006,24127,77,3,"5","5",5,10,56,"+24.744","5683387","46","4","1:38.470","201.551",2018,18,"United States Grand Prix",2018-10-21,"18:10:00","bottas","77","BOT","Valtteri","Bottas",1989-08-28,"Finnish","mercedes","Mercedes","German","Finished","americas","Circuit of the Americas","Austin","USA",30.1328,-97.6411,"161"
69,1,131,822,1028,24566,77,1,"1","1",1,25,56,"1:33:55.653","5635653","37","2","1:36.957","204.696",2019,19,"United States Grand Prix",2019-11-03,"19:10:00","bottas","77","BOT","Valtteri","Bottas",1989-08-28,"Finnish","mercedes","Mercedes","German","Finished","americas","Circuit of the Americas","Austin","USA",30.1328,-97.6411,"161"
69,1,9,830,1069,25286,33,1,"1","1",1,25,56,"1:34:36.552","5676552","52","2","1:39.096","200.278",2021,17,"United States Grand Prix",2021-10-24,"19:00:00","max_verstappen","33","VER","Max","Verstappen",1997-09-30,"Dutch","red_bull","Red Bull","Austrian","Finished","americas","Circuit of the Americas","Austin","USA",30.1328,-97.6411,"161"
69,1,15,821,898,22099,12,20,"14","14",14,0,56,"+1:31.707","6048855","51","14","1:41.401","195.725",2013,18,"United States Grand Prix",2013-11-17,"19:00:00","gutierrez","21","GUT","Esteban","Gutiérrez",1991-08-05,"Mexican","sauber","Sauber","Swiss","Finished","americas","Circuit of the Americas","Austin","USA",30.1328,-97.6411,"161"
69,4,15,836,985,23720,94,14,"\N","R",19,0,5,"\N","\N","2","20","1:47.073","185.357",2017,17,"United States Grand Prix",2017-10-22,"19:00:00","wehrlein","94","WEH","Pascal","Wehrlein",1994-10-18,"German","sauber","Sauber","Swiss","Collision","americas","Circuit of the Americas","Austin","USA",30.1328,-97.6411,"161"
69,1,131,3,898,22094,9,12,"9","9",9,2,56,"+59.141","6016289","51","8","1:41.133","196.244",2013,18,"United States Grand Prix",2013-11-17,"19:00:00","rosberg","6","ROS","Nico","Rosberg",1985-06-27,"German","mercedes","Mercedes","German","Finished","americas","Circuit of the Americas","Austin","USA",30.1328,-97.6411,"161"
69,11,1,838,985,23713,2,20,"12","12",12,0,55,"\N","\N","27","11","1:40.349","197.777",2017,17,"United States Grand Prix",2017-10-22,"19:00:00","vandoorne","2","VAN","Stoffel","Vandoorne",1992-03-26,"Belgian","mclaren","McLaren","British","+1 Lap","americas","Circuit of the Americas","Austin","USA",30.1328,-97.6411,"161"
69,1,5,832,965,23296,55,10,"6","6",6,8,56,"+1:36.124","5988742","33","8","1:42.832","193.002",2016,18,"United States Grand Prix",2016-10-23,"19:00:00","sainz","55","SAI","Carlos","Sainz",1994-09-01,"Spanish","toro_rosso","Toro Rosso","Italian","Finished","americas","Circuit of the Americas","Austin","USA",30.1328,-97.6411,"161"
69,1,1,815,898,22092,6,7,"7","7",7,6,56,"+46.692","6003840","47","15","1:41.830","194.901",2013,18,"United States Grand Prix",2013-11-17,"19:00:00","perez","11","PER","Sergio","Pérez",1990-01-26,"Mexican","mclaren","McLaren","British","Finished","americas","Circuit of the Americas","Austin","USA",30.1328,-97.6411,"161"
69,1,208,154,898,22087,8,3,"2","2",2,18,56,"+6.284","5963432","52","2","1:40.445","197.588",2013,18,"United States Grand Prix",2013-11-17,"19:00:00","grosjean","8","GRO","Romain","Grosjean",1986-04-17,"French","lotus_f1","Lotus F1","British","Finished","americas","Circuit of the Americas","Austin","USA",30.1328,-97.6411,"161"
69,11,15,821,916,22495,21,15,"14","14",14,0,55,"\N","\N","47","10","1:43.006","192.676",2014,17,"United States Grand Prix",2014-11-02,"20:00:00","gutierrez","21","GUT","Esteban","Gutiérrez",1991-08-05,"Mexican","sauber","Sauber","Swiss","+1 Lap","americas","Circuit of the Americas","Austin","USA",30.1328,-97.6411,"161"
69,11,3,13,965,23297,19,9,"7","7",7,6,55,"\N","\N","33","9","1:43.414","191.915",2016,18,"United States Grand Prix",2016-10-23,"19:00:00","massa","19","MAS","Felipe","Massa",1981-04-25,"Brazilian","williams","Williams","British","+1 Lap","americas","Circuit of the Americas","Austin","USA",30.1328,-97.6411,"161"
69,1,9,817,942,22846,3,3,"10","10",10,1,56,"+53.371","6706074","53","4","1:41.980","194.614",2015,16,"United States Grand Prix",2015-10-25,"19:00:00","ricciardo","3","RIC","Daniel","Ricciardo",1989-07-01,"Australian","red_bull","Red Bull","Austrian","Finished","americas","Circuit of the Americas","Austin","USA",30.1328,-97.6411,"161"
69,11,4,835,965,23303,30,15,"13","13",13,0,55,"\N","\N","18","16","1:44.724","189.515",2016,18,"United States Grand Prix",2016-10-23,"19:00:00","jolyon_palmer","30","PAL","Jolyon","Palmer",1991-01-20,"British","renault","Renault","French","+1 Lap","americas","Circuit of the Americas","Austin","USA",30.1328,-97.6411,"161"
69,84,9,817,1006,24138,3,4,"\N","R",16,0,8,"\N","\N","49","15","1:40.433","197.612",2018,18,"United States Grand Prix",2018-10-21,"18:10:00","ricciardo","3","RIC","Daniel","Ricciardo",1989-07-01,"Australian","red_bull","Red Bull","Austrian","Battery","americas","Circuit of the Americas","Austin","USA",30.1328,-97.6411,"161"
69,4,1,4,1006,24140,14,13,"\N","R",18,0,1,"\N","\N","5","17","1:40.933","196.633",2018,18,"United States Grand Prix",2018-10-21,"18:10:00","alonso","14","ALO","Fernando","Alonso",1981-07-29,"Spanish","mclaren","McLaren","British","Collision","americas","Circuit of the Americas","Austin","USA",30.1328,-97.6411,"161"
69,11,15,831,965,23305,12,21,"15","15",15,0,55,"\N","\N","55","13","1:44.117","190.620",2016,18,"United States Grand Prix",2016-10-23,"19:00:00","nasr","12","NAS","Felipe","Nasr",1992-08-21,"Brazilian","sauber","Sauber","Swiss","+1 Lap","americas","Circuit of the Americas","Austin","USA",30.1328,-97.6411,"161"
69,4,15,16,916,22499,99,9,"\N","R",18,0,0,"\N","\N","\N","0","\N","\N",2014,17,"United States Grand Prix",2014-11-02,"20:00:00","sutil","99","SUT","Adrian","Sutil",1983-01-11,"German","sauber","Sauber","Swiss","Collision","americas","Circuit of the Americas","Austin","USA",30.1328,-97.6411,"161"
69,11,3,840,985,23712,18,15,"11","11",11,0,55,"\N","\N","38","7","1:39.666","199.133",2017,17,"United States Grand Prix",2017-10-22,"19:00:00","stroll","18","STR","Lance","Stroll",1998-10-29,"Canadian","williams","Williams","British","+1 Lap","americas","Circuit of the Americas","Austin","USA",30.1328,-97.6411,"161"
69,12,164,39,878,21685,23,24,"22","22",22,0,54,"\N","\N","51","22","1:44.508","189.906",2012,19,"United States Grand Prix",2012-11-18,"19:00:00","karthikeyan","\N","KAR","Narain","Karthikeyan",1977-01-14,"Indian","hrt","HRT","Spanish","+2 Laps","americas","Circuit of the Americas","Austin","USA",30.1328,-97.6411,"161"
69,11,211,815,1028,24575,11,0,"10","10",10,1,55,"\N","\N","34","11","1:40.165","198.141",2019,19,"United States Grand Prix",2019-11-03,"19:10:00","perez","11","PER","Sergio","Pérez",1990-01-26,"Mexican","racing_point","Racing Point","British","+1 Lap","americas","Circuit of the Americas","Austin","USA",30.1328,-97.6411,"161"
69,65,214,4,1069,25303,14,19,"\N","R",18,0,49,"\N","\N","46","5","1:40.067","198.335",2021,17,"United States Grand Prix",2021-10-24,"19:00:00","alonso","14","ALO","Fernando","Alonso",1981-07-29,"Spanish","alpine","Alpine F1 Team","French","Rear wing","americas","Circuit of the Americas","Austin","USA",30.1328,-97.6411,"161"
69,1,6,8,1006,24123,7,2,"1","1",1,25,56,"1:34:18.643","5658643","45","5","1:38.482","201.527",2018,18,"United States Grand Prix",2018-10-21,"18:10:00","raikkonen","7","RAI","Kimi","Räikkönen",1979-10-17,"Finnish","ferrari","Ferrari","Italian","Finished","americas","Circuit of the Americas","Austin","USA",30.1328,-97.6411,"161"
69,11,6,8,916,22494,7,8,"13","13",13,0,55,"\N","\N","54","8","1:42.888","192.897",2014,17,"United States Grand Prix",2014-11-02,"20:00:00","raikkonen","7","RAI","Kimi","Räikkönen",1979-10-17,"Finnish","ferrari","Ferrari","Italian","+1 Lap","americas","Circuit of the Americas","Austin","USA",30.1328,-97.6411,"161"
69,3,10,807,942,22850,27,6,"\N","R",14,0,35,"\N","\N","24","13","1:45.095","188.846",2015,16,"United States Grand Prix",2015-10-25,"19:00:00","hulkenberg","27","HUL","Nico","Hülkenberg",1987-08-19,"German","force_india","Force India","Indian","Accident","americas","Circuit of the Americas","Austin","USA",30.1328,-97.6411,"161"
69,1,131,1,898,22089,10,5,"4","4",4,12,56,"+27.358","5984506","50","5","1:40.818","196.857",2013,18,"United States Grand Prix",2013-11-17,"19:00:00","hamilton","44","HAM","Lewis","Hamilton",1985-01-07,"British","mercedes","Mercedes","German","Finished","americas","Circuit of the Americas","Austin","USA",30.1328,-97.6411,"161"
69,1,3,822,898,22093,17,9,"8","8",8,4,56,"+54.509","6011657","54","3","1:40.492","197.496",2013,18,"United States Grand Prix",2013-11-17,"19:00:00","bottas","77","BOT","Valtteri","Bottas",1989-08-28,"Finnish","williams","Williams","British","Finished","americas","Circuit of the Americas","Austin","USA",30.1328,-97.6411,"161"
69,1,9,817,916,22484,3,5,"3","3",3,15,56,"+25.560","6030345","33","7","1:42.831","193.004",2014,17,"United States Grand Prix",2014-11-02,"20:00:00","ricciardo","3","RIC","Daniel","Ricciardo",1989-07-01,"Australian","red_bull","Red Bull","Austrian","Finished","americas","Circuit of the Americas","Austin","USA",30.1328,-97.6411,"161"
69,1,5,832,942,22843,55,20,"7","7",7,6,56,"+30.619","6683322","51","5","1:42.660","193.325",2015,16,"United States Grand Prix",2015-10-25,"19:00:00","sainz","55","SAI","Carlos","Sainz",1994-09-01,"Spanish","toro_rosso","Toro Rosso","Italian","Finished","americas","Circuit of the Americas","Austin","USA",30.1328,-97.6411,"161"
69,1,1,825,916,22489,20,7,"8","8",8,4,56,"+1:40.682","6105467","29","14","1:44.287","190.309",2014,17,"United States Grand Prix",2014-11-02,"20:00:00","kevin_magnussen","20","MAG","Kevin","Magnussen",1992-10-05,"Danish","mclaren","McLaren","British","Finished","americas","Circuit of the Americas","Austin","USA",30.1328,-97.6411,"161"
69,11,10,815,965,23298,11,11,"8","8",8,4,55,"\N","\N","33","12","1:43.925","190.972",2016,18,"United States Grand Prix",2016-10-23,"19:00:00","perez","11","PER","Sergio","Pérez",1990-01-26,"Mexican","force_india","Force India","Indian","+1 Lap","americas","Circuit of the Americas","Austin","USA",30.1328,-97.6411,"161"
69,1,15,807,898,22091,11,4,"6","6",6,8,56,"+30.400","5987548","54","6","1:40.952","196.596",2013,18,"United States Grand Prix",2013-11-17,"19:00:00","hulkenberg","27","HUL","Nico","Hülkenberg",1987-08-19,"German","sauber","Sauber","Swiss","Finished","americas","Circuit of the Americas","Austin","USA",30.1328,-97.6411,"161"
69,11,210,154,985,23715,8,12,"14","14",14,0,55,"\N","\N","36","17","1:41.259","196.000",2017,17,"United States Grand Prix",2017-10-22,"19:00:00","grosjean","8","GRO","Romain","Grosjean",1986-04-17,"French","haas","Haas F1 Team","American","+1 Lap","americas","Circuit of the Americas","Austin","USA",30.1328,-97.6411,"161"
69,1,9,830,985,23705,33,16,"4","4",4,12,56,"+16.768","5647759","39","4","1:38.060","202.394",2017,17,"United States Grand Prix",2017-10-22,"19:00:00","max_verstappen","33","VER","Max","Verstappen",1997-09-30,"Dutch","red_bull","Red Bull","Austrian","Finished","americas","Circuit of the Americas","Austin","USA",30.1328,-97.6411,"161"
69,1,9,815,1069,25288,11,3,"3","3",3,15,56,"+42.223","5718775","32","4","1:39.566","199.333",2021,17,"United States Grand Prix",2021-10-24,"19:00:00","perez","11","PER","Sergio","Pérez",1990-01-26,"Mexican","red_bull","Red Bull","Austrian","Finished","americas","Circuit of the Americas","Austin","USA",30.1328,-97.6411,"161"
69,1,1,18,898,22095,5,15,"10","10",10,1,56,"+1:17.278","6034426","50","12","1:41.285","195.950",2013,18,"United States Grand Prix",2013-11-17,"19:00:00","button","22","BUT","Jenson","Button",1980-01-19,"British","mclaren","McLaren","British","Finished","americas","Circuit of the Americas","Austin","USA",30.1328,-97.6411,"161"
69,5,4,807,985,23721,27,18,"\N","R",20,0,3,"\N","\N","2","19","1:44.270","190.340",2017,17,"United States Grand Prix",2017-10-22,"19:00:00","hulkenberg","27","HUL","Nico","Hülkenberg",1987-08-19,"German","renault","Renault","French","Engine","americas","Circuit of the Americas","Austin","USA",30.1328,-97.6411,"161"
69,11,10,814,878,21678,11,13,"15","15",15,0,55,"\N","\N","55","9","1:40.594","197.296",2012,19,"United States Grand Prix",2012-11-18,"19:00:00","resta","\N","DIR","Paul","di Resta",1986-04-16,"British","force_india","Force India","Indian","+1 Lap","americas","Circuit of the Americas","Austin","USA",30.1328,-97.6411,"161"
69,11,3,822,965,23306,77,8,"16","16",16,0,55,"\N","\N","34","18","1:44.977","189.058",2016,18,"United States Grand Prix",2016-10-23,"19:00:00","bottas","77","BOT","Valtteri","Bottas",1989-08-28,"Finnish","williams","Williams","British","+1 Lap","americas","Circuit of the Americas","Austin","USA",30.1328,-97.6411,"161"
69,1,1,18,942,22842,22,11,"6","6",6,8,56,"+28.058","6680761","50","8","1:43.026","192.638",2015,16,"United States Grand Prix",2015-10-25,"19:00:00","button","22","BUT","Jenson","Button",1980-01-19,"British","mclaren","McLaren","British","Finished","americas","Circuit of the Americas","Austin","USA",30.1328,-97.6411,"161"
69,1,9,20,898,22086,1,1,"1","1",1,25,56,"1:39:17.148","5957148","54","1","1:39.856","198.754",2013,18,"United States Grand Prix",2013-11-17,"19:00:00","vettel","5","VET","Sebastian","Vettel",1987-07-03,"German","red_bull","Red Bull","Austrian","Finished","americas","Circuit of the Americas","Austin","USA",30.1328,-97.6411,"161"
69,11,206,824,898,22103,22,19,"18","18",18,0,55,"\N","\N","45","18","1:43.419","191.906",2013,18,"United States Grand Prix",2013-11-17,"19:00:00","jules_bianchi","17","BIA","Jules","Bianchi",1989-08-03,"French","marussia","Marussia","Russian","+1 Lap","americas","Circuit of the Americas","Austin","USA",30.1328,-97.6411,"161"
69,11,3,813,898,22102,16,17,"17","17",17,0,55,"\N","\N","42","17","1:43.058","192.578",2013,18,"United States Grand Prix",2013-11-17,"19:00:00","maldonado","13","MAL","Pastor","Maldonado",1985-03-09,"Venezuelan","williams","Williams","British","+1 Lap","americas","Circuit of the Americas","Austin","USA",30.1328,-97.6411,"161"
69,1,9,20,916,22488,1,18,"7","7",7,6,56,"+1:35.734","6100519","50","1","1:41.379","195.768",2014,17,"United States Grand Prix",2014-11-02,"20:00:00","vettel","5","VET","Sebastian","Vettel",1987-07-03,"German","red_bull","Red Bull","Austrian","Finished","americas","Circuit of the Americas","Austin","USA",30.1328,-97.6411,"161"
69,12,206,819,878,21683,25,20,"20","20",20,0,54,"\N","\N","54","17","1:42.481","193.663",2012,19,"United States Grand Prix",2012-11-18,"19:00:00","pic","\N","PIC","Charles","Pic",1990-02-15,"French","marussia","Marussia","Russian","+2 Laps","americas","Circuit of the Americas","Austin","USA",30.1328,-97.6411,"161"
69,11,207,5,878,21681,20,22,"18","18",18,0,55,"\N","\N","50","19","1:43.072","192.552",2012,19,"United States Grand Prix",2012-11-18,"19:00:00","kovalainen","\N","KOV","Heikki","Kovalainen",1981-10-19,"Finnish","caterham","Caterham","Malaysian","+1 Lap","americas","Circuit of the Americas","Austin","USA",30.1328,-97.6411,"161"
69,1,5,818,898,22097,18,14,"12","12",12,0,56,"+1:24.574","6041722","52","13","1:41.320","195.882",2013,18,"United States Grand Prix",2013-11-17,"19:00:00","vergne","25","VER","Jean-Éric","Vergne",1990-04-25,"French","toro_rosso","Toro Rosso","Italian","Finished","americas","Circuit of the Americas","Austin","USA",30.1328,-97.6411,"161"
69,11,3,849,1069,25300,6,14,"15","15",15,0,55,"\N","\N","46","17","1:41.818","194.924",2021,17,"United States Grand Prix",2021-10-24,"19:00:00","latifi","6","LAT","Nicholas","Latifi",1995-06-29,"Canadian","williams","Williams","British","+1 Lap","americas","Circuit of the Americas","Austin","USA",30.1328,-97.6411,"161"
69,1,9,830,1006,24124,33,18,"2","2",2,18,56,"+1.281","5659924","45","2","1:38.246","202.011",2018,18,"United States Grand Prix",2018-10-21,"18:10:00","max_verstappen","33","VER","Max","Verstappen",1997-09-30,"Dutch","red_bull","Red Bull","Austrian","Finished","americas","Circuit of the Americas","Austin","USA",30.1328,-97.6411,"161"
69,11,117,840,1069,25297,18,13,"12","12",12,0,55,"\N","\N","36","14","1:41.189","196.135",2021,17,"United States Grand Prix",2021-10-24,"19:00:00","stroll","18","STR","Lance","Stroll",1998-10-29,"Canadian","aston_martin","Aston Martin","British","+1 Lap","americas","Circuit of the Americas","Austin","USA",30.1328,-97.6411,"161"
69,44,3,9,1028,24584,88,19,"\N","R",19,0,31,"\N","\N","22","20","1:43.830","191.147",2019,19,"United States Grand Prix",2019-11-03,"19:10:00","kubica","88","KUB","Robert","Kubica",1984-12-07,"Polish","williams","Williams","British","Oil leak","americas","Circuit of the Americas","Austin","USA",30.1328,-97.6411,"161"
69,1,3,811,878,21673,19,10,"10","10",10,1,56,"+75.133","5830402","53","13","1:40.745","197.000",2012,19,"United States Grand Prix",2012-11-18,"19:00:00","bruno_senna","\N","SEN","Bruno","Senna",1983-10-15,"Brazilian","williams","Williams","British","Finished","americas","Circuit of the Americas","Austin","USA",30.1328,-97.6411,"161"
69,1,131,3,878,21676,8,17,"13","13",13,0,56,"+85.510","5840779","51","8","1:40.428","197.622",2012,19,"United States Grand Prix",2012-11-18,"19:00:00","rosberg","6","ROS","Nico","Rosberg",1985-06-27,"German","mercedes","Mercedes","German","Finished","americas","Circuit of the Americas","Austin","USA",30.1328,-97.6411,"161"
69,1,1,846,1028,24572,4,8,"7","7",7,6,56,"+1:30.764","5726417","44","4","1:38.074","202.365",2019,19,"United States Grand Prix",2019-11-03,"19:10:00","norris","4","NOR","Lando","Norris",1999-11-13,"British","mclaren","McLaren","British","Finished","americas","Circuit of the Americas","Austin","USA",30.1328,-97.6411,"161"
69,1,131,1,942,22837,44,2,"1","1",1,25,56,"1:50:52.703","6652703","48","2","1:40.738","197.014",2015,16,"United States Grand Prix",2015-10-25,"19:00:00","hamilton","44","HAM","Lewis","Hamilton",1985-01-07,"British","mercedes","Mercedes","German","Finished","americas","Circuit of the Americas","Austin","USA",30.1328,-97.6411,"161"
69,1,6,20,985,23703,5,2,"2","2",2,18,56,"+10.143","5641134","51","1","1:37.766","203.003",2017,17,"United States Grand Prix",2017-10-22,"19:00:00","vettel","5","VET","Sebastian","Vettel",1987-07-03,"German","ferrari","Ferrari","Italian","Finished","americas","Circuit of the Americas","Austin","USA",30.1328,-97.6411,"161"
69,1,131,1,1069,25287,44,2,"2","2",2,19,56,"+1.333","5677885","41","1","1:38.485","201.521",2021,17,"United States Grand Prix",2021-10-24,"19:00:00","hamilton","44","HAM","Lewis","Hamilton",1985-01-07,"British","mercedes","Mercedes","German","Finished","americas","Circuit of the Americas","Austin","USA",30.1328,-97.6411,"161"
69,11,10,815,985,23709,11,9,"8","8",8,4,55,"\N","\N","14","14","1:40.851","196.793",2017,17,"United States Grand Prix",2017-10-22,"19:00:00","perez","11","PER","Sergio","Pérez",1990-01-26,"Mexican","force_india","Force India","Indian","+1 Lap","americas","Circuit of the Americas","Austin","USA",30.1328,-97.6411,"161"
69,1,9,20,878,21665,1,1,"2","2",2,18,56,"+0.675","5755944","56","1","1:39.347","199.772",2012,19,"United States Grand Prix",2012-11-18,"19:00:00","vettel","5","VET","Sebastian","Vettel",1987-07-03,"German","red_bull","Red Bull","Austrian","Finished","americas","Circuit of the Americas","Austin","USA",30.1328,-97.6411,"161"
69,1,4,807,1006,24128,27,7,"6","6",6,8,56,"+1:27.210","5745853","51","8","1:39.548","199.369",2018,18,"United States Grand Prix",2018-10-21,"18:10:00","hulkenberg","27","HUL","Nico","Hülkenberg",1987-08-19,"German","renault","Renault","French","Finished","americas","Circuit of the Americas","Austin","USA",30.1328,-97.6411,"161"
69,6,9,830,965,23310,33,4,"\N","R",20,0,28,"\N","\N","28","5","1:42.424","193.770",2016,18,"United States Grand Prix",2016-10-23,"19:00:00","max_verstappen","33","VER","Max","Verstappen",1997-09-30,"Dutch","red_bull","Red Bull","Austrian","Gearbox","americas","Circuit of the Americas","Austin","USA",30.1328,-97.6411,"161"
69,22,6,20,1028,24585,5,2,"\N","R",20,0,7,"\N","\N","6","19","1:42.165","194.262",2019,19,"United States Grand Prix",2019-11-03,"19:10:00","vettel","5","VET","Sebastian","Vettel",1987-07-03,"German","ferrari","Ferrari","Italian","Suspension","americas","Circuit of the Americas","Austin","USA",30.1328,-97.6411,"161"
69,1,6,832,1069,25292,55,5,"7","7",7,6,56,"+1:23.545","5760097","40","9","1:40.377","197.722",2021,17,"United States Grand Prix",2021-10-24,"19:00:00","sainz","55","SAI","Carlos","Sainz",1994-09-01,"Spanish","ferrari","Ferrari","Italian","Finished","americas","Circuit of the Americas","Austin","USA",30.1328,-97.6411,"161"
69,135,6,8,942,22852,7,18,"\N","R",16,0,25,"\N","\N","24","14","1:46.186","186.905",2015,16,"United States Grand Prix",2015-10-25,"19:00:00","raikkonen","7","RAI","Kimi","Räikkönen",1979-10-17,"Finnish","ferrari","Ferrari","Italian","Brake duct","americas","Circuit of the Americas","Austin","USA",30.1328,-97.6411,"161"
69,1,4,832,1006,24129,55,11,"7","7",7,6,56,"+1:34.994","5753637","45","11","1:39.858","198.750",2018,18,"United States Grand Prix",2018-10-21,"18:10:00","sainz","55","SAI","Carlos","Sainz",1994-09-01,"Spanish","renault","Renault","French","Finished","americas","Circuit of the Americas","Austin","USA",30.1328,-97.6411,"161"
69,1,4,817,1028,24571,3,9,"6","6",6,8,56,"+1:30.366","5726019","28","14","1:40.564","197.354",2019,19,"United States Grand Prix",2019-11-03,"19:10:00","ricciardo","3","RIC","Daniel","Ricciardo",1989-07-01,"Australian","renault","Renault","French","Finished","americas","Circuit of the Americas","Austin","USA",30.1328,-97.6411,"161"
69,22,213,842,1069,25305,10,8,"\N","R",20,0,14,"\N","\N","12","18","1:42.015","194.547",2021,17,"United States Grand Prix",2021-10-24,"19:00:00","gasly","10","GAS","Pierre","Gasly",1996-02-07,"French","alphatauri","AlphaTauri","Italian","Suspension","americas","Circuit of the Americas","Austin","USA",30.1328,-97.6411,"161"
69,1,15,815,878,21674,15,15,"11","11",11,0,56,"+84.341","5839610","53","11","1:40.701","197.086",2012,19,"United States Grand Prix",2012-11-18,"19:00:00","perez","11","PER","Sergio","Pérez",1990-01-26,"Mexican","sauber","Sauber","Swiss","Finished","americas","Circuit of the Americas","Austin","USA",30.1328,-97.6411,"161"
69,11,210,825,985,23717,20,17,"16","16",16,0,55,"\N","\N","51","3","1:37.893","202.739",2017,17,"United States Grand Prix",2017-10-22,"19:00:00","kevin_magnussen","20","MAG","Kevin","Magnussen",1992-10-05,"Danish","haas","Haas F1 Team","American","+1 Lap","americas","Circuit of the Americas","Austin","USA",30.1328,-97.6411,"161"
69,26,214,839,1069,25304,31,11,"\N","R",19,0,40,"\N","\N","28","19","1:42.194","194.207",2021,17,"United States Grand Prix",2021-10-24,"19:00:00","ocon","31","OCO","Esteban","Ocon",1996-09-17,"French","alpine","Alpine F1 Team","French","Mechanical","americas","Circuit of the Americas","Austin","USA",30.1328,-97.6411,"161"
69,11,5,826,916,22496,26,17,"15","15",15,0,55,"\N","\N","53","3","1:41.689","195.171",2014,17,"United States Grand Prix",2014-11-02,"20:00:00","kvyat","26","KVY","Daniil","Kvyat",1994-04-26,"Russian","toro_rosso","Toro Rosso","Italian","+1 Lap","americas","Circuit of the Americas","Austin","USA",30.1328,-97.6411,"161"
69,11,209,836,965,23307,94,20,"17","17",17,0,55,"\N","\N","36","21","1:45.451","188.208",2016,18,"United States Grand Prix",2016-10-23,"19:00:00","wehrlein","94","WEH","Pascal","Wehrlein",1994-10-18,"German","manor","Manor Marussia","British","+1 Lap","americas","Circuit of the Americas","Austin","USA",30.1328,-97.6411,"161"
69,1,6,20,942,22839,5,13,"3","3",3,15,56,"+3.381","6656084","52","3","1:41.330","195.863",2015,16,"United States Grand Prix",2015-10-25,"19:00:00","vettel","5","VET","Sebastian","Vettel",1987-07-03,"German","ferrari","Ferrari","Italian","Finished","americas","Circuit of the Americas","Austin","USA",30.1328,-97.6411,"161"
69,1,5,817,898,22096,19,10,"11","11",11,0,56,"+1:21.004","6038152","45","16","1:42.119","194.349",2013,18,"United States Grand Prix",2013-11-17,"19:00:00","ricciardo","3","RIC","Daniel","Ricciardo",1989-07-01,"Australian","toro_rosso","Toro Rosso","Italian","Finished","americas","Circuit of the Americas","Austin","USA",30.1328,-97.6411,"161"
69,1,10,815,942,22841,11,5,"5","5",5,10,56,"+24.413","6677116","54","7","1:43.010","192.668",2015,16,"United States Grand Prix",2015-10-25,"19:00:00","perez","11","PER","Sergio","Pérez",1990-01-26,"Mexican","force_india","Force India","Indian","Finished","americas","Circuit of the Americas","Austin","USA",30.1328,-97.6411,"161"
69,1,6,20,1006,24126,5,5,"4","4",4,12,56,"+18.222","5676865","41","3","1:38.280","201.941",2018,18,"United States Grand Prix",2018-10-21,"18:10:00","vettel","5","VET","Sebastian","Vettel",1987-07-03,"German","ferrari","Ferrari","Italian","Finished","americas","Circuit of the Americas","Austin","USA",30.1328,-97.6411,"161"
69,11,210,154,965,23300,8,17,"10","10",10,1,55,"\N","\N","35","14","1:44.335","190.221",2016,18,"United States Grand Prix",2016-10-23,"19:00:00","grosjean","8","GRO","Romain","Grosjean",1986-04-17,"French","haas","Haas F1 Team","American","+1 Lap","americas","Circuit of the Americas","Austin","USA",30.1328,-97.6411,"161"
69,12,164,37,878,21684,22,23,"21","21",21,0,54,"\N","\N","43","23","1:44.664","189.623",2012,19,"United States Grand Prix",2012-11-18,"19:00:00","rosa","\N","DLR","Pedro","de la Rosa",1971-02-24,"Spanish","hrt","HRT","Spanish","+2 Laps","americas","Circuit of the Americas","Austin","USA",30.1328,-97.6411,"161"
69,11,210,154,1028,24580,8,15,"15","15",15,0,55,"\N","\N","52","18","1:41.270","195.979",2019,19,"United States Grand Prix",2019-11-03,"19:10:00","grosjean","8","GRO","Romain","Grosjean",1986-04-17,"French","haas","Haas F1 Team","American","+1 Lap","americas","Circuit of the Americas","Austin","USA",30.1328,-97.6411,"161"
69,2,210,825,1006,24142,20,12,"\N","D",20,0,56,"\N","\N","\N","0","\N","\N",2018,18,"United States Grand Prix",2018-10-21,"18:10:00","kevin_magnussen","20","MAG","Kevin","Magnussen",1992-10-05,"Danish","haas","Haas F1 Team","American","Disqualified","americas","Circuit of the Americas","Austin","USA",30.1328,-97.6411,"161"
69,130,10,815,916,22498,11,11,"\N","R",17,0,1,"\N","\N","\N","0","\N","\N",2014,17,"United States Grand Prix",2014-11-02,"20:00:00","perez","11","PER","Sergio","Pérez",1990-01-26,"Mexican","force_india","Force India","Indian","Collision damage","americas","Circuit of the Americas","Austin","USA",30.1328,-97.6411,"161"
69,12,3,840,1006,24136,18,15,"14","14",14,0,54,"\N","\N","38","10","1:39.646","199.173",2018,18,"United States Grand Prix",2018-10-21,"18:10:00","stroll","18","STR","Lance","Stroll",1998-10-29,"Canadian","williams","Williams","British","+2 Laps","americas","Circuit of the Americas","Austin","USA",30.1328,-97.6411,"161"
69,1,131,1,916,22482,44,2,"1","1",1,25,56,"1:40:04.785","6004785","49","4","1:41.929","194.712",2014,17,"United States Grand Prix",2014-11-02,"20:00:00","hamilton","44","HAM","Lewis","Hamilton",1985-01-07,"British","mercedes","Mercedes","German","Finished","americas","Circuit of the Americas","Austin","USA",30.1328,-97.6411,"161"
69,11,206,10,878,21682,24,19,"19","19",19,0,55,"\N","\N","40","20","1:43.324","192.083",2012,19,"United States Grand Prix",2012-11-18,"19:00:00","glock","\N","GLO","Timo","Glock",1982-03-18,"German","marussia","Marussia","Russian","+1 Lap","americas","Circuit of the Americas","Austin","USA",30.1328,-97.6411,"161"
69,22,5,818,878,21687,17,14,"\N","R",24,0,14,"\N","\N","12","24","1:44.775","189.423",2012,19,"United States Grand Prix",2012-11-18,"19:00:00","vergne","25","VER","Jean-Éric","Vergne",1990-04-25,"French","toro_rosso","Toro Rosso","Italian","Suspension","americas","Circuit of the Americas","Austin","USA",30.1328,-97.6411,"161"
69,1,131,1,985,23702,44,1,"1","1",1,25,56,"1:33:50.991","5630991","48","5","1:38.776","200.927",2017,17,"United States Grand Prix",2017-10-22,"19:00:00","hamilton","44","HAM","Lewis","Hamilton",1985-01-07,"British","mercedes","Mercedes","German","Finished","americas","Circuit of the Americas","Austin","USA",30.1328,-97.6411,"161"
69,11,51,8,1069,25298,7,15,"13","13",13,0,55,"\N","\N","43","15","1:41.340","195.843",2021,17,"United States Grand Prix",2021-10-24,"19:00:00","raikkonen","7","RAI","Kimi","Räikkönen",1979-10-17,"Finnish","alfa","Alfa Romeo","Swiss","+1 Lap","americas","Circuit of the Americas","Austin","USA",30.1328,-97.6411,"161"
69,1,208,813,916,22491,13,10,"9","9",9,2,56,"+1:47.870","6112655","38","11","1:43.808","191.187",2014,17,"United States Grand Prix",2014-11-02,"20:00:00","maldonado","13","MAL","Pastor","Maldonado",1985-03-09,"Venezuelan","lotus_f1","Lotus F1","British","Finished","americas","Circuit of the Americas","Austin","USA",30.1328,-97.6411,"161"
69,11,5,826,1028,24577,26,13,"12","12",12,0,55,"\N","\N","41","8","1:38.969","200.535",2019,19,"United States Grand Prix",2019-11-03,"19:10:00","kvyat","26","KVY","Daniil","Kvyat",1994-04-26,"Russian","toro_rosso","Toro Rosso","Italian","+1 Lap","americas","Circuit of the Americas","Austin","USA",30.1328,-97.6411,"161"
69,12,206,820,898,22106,23,21,"21","21",21,0,54,"\N","\N","48","19","1:43.775","191.248",2013,18,"United States Grand Prix",2013-11-17,"19:00:00","chilton","4","CHI","Max","Chilton",1991-04-21,"British","marussia","Marussia","Russian","+2 Laps","americas","Circuit of the Americas","Austin","USA",30.1328,-97.6411,"161"
69,130,15,844,1006,24137,16,9,"\N","R",15,0,31,"\N","\N","12","16","1:40.522","197.437",2018,18,"United States Grand Prix",2018-10-21,"18:10:00","leclerc","16","LEC","Charles","Leclerc",1997-10-16,"Monegasque","sauber","Sauber","Swiss","Collision damage","americas","Circuit of the Americas","Austin","USA",30.1328,-97.6411,"161"
69,1,10,839,985,23707,31,6,"6","6",6,8,56,"+1:30.980","5721971","53","13","1:40.499","197.482",2017,17,"United States Grand Prix",2017-10-22,"19:00:00","ocon","31","OCO","Esteban","Ocon",1996-09-17,"French","force_india","Force India","Indian","Finished","americas","Circuit of the Americas","Austin","USA",30.1328,-97.6411,"161"
69,1,10,807,878,21671,12,6,"8","8",8,4,56,"+73.792","5829061","53","16","1:41.048","196.409",2012,19,"United States Grand Prix",2012-11-18,"19:00:00","hulkenberg","27","HUL","Nico","Hülkenberg",1987-08-19,"German","force_india","Force India","Indian","Finished","americas","Circuit of the Americas","Austin","USA",30.1328,-97.6411,"161"
69,11,3,847,1069,25299,63,20,"14","14",14,0,55,"\N","\N","36","11","1:41.120","196.269",2021,17,"United States Grand Prix",2021-10-24,"19:00:00","russell","63","RUS","George","Russell",1998-02-15,"British","williams","Williams","British","+1 Lap","americas","Circuit of the Americas","Austin","USA",30.1328,-97.6411,"161"
69,1,9,817,965,23293,3,3,"3","3",3,15,56,"+19.692","5912310","51","7","1:42.555","193.523",2016,18,"United States Grand Prix",2016-10-23,"19:00:00","ricciardo","3","RIC","Daniel","Ricciardo",1989-07-01,"Australian","red_bull","Red Bull","Austrian","Finished","americas","Circuit of the Americas","Austin","USA",30.1328,-97.6411,"161"
69,1,208,154,878,21670,10,8,"7","7",7,6,56,"+70.313","5825582","55","10","1:40.625","197.235",2012,19,"United States Grand Prix",2012-11-18,"19:00:00","grosjean","8","GRO","Romain","Grosjean",1986-04-17,"French","lotus_f1","Lotus F1","British","Finished","americas","Circuit of the Americas","Austin","USA",30.1328,-97.6411,"161"
69,1,9,17,898,22088,2,2,"3","3",3,15,56,"+8.396","5965544","52","4","1:40.591","197.301",2013,18,"United States Grand Prix",2013-11-17,"19:00:00","webber","\N","WEB","Mark","Webber",1976-08-27,"Australian","red_bull","Red Bull","Austrian","Finished","americas","Circuit of the Americas","Austin","USA",30.1328,-97.6411,"161"
70,12,206,820,907,22300,4,21,"17","17",17,0,69,"\N","\N","40","21","1:14.847","208.072",2014,8,"Austrian Grand Prix",2014-06-22,"12:00:00","chilton","4","CHI","Max","Chilton",1991-04-21,"British","marussia","Marussia","Russian","+2 Laps","red_bull_ring","Red Bull Ring","Spielberg","Austria",47.2197,14.7647,"678"
70,12,207,155,907,22299,10,19,"16","16",16,0,69,"\N","\N","40","22","1:15.274","206.892",2014,8,"Austrian Grand Prix",2014-06-22,"12:00:00","kobayashi","10","KOB","Kamui","Kobayashi",1986-09-13,"Japanese","caterham","Caterham","Malaysian","+2 Laps","red_bull_ring","Red Bull Ring","Spielberg","Austria",47.2197,14.7647,"678"
70,1,6,8,956,23095,7,4,"3","3",3,15,71,"+6.024","5264131","66","4","1:08.876","226.110",2016,9,"Austrian Grand Prix",2016-07-03,"12:00:00","raikkonen","7","RAI","Kimi","Räikkönen",1979-10-17,"Finnish","ferrari","Ferrari","Italian","Finished","red_bull_ring","Red Bull Ring","Spielberg","Austria",47.2197,14.7647,"678"
70,12,207,828,907,22301,9,20,"18","18",18,0,69,"\N","\N","33","20","1:14.672","208.560",2014,8,"Austrian Grand Prix",2014-06-22,"12:00:00","ericsson","9","ERI","Marcus","Ericsson",1990-09-02,"Swedish","caterham","Caterham","Malaysian","+2 Laps","red_bull_ring","Red Bull Ring","Spielberg","Austria",47.2197,14.7647,"678"
70,1,4,817,1032,24653,3,8,"8","8",8,4,71,"+1:02.591","5033274","65","9","1:07.832","229.166",2020,2,"Styrian Grand Prix",2020-07-12,"13:10:00","ricciardo","3","RIC","Daniel","Ricciardo",1989-07-01,"Australian","renault","Renault","French","Finished","red_bull_ring","Red Bull Ring","Spielberg","Austria",47.2197,14.7647,"678"
70,11,4,835,977,23552,30,16,"11","11",11,0,70,"\N","\N","64","11","1:08.652","226.428",2017,9,"Austrian Grand Prix",2017-07-09,"12:00:00","jolyon_palmer","30","PAL","Jolyon","Palmer",1991-01-20,"British","renault","Renault","French","+1 Lap","red_bull_ring","Red Bull Ring","Spielberg","Austria",47.2197,14.7647,"678"
70,22,5,826,907,22305,26,7,"\N","R",22,0,24,"\N","\N","23","18","1:14.332","209.514",2014,8,"Austrian Grand Prix",2014-06-22,"12:00:00","kvyat","26","KVY","Daniil","Kvyat",1994-04-26,"Russian","toro_rosso","Toro Rosso","Italian","Suspension","red_bull_ring","Red Bull Ring","Spielberg","Austria",47.2197,14.7647,"678"
70,11,1,838,977,23553,2,13,"12","12",12,0,70,"\N","\N","67","8","1:08.422","227.190",2017,9,"Austrian Grand Prix",2017-07-09,"12:00:00","vandoorne","2","VAN","Stoffel","Vandoorne",1992-03-26,"Belgian","mclaren","McLaren","British","+1 Lap","red_bull_ring","Red Bull Ring","Spielberg","Austria",47.2197,14.7647,"678"
70,11,15,831,956,23105,12,21,"13","13",13,0,70,"\N","\N","46","16","1:10.415","221.168",2016,9,"Austrian Grand Prix",2016-07-03,"12:00:00","nasr","12","NAS","Felipe","Nasr",1992-08-21,"Brazilian","sauber","Sauber","Swiss","+1 Lap","red_bull_ring","Red Bull Ring","Spielberg","Austria",47.2197,14.7647,"678"
70,11,3,13,977,23550,19,17,"9","9",9,2,70,"\N","\N","49","7","1:08.419","227.200",2017,9,"Austrian Grand Prix",2017-07-09,"12:00:00","massa","19","MAS","Felipe","Massa",1981-04-25,"Brazilian","williams","Williams","British","+1 Lap","red_bull_ring","Red Bull Ring","Spielberg","Austria",47.2197,14.7647,"678"
70,1,6,20,1018,24369,5,9,"4","4",4,12,71,"+19.610","4941432","62","2","1:07.676","229.694",2019,9,"Austrian Grand Prix",2019-06-30,"13:10:00","vettel","5","VET","Sebastian","Vettel",1987-07-03,"German","ferrari","Ferrari","Italian","Finished","red_bull_ring","Red Bull Ring","Spielberg","Austria",47.2197,14.7647,"678"
70,11,1,4,997,23949,14,13,"8","8",8,4,70,"\N","\N","69","9","1:08.661","226.399",2018,9,"Austrian Grand Prix",2018-07-01,"13:10:00","alonso","14","ALO","Fernando","Alonso",1981-07-29,"Spanish","mclaren","McLaren","British","+1 Lap","red_bull_ring","Red Bull Ring","Spielberg","Austria",47.2197,14.7647,"678"
70,11,210,825,1032,24657,20,15,"12","12",12,0,70,"\N","\N","69","11","1:08.009","228.569",2020,2,"Styrian Grand Prix",2020-07-12,"13:10:00","kevin_magnussen","20","MAG","Kevin","Magnussen",1992-10-05,"Danish","haas","Haas F1 Team","American","+1 Lap","red_bull_ring","Red Bull Ring","Spielberg","Austria",47.2197,14.7647,"678"
70,11,209,836,956,23102,94,12,"10","10",10,1,70,"\N","\N","67","19","1:10.859","219.782",2016,9,"Austrian Grand Prix",2016-07-03,"12:00:00","wehrlein","94","WEH","Pascal","Wehrlein",1994-10-18,"German","manor","Manor Marussia","British","+1 Lap","red_bull_ring","Red Bull Ring","Spielberg","Austria",47.2197,14.7647,"678"
70,1,1,846,1060,25128,4,2,"3","3",3,15,71,"+20.019","5054562","62","10","1:08.471","227.027",2021,9,"Austrian Grand Prix",2021-07-04,"13:00:00","norris","4","NOR","Lando","Norris",1999-11-13,"British","mclaren","McLaren","British","Finished","red_bull_ring","Red Bull Ring","Spielberg","Austria",47.2197,14.7647,"678"
70,1,9,830,956,23094,33,8,"2","2",2,18,71,"+5.719","5263826","69","5","1:09.618","223.700",2016,9,"Austrian Grand Prix",2016-07-03,"12:00:00","max_verstappen","33","VER","Max","Verstappen",1997-09-30,"Dutch","red_bull","Red Bull","Austrian","Finished","red_bull_ring","Red Bull Ring","Spielberg","Austria",47.2197,14.7647,"678"
70,75,5,832,933,22691,55,12,"\N","R",16,0,35,"\N","\N","28","15","1:13.234","212.655",2015,8,"Austrian Grand Prix",2015-06-21,"12:00:00","sainz","55","SAI","Carlos","Sainz",1994-09-01,"Spanish","toro_rosso","Toro Rosso","Italian","Power loss","red_bull_ring","Red Bull Ring","Spielberg","Austria",47.2197,14.7647,"678"
70,23,5,818,907,22303,25,14,"\N","R",20,0,59,"\N","\N","55","13","1:13.317","212.414",2014,8,"Austrian Grand Prix",2014-06-22,"12:00:00","vergne","25","VER","Jean-Éric","Vergne",1990-04-25,"French","toro_rosso","Toro Rosso","Italian","Brakes","red_bull_ring","Red Bull Ring","Spielberg","Austria",47.2197,14.7647,"678"
70,1,3,822,907,22286,77,2,"3","3",3,15,71,"+8.172","5283148","63","3","1:12.581","214.568",2014,8,"Austrian Grand Prix",2014-06-22,"12:00:00","bottas","77","BOT","Valtteri","Bottas",1989-08-28,"Finnish","williams","Williams","British","Finished","red_bull_ring","Red Bull Ring","Spielberg","Austria",47.2197,14.7647,"678"
70,1,3,849,1031,24636,6,20,"11","11",11,0,71,"+31.650","5487389","63","16","1:09.662","223.146",2020,1,"Austrian Grand Prix",2020-07-05,"13:10:00","latifi","6","LAT","Nicholas","Latifi",1995-06-29,"Canadian","williams","Williams","British","Finished","red_bull_ring","Red Bull Ring","Spielberg","Austria",47.2197,14.7647,"678"
70,11,10,839,997,23947,31,11,"6","6",6,8,70,"\N","\N","64","11","1:08.850","225.777",2018,9,"Austrian Grand Prix",2018-07-01,"13:10:00","ocon","31","OCO","Esteban","Ocon",1996-09-17,"French","force_india","Force India","Indian","+1 Lap","red_bull_ring","Red Bull Ring","Spielberg","Austria",47.2197,14.7647,"678"
70,11,117,840,1058,25113,18,9,"8","8",8,4,70,"\N","\N","32","14","1:09.787","222.746",2021,8,"Styrian Grand Prix",2021-06-27,"13:00:00","stroll","18","STR","Lance","Stroll",1998-10-29,"Canadian","aston_martin","Aston Martin","British","+1 Lap","red_bull_ring","Red Bull Ring","Spielberg","Austria",47.2197,14.7647,"678"
70,23,3,13,956,23112,19,0,"20","20",20,0,63,"\N","\N","59","7","1:09.899","222.801",2016,9,"Austrian Grand Prix",2016-07-03,"12:00:00","massa","19","MAS","Felipe","Massa",1981-04-25,"Brazilian","williams","Williams","British","Brakes","red_bull_ring","Red Bull Ring","Spielberg","Austria",47.2197,14.7647,"678"
70,23,10,815,956,23109,11,16,"17","17",17,0,69,"\N","\N","66","10","1:10.120","222.099",2016,9,"Austrian Grand Prix",2016-07-03,"12:00:00","perez","11","PER","Sergio","Pérez",1990-01-26,"Mexican","force_india","Force India","Indian","Brakes","red_bull_ring","Red Bull Ring","Spielberg","Austria",47.2197,14.7647,"678"
70,11,9,826,933,22687,26,15,"12","12",12,0,70,"\N","\N","54","8","1:12.316","215.354",2015,8,"Austrian Grand Prix",2015-06-21,"12:00:00","kvyat","26","KVY","Daniil","Kvyat",1994-04-26,"Russian","red_bull","Red Bull","Austrian","+1 Lap","red_bull_ring","Red Bull Ring","Spielberg","Austria",47.2197,14.7647,"678"
70,11,213,852,1060,25137,22,7,"12","12",12,0,70,"\N","\N","54","9","1:08.455","227.080",2021,9,"Austrian Grand Prix",2021-07-04,"13:00:00","tsunoda","22","TSU","Yuki","Tsunoda",2000-05-11,"Japanese","alphatauri","AlphaTauri","Italian","+1 Lap","red_bull_ring","Red Bull Ring","Spielberg","Austria",47.2197,14.7647,"678"
70,11,15,844,997,23950,16,18,"9","9",9,2,70,"\N","\N","68","14","1:09.006","225.267",2018,9,"Austrian Grand Prix",2018-07-01,"13:10:00","leclerc","16","LEC","Charles","Leclerc",1997-10-16,"Monegasque","sauber","Sauber","Swiss","+1 Lap","red_bull_ring","Red Bull Ring","Spielberg","Austria",47.2197,14.7647,"678"
70,11,208,813,933,22682,13,10,"7","7",7,6,70,"\N","\N","58","6","1:11.785","216.947",2015,8,"Austrian Grand Prix",2015-06-21,"12:00:00","maldonado","13","MAL","Pastor","Maldonado",1985-03-09,"Venezuelan","lotus_f1","Lotus F1","British","+1 Lap","red_bull_ring","Red Bull Ring","Spielberg","Austria",47.2197,14.7647,"678"
70,1,131,1,1031,24629,44,5,"4","4",4,12,71,"+5.689","5461428","67","3","1:07.712","229.572",2020,1,"Austrian Grand Prix",2020-07-05,"13:10:00","hamilton","44","HAM","Lewis","Hamilton",1985-01-07,"British","mercedes","Mercedes","German","Finished","red_bull_ring","Red Bull Ring","Spielberg","Austria",47.2197,14.7647,"678"
70,11,117,840,1060,25138,18,9,"13","13",13,0,70,"\N","\N","54","12","1:08.659","226.405",2021,9,"Austrian Grand Prix",2021-07-04,"13:00:00","stroll","18","STR","Lance","Stroll",1998-10-29,"Canadian","aston_martin","Aston Martin","British","+1 Lap","red_bull_ring","Red Bull Ring","Spielberg","Austria",47.2197,14.7647,"678"
70,27,6,20,956,23113,5,9,"\N","R",21,0,26,"\N","\N","10","21","1:11.441","217.992",2016,9,"Austrian Grand Prix",2016-07-03,"12:00:00","vettel","5","VET","Sebastian","Vettel",1987-07-03,"German","ferrari","Ferrari","Italian","Tyre","red_bull_ring","Red Bull Ring","Spielberg","Austria",47.2197,14.7647,"678"
70,1,9,830,1060,25126,33,1,"1","1",1,26,71,"1:23:54.543","5034543","62","1","1:06.200","234.815",2021,9,"Austrian Grand Prix",2021-07-04,"13:00:00","max_verstappen","33","VER","Max","Verstappen",1997-09-30,"Dutch","red_bull","Red Bull","Austrian","Finished","red_bull_ring","Red Bull Ring","Spielberg","Austria",47.2197,14.7647,"678"
70,10,9,20,907,22304,1,12,"\N","R",21,0,34,"\N","\N","30","17","1:14.254","209.734",2014,8,"Austrian Grand Prix",2014-06-22,"12:00:00","vettel","5","VET","Sebastian","Vettel",1987-07-03,"German","red_bull","Red Bull","Austrian","Electrical","red_bull_ring","Red Bull Ring","Spielberg","Austria",47.2197,14.7647,"678"
70,11,9,842,1018,24372,10,8,"7","7",7,6,70,"\N","\N","63","9","1:08.790","225.974",2019,9,"Austrian Grand Prix",2019-06-30,"13:10:00","gasly","10","GAS","Pierre","Gasly",1996-02-07,"French","red_bull","Red Bull","Austrian","+1 Lap","red_bull_ring","Red Bull Ring","Spielberg","Austria",47.2197,14.7647,"678"
70,36,51,8,1031,24639,7,19,"\N","R",14,0,53,"\N","\N","48","12","1:09.031","225.185",2020,1,"Austrian Grand Prix",2020-07-05,"13:10:00","raikkonen","7","RAI","Kimi","Räikkönen",1979-10-17,"Finnish","alfa","Alfa Romeo","Swiss","Wheel","red_bull_ring","Red Bull Ring","Spielberg","Austria",47.2197,14.7647,"678"
70,1,5,832,956,23100,55,15,"8","8",8,4,71,"+47.400","5305507","68","11","1:10.138","222.042",2016,9,"Austrian Grand Prix",2016-07-03,"12:00:00","sainz","55","SAI","Carlos","Sainz",1994-09-01,"Spanish","toro_rosso","Toro Rosso","Italian","Finished","red_bull_ring","Red Bull Ring","Spielberg","Austria",47.2197,14.7647,"678"
70,11,15,831,933,22686,12,8,"11","11",11,0,70,"\N","\N","57","14","1:13.050","213.190",2015,8,"Austrian Grand Prix",2015-06-21,"12:00:00","nasr","12","NAS","Felipe","Nasr",1992-08-21,"Brazilian","sauber","Sauber","Swiss","+1 Lap","red_bull_ring","Red Bull Ring","Spielberg","Austria",47.2197,14.7647,"678"
70,11,10,815,997,23948,11,16,"7","7",7,6,70,"\N","\N","66","8","1:08.504","226.918",2018,9,"Austrian Grand Prix",2018-07-01,"13:10:00","perez","11","PER","Sergio","Pérez",1990-01-26,"Mexican","force_india","Force India","Indian","+1 Lap","red_bull_ring","Red Bull Ring","Spielberg","Austria",47.2197,14.7647,"678"
70,11,9,817,933,22685,3,18,"10","10",10,1,70,"\N","\N","69","5","1:11.689","217.238",2015,8,"Austrian Grand Prix",2015-06-21,"12:00:00","ricciardo","3","RIC","Daniel","Ricciardo",1989-07-01,"Australian","red_bull","Red Bull","Austrian","+1 Lap","red_bull_ring","Red Bull Ring","Spielberg","Austria",47.2197,14.7647,"678"
70,12,15,828,933,22688,9,11,"13","13",13,0,69,"\N","\N","56","11","1:12.516","214.760",2015,8,"Austrian Grand Prix",2015-06-21,"12:00:00","ericsson","9","ERI","Marcus","Ericsson",1990-09-02,"Swedish","sauber","Sauber","Swiss","+2 Laps","red_bull_ring","Red Bull Ring","Spielberg","Austria",47.2197,14.7647,"678"
70,1,6,20,1031,24635,5,11,"10","10",10,1,71,"+24.545","5480284","71","8","1:08.623","226.524",2020,1,"Austrian Grand Prix",2020-07-05,"13:10:00","vettel","5","VET","Sebastian","Vettel",1987-07-03,"German","ferrari","Ferrari","Italian","Finished","red_bull_ring","Red Bull Ring","Spielberg","Austria",47.2197,14.7647,"678"
70,40,9,830,1031,24645,33,2,"\N","R",20,0,11,"\N","\N","5","15","1:09.351","224.146",2020,1,"Austrian Grand Prix",2020-07-05,"13:10:00","max_verstappen","33","VER","Max","Verstappen",1997-09-30,"Dutch","red_bull","Red Bull","Austrian","Electronics","red_bull_ring","Red Bull Ring","Spielberg","Austria",47.2197,14.7647,"678"
70,11,10,815,977,23548,11,7,"7","7",7,6,70,"\N","\N","58","9","1:08.470","227.030",2017,9,"Austrian Grand Prix",2017-07-09,"12:00:00","perez","11","PER","Sergio","Pérez",1990-01-26,"Mexican","force_india","Force India","Indian","+1 Lap","red_bull_ring","Red Bull Ring","Spielberg","Austria",47.2197,14.7647,"678"
70,11,15,16,907,22296,99,16,"13","13",13,0,70,"\N","\N","59","14","1:13.709","211.284",2014,8,"Austrian Grand Prix",2014-06-22,"12:00:00","sutil","99","SUT","Adrian","Sutil",1983-01-11,"German","sauber","Sauber","Swiss","+1 Lap","red_bull_ring","Red Bull Ring","Spielberg","Austria",47.2197,14.7647,"678"
70,12,3,849,1032,24662,6,18,"17","17",17,0,69,"\N","\N","68","17","1:08.806","225.922",2020,2,"Styrian Grand Prix",2020-07-12,"13:10:00","latifi","6","LAT","Nicholas","Latifi",1995-06-29,"Canadian","williams","Williams","British","+2 Laps","red_bull_ring","Red Bull Ring","Spielberg","Austria",47.2197,14.7647,"678"
70,1,211,840,1032,24652,18,12,"7","7",7,6,71,"+1:02.453","5033136","65","10","1:07.833","229.162",2020,2,"Styrian Grand Prix",2020-07-12,"13:10:00","stroll","18","STR","Lance","Stroll",1998-10-29,"Canadian","racing_point","Racing Point","British","Finished","red_bull_ring","Red Bull Ring","Spielberg","Austria",47.2197,14.7647,"678"
70,12,210,854,1058,25121,47,19,"16","16",16,0,69,"\N","\N","57","16","1:10.005","222.052",2021,8,"Styrian Grand Prix",2021-06-27,"13:00:00","mick_schumacher","47","MSC","Mick","Schumacher",1999-03-22,"German","haas","Haas F1 Team","American","+2 Laps","red_bull_ring","Red Bull Ring","Spielberg","Austria",47.2197,14.7647,"678"
70,12,3,840,997,23955,18,14,"14","14",14,0,69,"\N","\N","68","18","1:09.203","224.626",2018,9,"Austrian Grand Prix",2018-07-01,"13:10:00","stroll","18","STR","Lance","Stroll",1998-10-29,"Canadian","williams","Williams","British","+2 Laps","red_bull_ring","Red Bull Ring","Spielberg","Austria",47.2197,14.7647,"678"
70,9,210,825,977,23559,20,15,"\N","R",18,0,29,"\N","\N","23","18","1:10.402","220.800",2017,9,"Austrian Grand Prix",2017-07-09,"12:00:00","kevin_magnussen","20","MAG","Kevin","Magnussen",1992-10-05,"Danish","haas","Haas F1 Team","American","Hydraulics","red_bull_ring","Red Bull Ring","Spielberg","Austria",47.2197,14.7647,"678"
70,1,9,830,1032,24648,33,2,"3","3",3,15,71,"+33.698","5004381","70","2","1:06.145","235.010",2020,2,"Styrian Grand Prix",2020-07-12,"13:10:00","max_verstappen","33","VER","Max","Verstappen",1997-09-30,"Dutch","red_bull","Red Bull","Austrian","Finished","red_bull_ring","Red Bull Ring","Spielberg","Austria",47.2197,14.7647,"678"
70,11,214,4,1060,25135,14,14,"10","10",10,1,70,"\N","\N","70","7","1:08.405","227.246",2021,9,"Austrian Grand Prix",2021-07-04,"13:00:00","alonso","14","ALO","Fernando","Alonso",1981-07-29,"Spanish","alpine","Alpine F1 Team","French","+1 Lap","red_bull_ring","Red Bull Ring","Spielberg","Austria",47.2197,14.7647,"678"
70,1,9,830,1058,25106,33,1,"1","1",1,25,71,"1:22:18.925","4938925","68","3","1:08.017","228.542",2021,8,"Styrian Grand Prix",2021-06-27,"13:00:00","max_verstappen","33","VER","Max","Verstappen",1997-09-30,"Dutch","red_bull","Red Bull","Austrian","Finished","red_bull_ring","Red Bull Ring","Spielberg","Austria",47.2197,14.7647,"678"
70,1,4,839,1031,24633,31,14,"8","8",8,4,71,"+17.456","5473195","64","10","1:08.932","225.509",2020,1,"Austrian Grand Prix",2020-07-05,"13:10:00","ocon","31","OCO","Esteban","Ocon",1996-09-17,"French","renault","Renault","French","Finished","red_bull_ring","Red Bull Ring","Spielberg","Austria",47.2197,14.7647,"678"
70,1,131,1,1032,24646,44,1,"1","1",1,25,71,"1:22:50.683","4970683","68","3","1:06.719","232.989",2020,2,"Styrian Grand Prix",2020-07-12,"13:10:00","hamilton","44","HAM","Lewis","Hamilton",1985-01-07,"British","mercedes","Mercedes","German","Finished","red_bull_ring","Red Bull Ring","Spielberg","Austria",47.2197,14.7647,"678"
70,1,1,832,1031,24630,55,8,"5","5",5,10,71,"+8.903","5464642","63","5","1:07.974","228.687",2020,1,"Austrian Grand Prix",2020-07-05,"13:10:00","sainz","55","SAI","Carlos","Sainz",1994-09-01,"Spanish","mclaren","McLaren","British","Finished","red_bull_ring","Red Bull Ring","Spielberg","Austria",47.2197,14.7647,"678"
70,11,213,852,1058,25115,22,11,"10","10",10,1,70,"\N","\N","41","11","1:09.650","223.184",2021,8,"Styrian Grand Prix",2021-06-27,"13:00:00","tsunoda","22","TSU","Yuki","Tsunoda",2000-05-11,"Japanese","alphatauri","AlphaTauri","Italian","+1 Lap","red_bull_ring","Red Bull Ring","Spielberg","Austria",47.2197,14.7647,"678"
70,31,5,826,956,23114,26,0,"\N","R",22,0,2,"\N","\N","2","22","1:18.302","198.891",2016,9,"Austrian Grand Prix",2016-07-03,"12:00:00","kvyat","26","KVY","Daniil","Kvyat",1994-04-26,"Russian","toro_rosso","Toro Rosso","Italian","Retired","red_bull_ring","Red Bull Ring","Spielberg","Austria",47.2197,14.7647,"678"
70,1,6,20,997,23944,5,6,"3","3",3,15,71,"+3.181","4919205","67","2","1:07.082","231.728",2018,9,"Austrian Grand Prix",2018-07-01,"13:10:00","vettel","5","VET","Sebastian","Vettel",1987-07-03,"German","ferrari","Ferrari","Italian","Finished","red_bull_ring","Red Bull Ring","Spielberg","Austria",47.2197,14.7647,"678"
70,11,4,832,997,23953,55,9,"12","12",12,0,70,"\N","\N","37","10","1:08.766","226.053",2018,9,"Austrian Grand Prix",2018-07-01,"13:10:00","sainz","55","SAI","Carlos","Sainz",1994-09-01,"Spanish","renault","Renault","French","+1 Lap","red_bull_ring","Red Bull Ring","Spielberg","Austria",47.2197,14.7647,"678"
70,1,6,8,907,22293,7,8,"10","10",10,1,71,"+47.777","5322753","55","9","1:12.884","213.676",2014,8,"Austrian Grand Prix",2014-06-22,"12:00:00","raikkonen","7","RAI","Kimi","Räikkönen",1979-10-17,"Finnish","ferrari","Ferrari","Italian","Finished","red_bull_ring","Red Bull Ring","Spielberg","Austria",47.2197,14.7647,"678"
70,9,5,843,997,23958,28,19,"\N","R",17,0,54,"\N","\N","42","17","1:09.171","224.730",2018,9,"Austrian Grand Prix",2018-07-01,"13:10:00","brendon_hartley","28","HAR","Brendon","Hartley",1989-11-10,"New Zealander","toro_rosso","Toro Rosso","Italian","Hydraulics","red_bull_ring","Red Bull Ring","Spielberg","Austria",47.2197,14.7647,"678"
70,11,10,815,933,22684,11,13,"9","9",9,2,70,"\N","\N","58","10","1:12.377","215.173",2015,8,"Austrian Grand Prix",2015-06-21,"12:00:00","perez","11","PER","Sergio","Pérez",1990-01-26,"Mexican","force_india","Force India","Indian","+1 Lap","red_bull_ring","Red Bull Ring","Spielberg","Austria",47.2197,14.7647,"678"
70,1,211,815,1032,24651,11,17,"6","6",6,8,71,"+1:02.387","5033070","68","4","1:07.188","231.362",2020,2,"Styrian Grand Prix",2020-07-12,"13:10:00","perez","11","PER","Sergio","Pérez",1990-01-26,"Mexican","racing_point","Racing Point","British","Finished","red_bull_ring","Red Bull Ring","Spielberg","Austria",47.2197,14.7647,"678"
70,130,1,4,977,23560,14,12,"\N","R",19,0,1,"\N","\N","\N","0","\N","\N",2017,9,"Austrian Grand Prix",2017-07-09,"12:00:00","alonso","14","ALO","Fernando","Alonso",1981-07-29,"Spanish","mclaren","McLaren","British","Collision damage","red_bull_ring","Red Bull Ring","Spielberg","Austria",47.2197,14.7647,"678"
70,11,211,840,1018,24379,18,14,"14","14",14,0,70,"\N","\N","57","17","1:09.288","224.350",2019,9,"Austrian Grand Prix",2019-06-30,"13:10:00","stroll","18","STR","Lance","Stroll",1998-10-29,"Canadian","racing_point","Racing Point","British","+1 Lap","red_bull_ring","Red Bull Ring","Spielberg","Austria",47.2197,14.7647,"678"
70,11,1,817,1058,25118,3,13,"13","13",13,0,70,"\N","\N","45","9","1:09.305","224.295",2021,8,"Styrian Grand Prix",2021-06-27,"13:00:00","ricciardo","3","RIC","Daniel","Ricciardo",1989-07-01,"Australian","mclaren","McLaren","British","+1 Lap","red_bull_ring","Red Bull Ring","Spielberg","Austria",47.2197,14.7647,"678"
70,6,208,154,933,22690,8,9,"\N","R",15,0,35,"\N","\N","34","13","1:12.881","213.685",2015,8,"Austrian Grand Prix",2015-06-21,"12:00:00","grosjean","8","GRO","Romain","Grosjean",1986-04-17,"French","lotus_f1","Lotus F1","British","Gearbox","red_bull_ring","Red Bull Ring","Spielberg","Austria",47.2197,14.7647,"678"
70,1,9,815,1058,25109,11,4,"4","4",4,12,71,"+47.434","4986359","57","2","1:07.894","228.956",2021,8,"Styrian Grand Prix",2021-06-27,"13:00:00","perez","11","PER","Sergio","Pérez",1990-01-26,"Mexican","red_bull","Red Bull","Austrian","Finished","red_bull_ring","Red Bull Ring","Spielberg","Austria",47.2197,14.7647,"678"
70,1,6,844,1031,24627,16,7,"2","2",2,18,71,"+2.700","5458439","64","4","1:07.901","228.933",2020,1,"Austrian Grand Prix",2020-07-05,"13:10:00","leclerc","16","LEC","Charles","Leclerc",1997-10-16,"Monegasque","ferrari","Ferrari","Italian","Finished","red_bull_ring","Red Bull Ring","Spielberg","Austria",47.2197,14.7647,"678"
70,1,9,830,1018,24366,33,2,"1","1",1,26,71,"1:22:01.822","4921822","60","1","1:07.475","230.378",2019,9,"Austrian Grand Prix",2019-06-30,"13:10:00","max_verstappen","33","VER","Max","Verstappen",1997-09-30,"Dutch","red_bull","Red Bull","Austrian","Finished","red_bull_ring","Red Bull Ring","Spielberg","Austria",47.2197,14.7647,"678"
70,11,15,836,977,23555,94,20,"14","14",14,0,70,"\N","\N","60","16","1:09.241","224.502",2017,9,"Austrian Grand Prix",2017-07-09,"12:00:00","wehrlein","94","WEH","Pascal","Wehrlein",1994-10-18,"German","sauber","Sauber","Swiss","+1 Lap","red_bull_ring","Red Bull Ring","Spielberg","Austria",47.2197,14.7647,"678"
70,1,1,817,1060,25132,3,13,"7","7",7,6,71,"+1:00.395","5094938","56","14","1:08.820","225.876",2021,9,"Austrian Grand Prix",2021-07-04,"13:00:00","ricciardo","3","RIC","Daniel","Ricciardo",1989-07-01,"Australian","mclaren","McLaren","British","Finished","red_bull_ring","Red Bull Ring","Spielberg","Austria",47.2197,14.7647,"678"
70,11,214,4,1058,25114,14,8,"9","9",9,2,70,"\N","\N","61","13","1:09.749","222.867",2021,8,"Styrian Grand Prix",2021-06-27,"13:00:00","alonso","14","ALO","Fernando","Alonso",1981-07-29,"Spanish","alpine","Alpine F1 Team","French","+1 Lap","red_bull_ring","Red Bull Ring","Spielberg","Austria",47.2197,14.7647,"678"
70,11,209,837,956,23108,88,20,"16","16",16,0,70,"\N","\N","66","15","1:10.342","221.398",2016,9,"Austrian Grand Prix",2016-07-03,"12:00:00","haryanto","88","HAR","Rio","Haryanto",1993-01-22,"Indonesian","manor","Manor Marussia","British","+1 Lap","red_bull_ring","Red Bull Ring","Spielberg","Austria",47.2197,14.7647,"678"
70,22,213,826,1031,24637,26,13,"12","12",12,0,69,"\N","\N","50","13","1:09.135","224.847",2020,1,"Austrian Grand Prix",2020-07-05,"13:10:00","kvyat","26","KVY","Daniil","Kvyat",1994-04-26,"Russian","alphatauri","AlphaTauri","Italian","Suspension","red_bull_ring","Red Bull Ring","Spielberg","Austria",47.2197,14.7647,"678"
70,130,9,830,977,23561,33,5,"\N","R",20,0,0,"\N","\N","\N","0","\N","\N",2017,9,"Austrian Grand Prix",2017-07-09,"12:00:00","max_verstappen","33","VER","Max","Verstappen",1997-09-30,"Dutch","red_bull","Red Bull","Austrian","Collision damage","red_bull_ring","Red Bull Ring","Spielberg","Austria",47.2197,14.7647,"678"
70,11,6,832,1058,25111,55,12,"6","6",6,8,70,"\N","\N","64","4","1:08.609","226.570",2021,8,"Styrian Grand Prix",2021-06-27,"13:00:00","sainz","55","SAI","Carlos","Sainz",1994-09-01,"Spanish","ferrari","Ferrari","Italian","+1 Lap","red_bull_ring","Red Bull Ring","Spielberg","Austria",47.2197,14.7647,"678"
70,1,10,815,907,22289,11,15,"6","6",6,8,71,"+28.546","5303522","59","1","1:12.142","215.874",2014,8,"Austrian Grand Prix",2014-06-22,"12:00:00","perez","11","PER","Sergio","Pérez",1990-01-26,"Mexican","force_india","Force India","Indian","Finished","red_bull_ring","Red Bull Ring","Spielberg","Austria",47.2197,14.7647,"678"
70,4,213,842,1058,25125,10,6,"\N","R",20,0,1,"\N","\N","\N","0","\N","\N",2021,8,"Styrian Grand Prix",2021-06-27,"13:00:00","gasly","10","GAS","Pierre","Gasly",1996-02-07,"French","alphatauri","AlphaTauri","Italian","Collision","red_bull_ring","Red Bull Ring","Spielberg","Austria",47.2197,14.7647,"678"
70,23,210,154,1031,24641,8,15,"\N","R",16,0,49,"\N","\N","46","17","1:10.228","221.347",2020,1,"Austrian Grand Prix",2020-07-05,"13:10:00","grosjean","8","GRO","Romain","Grosjean",1986-04-17,"French","haas","Haas F1 Team","American","Brakes","red_bull_ring","Red Bull Ring","Spielberg","Austria",47.2197,14.7647,"678"
70,1,1,825,907,22290,20,6,"7","7",7,6,71,"+32.031","5307007","53","7","1:12.746","214.081",2014,8,"Austrian Grand Prix",2014-06-22,"12:00:00","kevin_magnussen","20","MAG","Kevin","Magnussen",1992-10-05,"Danish","mclaren","McLaren","British","Finished","red_bull_ring","Red Bull Ring","Spielberg","Austria",47.2197,14.7647,"678"
70,11,3,849,1060,25141,6,18,"16","16",16,0,70,"\N","\N","62","11","1:08.520","226.865",2021,9,"Austrian Grand Prix",2021-07-04,"13:00:00","latifi","6","LAT","Nicholas","Latifi",1995-06-29,"Canadian","williams","Williams","British","+1 Lap","red_bull_ring","Red Bull Ring","Spielberg","Austria",47.2197,14.7647,"678"
70,1,6,8,997,23943,7,3,"2","2",2,18,71,"+1.504","4917528","71","1","1:06.957","232.160",2018,9,"Austrian Grand Prix",2018-07-01,"13:10:00","raikkonen","7","RAI","Kimi","Räikkönen",1979-10-17,"Finnish","ferrari","Ferrari","Italian","Finished","red_bull_ring","Red Bull Ring","Spielberg","Austria",47.2197,14.7647,"678"
70,13,5,826,977,23557,26,14,"16","16",16,0,68,"\N","\N","57","6","1:08.061","228.395",2017,9,"Austrian Grand Prix",2017-07-09,"12:00:00","kvyat","26","KVY","Daniil","Kvyat",1994-04-26,"Russian","toro_rosso","Toro Rosso","Italian","+3 Laps","red_bull_ring","Red Bull Ring","Spielberg","Austria",47.2197,14.7647,"678"
70,1,131,3,956,23096,6,6,"4","4",4,12,71,"+16.710","5274817","66","2","1:08.491","227.381",2016,9,"Austrian Grand Prix",2016-07-03,"12:00:00","rosberg","6","ROS","Nico","Rosberg",1985-06-27,"German","mercedes","Mercedes","German","Finished","red_bull_ring","Red Bull Ring","Spielberg","Austria",47.2197,14.7647,"678"
70,11,51,8,1058,25116,7,18,"11","11",11,0,70,"\N","\N","57","8","1:09.128","224.869",2021,8,"Styrian Grand Prix",2021-06-27,"13:00:00","raikkonen","7","RAI","Kimi","Räikkönen",1979-10-17,"Finnish","alfa","Alfa Romeo","Swiss","+1 Lap","red_bull_ring","Red Bull Ring","Spielberg","Austria",47.2197,14.7647,"678"
70,1,131,822,1058,25108,77,5,"3","3",3,15,71,"+46.907","4985832","43","5","1:08.619","226.537",2021,8,"Styrian Grand Prix",2021-06-27,"13:00:00","bottas","77","BOT","Valtteri","Bottas",1989-08-28,"Finnish","mercedes","Mercedes","German","Finished","red_bull_ring","Red Bull Ring","Spielberg","Austria",47.2197,14.7647,"678"
70,11,5,830,933,22683,33,7,"8","8",8,4,70,"\N","\N","64","9","1:12.349","215.256",2015,8,"Austrian Grand Prix",2015-06-21,"12:00:00","max_verstappen","33","VER","Max","Verstappen",1997-09-30,"Dutch","toro_rosso","Toro Rosso","Italian","+1 Lap","red_bull_ring","Red Bull Ring","Spielberg","Austria",47.2197,14.7647,"678"
70,11,51,841,1018,24375,99,7,"10","10",10,1,70,"\N","\N","57","13","1:09.051","225.120",2019,9,"Austrian Grand Prix",2019-06-30,"13:10:00","giovinazzi","99","GIO","Antonio","Giovinazzi",1993-12-14,"Italian","alfa","Alfa Romeo","Swiss","+1 Lap","red_bull_ring","Red Bull Ring","Spielberg","Austria",47.2197,14.7647,"678"
70,13,3,849,1058,25122,6,16,"17","17",17,0,68,"\N","\N","34","17","1:10.104","221.739",2021,8,"Styrian Grand Prix",2021-06-27,"13:00:00","latifi","6","LAT","Nicholas","Latifi",1995-06-29,"Canadian","williams","Williams","British","+3 Laps","red_bull_ring","Red Bull Ring","Spielberg","Austria",47.2197,14.7647,"678"
70,1,1,18,907,22294,22,11,"11","11",11,0,71,"+50.966","5325942","60","8","1:12.858","213.752",2014,8,"Austrian Grand Prix",2014-06-22,"12:00:00","button","22","BUT","Jenson","Button",1980-01-19,"British","mclaren","McLaren","British","Finished","red_bull_ring","Red Bull Ring","Spielberg","Austria",47.2197,14.7647,"678"
70,1,210,154,956,23099,8,13,"7","7",7,6,71,"+44.668","5302775","67","8","1:09.925","222.718",2016,9,"Austrian Grand Prix",2016-07-03,"12:00:00","grosjean","8","GRO","Romain","Grosjean",1986-04-17,"French","haas","Haas F1 Team","American","Finished","red_bull_ring","Red Bull Ring","Spielberg","Austria",47.2197,14.7647,"678"
70,31,1,18,933,22692,22,20,"\N","R",17,0,8,"\N","\N","5","17","1:52.208","138.792",2015,8,"Austrian Grand Prix",2015-06-21,"12:00:00","button","22","BUT","Jenson","Button",1980-01-19,"British","mclaren","McLaren","British","Retired","red_bull_ring","Red Bull Ring","Spielberg","Austria",47.2197,14.7647,"678"
70,11,6,844,1058,25112,16,7,"7","7",7,6,70,"\N","\N","64","6","1:08.738","226.145",2021,8,"Styrian Grand Prix",2021-06-27,"13:00:00","leclerc","16","LEC","Charles","Leclerc",1997-10-16,"Monegasque","ferrari","Ferrari","Italian","+1 Lap","red_bull_ring","Red Bull Ring","Spielberg","Austria",47.2197,14.7647,"678"
70,11,1,832,1032,24654,55,3,"9","9",9,3,70,"\N","\N","68","1","1:05.619","236.894",2020,2,"Styrian Grand Prix",2020-07-12,"13:10:00","sainz","55","SAI","Carlos","Sainz",1994-09-01,"Spanish","mclaren","McLaren","British","+1 Lap","red_bull_ring","Red Bull Ring","Spielberg","Austria",47.2197,14.7647,"678"
70,11,208,813,907,22295,13,13,"12","12",12,0,70,"\N","\N","64","12","1:13.187","212.791",2014,8,"Austrian Grand Prix",2014-06-22,"12:00:00","maldonado","13","MAL","Pastor","Maldonado",1985-03-09,"Venezuelan","lotus_f1","Lotus F1","British","+1 Lap","red_bull_ring","Red Bull Ring","Spielberg","Austria",47.2197,14.7647,"678"
70,13,3,9,1018,24385,88,17,"20","20",20,0,68,"\N","\N","55","20","1:10.964","219.051",2019,9,"Austrian Grand Prix",2019-06-30,"13:10:00","kubica","88","KUB","Robert","Kubica",1984-12-07,"Polish","williams","Williams","British","+3 Laps","red_bull_ring","Red Bull Ring","Spielberg","Austria",47.2197,14.7647,"678"
70,1,6,20,933,22679,5,3,"4","4",4,12,71,"+18.181","5435111","44","3","1:11.499","217.815",2015,8,"Austrian Grand Prix",2015-06-21,"12:00:00","vettel","5","VET","Sebastian","Vettel",1987-07-03,"German","ferrari","Ferrari","Italian","Finished","red_bull_ring","Red Bull Ring","Spielberg","Austria",47.2197,14.7647,"678"
70,5,5,832,977,23558,55,10,"\N","R",17,0,44,"\N","\N","42","15","1:09.150","224.798",2017,9,"Austrian Grand Prix",2017-07-09,"12:00:00","sainz","55","SAI","Carlos","Sainz",1994-09-01,"Spanish","toro_rosso","Toro Rosso","Italian","Engine","red_bull_ring","Red Bull Ring","Spielberg","Austria",47.2197,14.7647,"678"
70,11,210,825,997,23946,20,8,"5","5",5,10,70,"\N","\N","70","7","1:08.476","227.010",2018,9,"Austrian Grand Prix",2018-07-01,"13:10:00","kevin_magnussen","20","MAG","Kevin","Magnussen",1992-10-05,"Danish","haas","Haas F1 Team","American","+1 Lap","red_bull_ring","Red Bull Ring","Spielberg","Austria",47.2197,14.7647,"678"
70,1,9,815,1060,25131,11,3,"6","6",6,8,71,"+57.915","5092458","55","5","1:08.192","227.956",2021,9,"Austrian Grand Prix",2021-07-04,"13:00:00","perez","11","PER","Sergio","Pérez",1990-01-26,"Mexican","red_bull","Red Bull","Austrian","Finished","red_bull_ring","Red Bull Ring","Spielberg","Austria",47.2197,14.7647,"678"
70,11,210,821,956,23103,21,11,"11","11",11,0,70,"\N","\N","55","6","1:09.694","223.456",2016,9,"Austrian Grand Prix",2016-07-03,"12:00:00","gutierrez","21","GUT","Esteban","Gutiérrez",1991-08-05,"Mexican","haas","Haas F1 Team","American","+1 Lap","red_bull_ring","Red Bull Ring","Spielberg","Austria",47.2197,14.7647,"678"
70,11,4,807,977,23554,27,11,"13","13",13,0,70,"\N","\N","64","14","1:09.043","225.146",2017,9,"Austrian Grand Prix",2017-07-09,"12:00:00","hulkenberg","27","HUL","Nico","Hülkenberg",1987-08-19,"German","renault","Renault","French","+1 Lap","red_bull_ring","Red Bull Ring","Spielberg","Austria",47.2197,14.7647,"678"
70,1,3,822,933,22680,77,6,"5","5",5,10,71,"+53.604","5470534","52","7","1:12.248","215.557",2015,8,"Austrian Grand Prix",2015-06-21,"12:00:00","bottas","77","BOT","Valtteri","Bottas",1989-08-28,"Finnish","williams","Williams","British","Finished","red_bull_ring","Red Bull Ring","Spielberg","Austria",47.2197,14.7647,"678"
70,1,6,832,1060,25130,55,10,"5","5",5,10,71,"+57.144","5091687","70","2","1:07.762","229.402",2021,9,"Austrian Grand Prix",2021-07-04,"13:00:00","sainz","55","SAI","Carlos","Sainz",1994-09-01,"Spanish","ferrari","Ferrari","Italian","Finished","red_bull_ring","Red Bull Ring","Spielberg","Austria",47.2197,14.7647,"678"
70,11,51,841,1032,24659,99,19,"14","14",14,0,70,"\N","\N","54","15","1:08.512","226.891",2020,2,"Styrian Grand Prix",2020-07-12,"13:10:00","giovinazzi","99","GIO","Antonio","Giovinazzi",1993-12-14,"Italian","alfa","Alfa Romeo","Swiss","+1 Lap","red_bull_ring","Red Bull Ring","Spielberg","Austria",47.2197,14.7647,"678"
70,1,1,18,956,23098,22,3,"6","6",6,8,71,"+37.706","5295813","70","9","1:10.001","222.476",2016,9,"Austrian Grand Prix",2016-07-03,"12:00:00","button","22","BUT","Jenson","Button",1980-01-19,"British","mclaren","McLaren","British","Finished","red_bull_ring","Red Bull Ring","Spielberg","Austria",47.2197,14.7647,"678"
70,1,6,20,977,23543,5,2,"2","2",2,18,71,"+0.658","4909181","69","4","1:07.496","230.306",2017,9,"Austrian Grand Prix",2017-07-09,"12:00:00","vettel","5","VET","Sebastian","Vettel",1987-07-03,"German","ferrari","Ferrari","Italian","Finished","red_bull_ring","Red Bull Ring","Spielberg","Austria",47.2197,14.7647,"678"
70,11,15,828,997,23951,9,20,"10","10",10,1,70,"\N","\N","67","6","1:08.216","227.876",2018,9,"Austrian Grand Prix",2018-07-01,"13:10:00","ericsson","9","ERI","Marcus","Ericsson",1990-09-02,"Swedish","sauber","Sauber","Swiss","+1 Lap","red_bull_ring","Red Bull Ring","Spielberg","Austria",47.2197,14.7647,"678"
70,11,4,835,956,23104,30,19,"12","12",12,0,70,"\N","\N","53","13","1:10.228","221.757",2016,9,"Austrian Grand Prix",2016-07-03,"12:00:00","jolyon_palmer","30","PAL","Jolyon","Palmer",1991-01-20,"British","renault","Renault","French","+1 Lap","red_bull_ring","Red Bull Ring","Spielberg","Austria",47.2197,14.7647,"678"
70,1,210,154,977,23547,8,6,"6","6",6,8,71,"+1:13.160","4981683","65","10","1:08.590","226.633",2017,9,"Austrian Grand Prix",2017-07-09,"12:00:00","grosjean","8","GRO","Romain","Grosjean",1986-04-17,"French","haas","Haas F1 Team","American","Finished","red_bull_ring","Red Bull Ring","Spielberg","Austria",47.2197,14.7647,"678"
70,1,131,1,977,23545,44,8,"4","4",4,12,71,"+7.430","4915953","69","1","1:07.411","230.597",2017,9,"Austrian Grand Prix",2017-07-09,"12:00:00","hamilton","44","HAM","Lewis","Hamilton",1985-01-07,"British","mercedes","Mercedes","German","Finished","red_bull_ring","Red Bull Ring","Spielberg","Austria",47.2197,14.7647,"678"
70,11,51,8,1060,25140,7,16,"15","15",15,0,70,"\N","\N","69","15","1:08.874","225.699",2021,9,"Austrian Grand Prix",2021-07-04,"13:00:00","raikkonen","7","RAI","Kimi","Räikkönen",1979-10-17,"Finnish","alfa","Alfa Romeo","Swiss","+1 Lap","red_bull_ring","Red Bull Ring","Spielberg","Austria",47.2197,14.7647,"678"
70,11,213,826,1032,24655,26,13,"10","10",10,1,70,"\N","\N","60","13","1:08.378","227.336",2020,2,"Styrian Grand Prix",2020-07-12,"13:10:00","kvyat","26","KVY","Daniil","Kvyat",1994-04-26,"Russian","alphatauri","AlphaTauri","Italian","+1 Lap","red_bull_ring","Red Bull Ring","Spielberg","Austria",47.2197,14.7647,"678"
70,5,4,807,997,23961,27,10,"\N","R",20,0,11,"\N","\N","7","20","1:10.380","220.869",2018,9,"Austrian Grand Prix",2018-07-01,"13:10:00","hulkenberg","27","HUL","Nico","Hülkenberg",1987-08-19,"German","renault","Renault","French","Engine","red_bull_ring","Red Bull Ring","Spielberg","Austria",47.2197,14.7647,"678"
70,1,3,13,933,22678,19,4,"3","3",3,15,71,"+17.573","5434503","58","4","1:11.613","217.468",2015,8,"Austrian Grand Prix",2015-06-21,"12:00:00","massa","19","MAS","Felipe","Massa",1981-04-25,"Brazilian","williams","Williams","British","Finished","red_bull_ring","Red Bull Ring","Spielberg","Austria",47.2197,14.7647,"678"
70,4,1,4,933,22695,14,19,"\N","R",20,0,0,"\N","\N","\N","0","\N","\N",2015,8,"Austrian Grand Prix",2015-06-21,"12:00:00","alonso","14","ALO","Fernando","Alonso",1981-07-29,"Spanish","mclaren","McLaren","British","Collision","red_bull_ring","Red Bull Ring","Spielberg","Austria",47.2197,14.7647,"678"
70,11,211,815,1018,24376,11,13,"11","11",11,0,70,"\N","\N","67","14","1:09.061","225.087",2019,9,"Austrian Grand Prix",2019-06-30,"13:10:00","perez","11","PER","Sergio","Pérez",1990-01-26,"Mexican","racing_point","Racing Point","British","+1 Lap","red_bull_ring","Red Bull Ring","Spielberg","Austria",47.2197,14.7647,"678"
70,11,1,832,1018,24373,55,19,"8","8",8,4,70,"\N","\N","53","6","1:08.117","228.207",2019,9,"Austrian Grand Prix",2019-06-30,"13:10:00","sainz","55","SAI","Carlos","Sainz",1994-09-01,"Spanish","mclaren","McLaren","British","+1 Lap","red_bull_ring","Red Bull Ring","Spielberg","Austria",47.2197,14.7647,"678"
70,12,3,847,1032,24661,63,11,"16","16",16,0,69,"\N","\N","36","16","1:08.601","226.597",2020,2,"Styrian Grand Prix",2020-07-12,"13:10:00","russell","63","RUS","George","Russell",1998-02-15,"British","williams","Williams","British","+2 Laps","red_bull_ring","Red Bull Ring","Spielberg","Austria",47.2197,14.7647,"678"
70,1,6,844,1060,25133,16,12,"8","8",8,4,71,"+1:01.195","5095738","55","13","1:08.698","226.277",2021,9,"Austrian Grand Prix",2021-07-04,"13:00:00","leclerc","16","LEC","Charles","Leclerc",1997-10-16,"Monegasque","ferrari","Ferrari","Italian","Finished","red_bull_ring","Red Bull Ring","Spielberg","Austria",47.2197,14.7647,"678"
70,23,210,825,1031,24642,20,16,"\N","R",17,0,24,"\N","\N","23","20","1:10.720","219.807",2020,1,"Austrian Grand Prix",2020-07-05,"13:10:00","kevin_magnussen","20","MAG","Kevin","Magnussen",1992-10-05,"Danish","haas","Haas F1 Team","American","Brakes","red_bull_ring","Red Bull Ring","Spielberg","Austria",47.2197,14.7647,"678"
70,130,6,20,1032,24665,5,10,"\N","R",20,0,1,"\N","\N","\N","0","\N","\N",2020,2,"Styrian Grand Prix",2020-07-12,"13:10:00","vettel","5","VET","Sebastian","Vettel",1987-07-03,"German","ferrari","Ferrari","Italian","Collision damage","red_bull_ring","Red Bull Ring","Spielberg","Austria",47.2197,14.7647,"678"
70,1,131,1,933,22677,44,1,"2","2",2,18,71,"+8.800","5425730","60","2","1:11.475","217.888",2015,8,"Austrian Grand Prix",2015-06-21,"12:00:00","hamilton","44","HAM","Lewis","Hamilton",1985-01-07,"British","mercedes","Mercedes","German","Finished","red_bull_ring","Red Bull Ring","Spielberg","Austria",47.2197,14.7647,"678"
70,1,213,842,1060,25134,10,6,"9","9",9,2,71,"+1:01.844","5096387","54","4","1:08.146","228.110",2021,9,"Austrian Grand Prix",2021-07-04,"13:00:00","gasly","10","GAS","Pierre","Gasly",1996-02-07,"French","alphatauri","AlphaTauri","Italian","Finished","red_bull_ring","Red Bull Ring","Spielberg","Austria",47.2197,14.7647,"678"
70,11,4,817,1018,24377,3,12,"12","12",12,0,70,"\N","\N","65","4","1:08.019","228.536",2019,9,"Austrian Grand Prix",2019-06-30,"13:10:00","ricciardo","3","RIC","Daniel","Ricciardo",1989-07-01,"Australian","renault","Renault","French","+1 Lap","red_bull_ring","Red Bull Ring","Spielberg","Austria",47.2197,14.7647,"678"
70,12,3,845,997,23954,35,17,"13","13",13,0,69,"\N","\N","64","13","1:08.971","225.381",2018,9,"Austrian Grand Prix",2018-07-01,"13:10:00","sirotkin","35","SIR","Sergey","Sirotkin",1995-08-27,"Russian","williams","Williams","British","+2 Laps","red_bull_ring","Red Bull Ring","Spielberg","Austria",47.2197,14.7647,"678"
70,11,210,154,1018,24381,8,11,"16","16",16,0,70,"\N","\N","56","12","1:08.987","225.329",2019,9,"Austrian Grand Prix",2019-06-30,"13:10:00","grosjean","8","GRO","Romain","Grosjean",1986-04-17,"French","haas","Haas F1 Team","American","+1 Lap","red_bull_ring","Red Bull Ring","Spielberg","Austria",47.2197,14.7647,"678"
70,11,210,154,997,23945,8,5,"4","4",4,12,70,"\N","\N","17","16","1:09.071","225.055",2018,9,"Austrian Grand Prix",2018-07-01,"13:10:00","grosjean","8","GRO","Romain","Grosjean",1986-04-17,"French","haas","Haas F1 Team","American","+1 Lap","red_bull_ring","Red Bull Ring","Spielberg","Austria",47.2197,14.7647,"678"
70,11,51,841,1060,25139,99,15,"14","14",14,0,70,"\N","\N","55","17","1:09.042","225.149",2021,9,"Austrian Grand Prix",2021-07-04,"13:00:00","giovinazzi","99","GIO","Antonio","Giovinazzi",1993-12-14,"Italian","alfa","Alfa Romeo","Swiss","+1 Lap","red_bull_ring","Red Bull Ring","Spielberg","Austria",47.2197,14.7647,"678"
70,13,210,853,1058,25123,9,20,"18","18",18,0,68,"\N","\N","39","19","1:10.951","219.092",2021,8,"Styrian Grand Prix",2021-06-27,"13:00:00","mazepin","9","MAZ","Nikita","Mazepin",1999-03-02,"Russian","haas","Haas F1 Team","American","+3 Laps","red_bull_ring","Red Bull Ring","Spielberg","Austria",47.2197,14.7647,"678"
70,11,51,8,1018,24374,7,6,"9","9",9,2,70,"\N","\N","57","15","1:09.126","224.876",2019,9,"Austrian Grand Prix",2019-06-30,"13:10:00","raikkonen","7","RAI","Kimi","Räikkönen",1979-10-17,"Finnish","alfa","Alfa Romeo","Swiss","+1 Lap","red_bull_ring","Red Bull Ring","Spielberg","Austria",47.2197,14.7647,"678"
70,1,131,1,907,22285,44,9,"2","2",2,18,71,"+1.932","5276908","41","2","1:12.217","215.650",2014,8,"Austrian Grand Prix",2014-06-22,"12:00:00","hamilton","44","HAM","Lewis","Hamilton",1985-01-07,"British","mercedes","Mercedes","German","Finished","red_bull_ring","Red Bull Ring","Spielberg","Austria",47.2197,14.7647,"678"
70,11,5,848,1018,24380,23,18,"15","15",15,0,70,"\N","\N","59","11","1:08.946","225.463",2019,9,"Austrian Grand Prix",2019-06-30,"13:10:00","albon","23","ALB","Alexander","Albon",1996-03-23,"Thai","toro_rosso","Toro Rosso","Italian","+1 Lap","red_bull_ring","Red Bull Ring","Spielberg","Austria",47.2197,14.7647,"678"
70,1,131,822,977,23542,77,1,"1","1",1,25,71,"1:21:48.523","4908523","51","5","1:07.847","229.115",2017,9,"Austrian Grand Prix",2017-07-09,"12:00:00","bottas","77","BOT","Valtteri","Bottas",1989-08-28,"Finnish","mercedes","Mercedes","German","Finished","red_bull_ring","Red Bull Ring","Spielberg","Austria",47.2197,14.7647,"678"
70,11,51,841,1058,25120,99,15,"15","15",15,0,70,"\N","\N","39","12","1:09.723","222.950",2021,8,"Styrian Grand Prix",2021-06-27,"13:00:00","giovinazzi","99","GIO","Antonio","Giovinazzi",1993-12-14,"Italian","alfa","Alfa Romeo","Swiss","+1 Lap","red_bull_ring","Red Bull Ring","Spielberg","Austria",47.2197,14.7647,"678"
70,1,213,842,1031,24632,10,12,"7","7",7,6,71,"+16.682","5472421","64","11","1:09.025","225.205",2020,1,"Austrian Grand Prix",2020-07-05,"13:10:00","gasly","10","GAS","Pierre","Gasly",1996-02-07,"French","alphatauri","AlphaTauri","Italian","Finished","red_bull_ring","Red Bull Ring","Spielberg","Austria",47.2197,14.7647,"678"
70,11,4,825,956,23106,20,17,"14","14",14,0,70,"\N","\N","56","17","1:10.450","221.058",2016,9,"Austrian Grand Prix",2016-07-03,"12:00:00","kevin_magnussen","20","MAG","Kevin","Magnussen",1992-10-05,"Danish","renault","Renault","French","+1 Lap","red_bull_ring","Red Bull Ring","Spielberg","Austria",47.2197,14.7647,"678"
70,1,131,822,1031,24626,77,1,"1","1",1,25,71,"1:30:55.739","5455739","68","2","1:07.657","229.758",2020,1,"Austrian Grand Prix",2020-07-05,"13:10:00","bottas","77","BOT","Valtteri","Bottas",1989-08-28,"Finnish","mercedes","Mercedes","German","Finished","red_bull_ring","Red Bull Ring","Spielberg","Austria",47.2197,14.7647,"678"
70,4,117,20,1060,25142,5,11,"17","17",17,0,69,"\N","\N","51","8","1:08.420","227.196",2021,9,"Austrian Grand Prix",2021-07-04,"13:00:00","vettel","5","VET","Sebastian","Vettel",1987-07-03,"German","aston_martin","Aston Martin","British","Collision","red_bull_ring","Red Bull Ring","Spielberg","Austria",47.2197,14.7647,"678"
70,84,1,4,956,23110,14,14,"18","18",18,0,64,"\N","\N","44","20","1:11.020","219.284",2016,9,"Austrian Grand Prix",2016-07-03,"12:00:00","alonso","14","ALO","Fernando","Alonso",1981-07-29,"Spanish","mclaren","McLaren","British","Battery","red_bull_ring","Red Bull Ring","Spielberg","Austria",47.2197,14.7647,"678"
70,11,10,839,977,23549,31,9,"8","8",8,4,70,"\N","\N","68","12","1:08.659","226.405",2017,9,"Austrian Grand Prix",2017-07-09,"12:00:00","ocon","31","OCO","Esteban","Ocon",1996-09-17,"French","force_india","Force India","Indian","+1 Lap","red_bull_ring","Red Bull Ring","Spielberg","Austria",47.2197,14.7647,"678"
70,11,5,826,1018,24382,26,16,"17","17",17,0,70,"\N","\N","58","18","1:09.498","223.672",2019,9,"Austrian Grand Prix",2019-06-30,"13:10:00","kvyat","26","KVY","Daniil","Kvyat",1994-04-26,"Russian","toro_rosso","Toro Rosso","Italian","+1 Lap","red_bull_ring","Red Bull Ring","Spielberg","Austria",47.2197,14.7647,"678"
70,4,214,839,1060,25145,31,17,"\N","R",20,0,0,"\N","\N","\N","0","\N","\N",2021,9,"Austrian Grand Prix",2021-07-04,"13:00:00","ocon","31","OCO","Esteban","Ocon",1996-09-17,"French","alpine","Alpine F1 Team","French","Collision","red_bull_ring","Red Bull Ring","Spielberg","Austria",47.2197,14.7647,"678"
70,4,6,8,933,22694,7,14,"\N","R",19,0,0,"\N","\N","\N","0","\N","\N",2015,8,"Austrian Grand Prix",2015-06-21,"12:00:00","raikkonen","7","RAI","Kimi","Räikkönen",1979-10-17,"Finnish","ferrari","Ferrari","Italian","Collision","red_bull_ring","Red Bull Ring","Spielberg","Austria",47.2197,14.7647,"678"
70,1,3,13,907,22287,19,1,"4","4",4,12,71,"+17.358","5292334","63","4","1:12.586","214.553",2014,8,"Austrian Grand Prix",2014-06-22,"12:00:00","massa","19","MAS","Felipe","Massa",1981-04-25,"Brazilian","williams","Williams","British","Finished","red_bull_ring","Red Bull Ring","Spielberg","Austria",47.2197,14.7647,"678"
70,11,3,847,1060,25136,63,8,"11","11",11,0,70,"\N","\N","56","16","1:08.900","225.613",2021,9,"Austrian Grand Prix",2021-07-04,"13:00:00","russell","63","RUS","George","Russell",1998-02-15,"British","williams","Williams","British","+1 Lap","red_bull_ring","Red Bull Ring","Spielberg","Austria",47.2197,14.7647,"678"
70,11,210,154,1032,24658,8,0,"13","13",13,0,70,"\N","\N","69","12","1:08.047","228.442",2020,2,"Styrian Grand Prix",2020-07-12,"13:10:00","grosjean","8","GRO","Romain","Grosjean",1986-04-17,"French","haas","Haas F1 Team","American","+1 Lap","red_bull_ring","Red Bull Ring","Spielberg","Austria",47.2197,14.7647,"678"
70,32,131,1,997,23957,44,2,"\N","R",16,0,62,"\N","\N","58","3","1:07.241","231.180",2018,9,"Austrian Grand Prix",2018-07-01,"13:10:00","hamilton","44","HAM","Lewis","Hamilton",1985-01-07,"British","mercedes","Mercedes","German","Fuel pressure","red_bull_ring","Red Bull Ring","Spielberg","Austria",47.2197,14.7647,"678"
70,1,131,3,933,22676,6,2,"1","1",1,25,71,"1:30:16.930","5416930","35","1","1:11.235","218.622",2015,8,"Austrian Grand Prix",2015-06-21,"12:00:00","rosberg","6","ROS","Nico","Rosberg",1985-06-27,"German","mercedes","Mercedes","German","Finished","red_bull_ring","Red Bull Ring","Spielberg","Austria",47.2197,14.7647,"678"
70,1,6,8,977,23546,7,3,"5","5",5,10,71,"+20.370","4928893","68","3","1:07.486","230.341",2017,9,"Austrian Grand Prix",2017-07-09,"12:00:00","raikkonen","7","RAI","Kimi","Räikkönen",1979-10-17,"Finnish","ferrari","Ferrari","Italian","Finished","red_bull_ring","Red Bull Ring","Spielberg","Austria",47.2197,14.7647,"678"
70,11,3,840,977,23551,18,18,"10","10",10,1,70,"\N","\N","67","13","1:08.777","226.017",2017,9,"Austrian Grand Prix",2017-07-09,"12:00:00","stroll","18","STR","Lance","Stroll",1998-10-29,"Canadian","williams","Williams","British","+1 Lap","red_bull_ring","Red Bull Ring","Spielberg","Austria",47.2197,14.7647,"678"
70,13,209,833,933,22689,98,16,"14","14",14,0,68,"\N","\N","58","16","1:14.939","207.817",2015,8,"Austrian Grand Prix",2015-06-21,"12:00:00","merhi","98","MER","Roberto","Merhi",1991-03-22,"Spanish","manor","Manor Marussia","British","+3 Laps","red_bull_ring","Red Bull Ring","Spielberg","Austria",47.2197,14.7647,"678"
70,1,9,817,907,22291,3,5,"8","8",8,4,71,"+43.522","5318498","55","10","1:13.060","213.161",2014,8,"Austrian Grand Prix",2014-06-22,"12:00:00","ricciardo","3","RIC","Daniel","Ricciardo",1989-07-01,"Australian","red_bull","Red Bull","Austrian","Finished","red_bull_ring","Red Bull Ring","Spielberg","Austria",47.2197,14.7647,"678"
70,1,9,817,956,23097,3,5,"5","5",5,10,71,"+30.981","5289088","66","3","1:08.770","226.459",2016,9,"Austrian Grand Prix",2016-07-03,"12:00:00","ricciardo","3","RIC","Daniel","Ricciardo",1989-07-01,"Australian","red_bull","Red Bull","Austrian","Finished","red_bull_ring","Red Bull Ring","Spielberg","Austria",47.2197,14.7647,"678"
70,1,10,807,907,22292,27,10,"9","9",9,2,71,"+44.137","5319113","60","11","1:13.156","212.882",2014,8,"Austrian Grand Prix",2014-06-22,"12:00:00","hulkenberg","27","HUL","Nico","Hülkenberg",1987-08-19,"German","force_india","Force India","Indian","Finished","red_bull_ring","Red Bull Ring","Spielberg","Austria",47.2197,14.7647,"678"
70,40,9,848,1031,24638,23,4,"13","13",13,0,67,"\N","\N","50","7","1:08.432","227.156",2020,1,"Austrian Grand Prix",2020-07-05,"13:10:00","albon","23","ALB","Alexander","Albon",1996-03-23,"Thai","red_bull","Red Bull","Austrian","Electronics","red_bull_ring","Red Bull Ring","Spielberg","Austria",47.2197,14.7647,"678"
70,1,131,1,956,23093,44,1,"1","1",1,25,71,"1:27:38.107","5258107","67","1","1:08.411","227.647",2016,9,"Austrian Grand Prix",2016-07-03,"12:00:00","hamilton","44","HAM","Lewis","Hamilton",1985-01-07,"British","mercedes","Mercedes","German","Finished","red_bull_ring","Red Bull Ring","Spielberg","Austria",47.2197,14.7647,"678"
70,12,15,828,977,23556,9,19,"15","15",15,0,69,"\N","\N","56","17","1:09.284","224.363",2017,9,"Austrian Grand Prix",2017-07-09,"12:00:00","ericsson","9","ERI","Marcus","Ericsson",1990-09-02,"Swedish","sauber","Sauber","Swiss","+2 Laps","red_bull_ring","Red Bull Ring","Spielberg","Austria",47.2197,14.7647,"678"
70,11,15,828,956,23107,9,18,"15","15",15,0,70,"\N","\N","58","18","1:10.704","220.264",2016,9,"Austrian Grand Prix",2016-07-03,"12:00:00","ericsson","9","ERI","Marcus","Ericsson",1990-09-02,"Swedish","sauber","Sauber","Swiss","+1 Lap","red_bull_ring","Red Bull Ring","Spielberg","Austria",47.2197,14.7647,"678"
70,130,6,844,1032,24664,16,14,"\N","R",19,0,4,"\N","\N","3","19","1:35.379","162.979",2020,2,"Styrian Grand Prix",2020-07-12,"13:10:00","leclerc","16","LEC","Charles","Leclerc",1997-10-16,"Monegasque","ferrari","Ferrari","Italian","Collision damage","red_bull_ring","Red Bull Ring","Spielberg","Austria",47.2197,14.7647,"678"
70,1,131,1,1058,25107,44,2,"2","2",2,19,71,"+35.743","4974668","71","1","1:07.058","231.811",2021,8,"Styrian Grand Prix",2021-06-27,"13:00:00","hamilton","44","HAM","Lewis","Hamilton",1985-01-07,"British","mercedes","Mercedes","German","Finished","red_bull_ring","Red Bull Ring","Spielberg","Austria",47.2197,14.7647,"678"
70,1,6,844,1018,24367,16,1,"2","2",2,18,71,"+2.724","4924546","58","3","1:07.994","228.620",2019,9,"Austrian Grand Prix",2019-06-30,"13:10:00","leclerc","16","LEC","Charles","Leclerc",1997-10-16,"Monegasque","ferrari","Ferrari","Italian","Finished","red_bull_ring","Red Bull Ring","Spielberg","Austria",47.2197,14.7647,"678"
70,12,3,847,1018,24383,63,0,"18","18",18,0,69,"\N","\N","52","19","1:09.926","222.303",2019,9,"Austrian Grand Prix",2019-06-30,"13:10:00","russell","63","RUS","George","Russell",1998-02-15,"British","williams","Williams","British","+2 Laps","red_bull_ring","Red Bull Ring","Spielberg","Austria",47.2197,14.7647,"678"
70,130,1,838,997,23956,2,15,"15","15",15,0,65,"\N","\N","63","12","1:08.894","225.633",2018,9,"Austrian Grand Prix",2018-07-01,"13:10:00","vandoorne","2","VAN","Stoffel","Vandoorne",1992-03-26,"Belgian","mclaren","McLaren","British","Collision damage","red_bull_ring","Red Bull Ring","Spielberg","Austria",47.2197,14.7647,"678"
70,1,9,817,977,23544,3,4,"3","3",3,15,71,"+6.012","4914535","69","2","1:07.442","230.491",2017,9,"Austrian Grand Prix",2017-07-09,"12:00:00","ricciardo","3","RIC","Daniel","Ricciardo",1989-07-01,"Australian","red_bull","Red Bull","Austrian","Finished","red_bull_ring","Red Bull Ring","Spielberg","Austria",47.2197,14.7647,"678"
70,11,1,846,1018,24371,4,5,"6","6",6,8,70,"\N","\N","69","8","1:08.699","226.274",2019,9,"Austrian Grand Prix",2019-06-30,"13:10:00","norris","4","NOR","Lando","Norris",1999-11-13,"British","mclaren","McLaren","British","+1 Lap","red_bull_ring","Red Bull Ring","Spielberg","Austria",47.2197,14.7647,"678"
70,1,51,841,1031,24634,99,18,"9","9",9,2,71,"+21.146","5476885","70","9","1:08.796","225.954",2020,1,"Austrian Grand Prix",2020-07-05,"13:10:00","giovinazzi","99","GIO","Antonio","Giovinazzi",1993-12-14,"Italian","alfa","Alfa Romeo","Swiss","Finished","red_bull_ring","Red Bull Ring","Spielberg","Austria",47.2197,14.7647,"678"
70,1,131,822,1018,24368,77,3,"3","3",3,15,71,"+18.960","4940782","53","7","1:08.565","226.716",2019,9,"Austrian Grand Prix",2019-06-30,"13:10:00","bottas","77","BOT","Valtteri","Bottas",1989-08-28,"Finnish","mercedes","Mercedes","German","Finished","red_bull_ring","Red Bull Ring","Spielberg","Austria",47.2197,14.7647,"678"
70,12,206,824,907,22298,17,18,"15","15",15,0,69,"\N","\N","65","19","1:14.476","209.108",2014,8,"Austrian Grand Prix",2014-06-22,"12:00:00","jules_bianchi","17","BIA","Jules","Bianchi",1989-08-03,"French","marussia","Marussia","Russian","+2 Laps","red_bull_ring","Red Bull Ring","Spielberg","Austria",47.2197,14.7647,"678"
70,25,4,817,1031,24644,3,10,"\N","R",19,0,17,"\N","\N","8","19","1:10.610","220.150",2020,1,"Austrian Grand Prix",2020-07-05,"13:10:00","ricciardo","3","RIC","Daniel","Ricciardo",1989-07-01,"Australian","renault","Renault","French","Overheating","red_bull_ring","Red Bull Ring","Spielberg","Austria",47.2197,14.7647,"678"
70,1,9,830,997,23942,33,4,"1","1",1,25,71,"1:21:56.024","4916024","70","4","1:07.442","230.491",2018,9,"Austrian Grand Prix",2018-07-01,"13:10:00","max_verstappen","33","VER","Max","Verstappen",1997-09-30,"Dutch","red_bull","Red Bull","Austrian","Finished","red_bull_ring","Red Bull Ring","Spielberg","Austria",47.2197,14.7647,"678"
70,11,214,839,1058,25119,31,17,"14","14",14,0,70,"\N","\N","70","10","1:09.576","223.421",2021,8,"Styrian Grand Prix",2021-06-27,"13:00:00","ocon","31","OCO","Esteban","Ocon",1996-09-17,"French","alpine","Alpine F1 Team","French","+1 Lap","red_bull_ring","Red Bull Ring","Spielberg","Austria",47.2197,14.7647,"678"
70,11,1,846,1058,25110,4,3,"5","5",5,10,70,"\N","\N","65","7","1:08.903","225.604",2021,8,"Styrian Grand Prix",2021-06-27,"13:00:00","norris","4","NOR","Lando","Norris",1999-11-13,"British","mclaren","McLaren","British","+1 Lap","red_bull_ring","Red Bull Ring","Spielberg","Austria",47.2197,14.7647,"678"
70,11,51,8,1032,24656,7,16,"11","11",11,0,70,"\N","\N","57","14","1:08.382","227.322",2020,2,"Styrian Grand Prix",2020-07-12,"13:10:00","raikkonen","7","RAI","Kimi","Räikkönen",1979-10-17,"Finnish","alfa","Alfa Romeo","Swiss","+1 Lap","red_bull_ring","Red Bull Ring","Spielberg","Austria",47.2197,14.7647,"678"
70,23,10,807,956,23111,27,2,"19","19",19,0,64,"\N","\N","53","14","1:10.309","221.502",2016,9,"Austrian Grand Prix",2016-07-03,"12:00:00","hulkenberg","27","HUL","Nico","Hülkenberg",1987-08-19,"German","force_india","Force India","Indian","Brakes","red_bull_ring","Red Bull Ring","Spielberg","Austria",47.2197,14.7647,"678"
70,1,1,846,1031,24628,4,3,"3","3",3,16,71,"+5.491","5461230","71","1","1:07.475","230.378",2020,1,"Austrian Grand Prix",2020-07-05,"13:10:00","norris","4","NOR","Lando","Norris",1999-11-13,"British","mclaren","McLaren","British","Finished","red_bull_ring","Red Bull Ring","Spielberg","Austria",47.2197,14.7647,"678"
70,44,209,829,933,22693,28,17,"\N","R",18,0,1,"\N","\N","\N","0","\N","\N",2015,8,"Austrian Grand Prix",2015-06-21,"12:00:00","stevens","28","STE","Will","Stevens",1991-06-28,"British","manor","Manor Marussia","British","Oil leak","red_bull_ring","Red Bull Ring","Spielberg","Austria",47.2197,14.7647,"678"
70,9,131,822,997,23960,77,1,"\N","R",19,0,13,"\N","\N","12","15","1:09.044","225.143",2018,9,"Austrian Grand Prix",2018-07-01,"13:10:00","bottas","77","BOT","Valtteri","Bottas",1989-08-28,"Finnish","mercedes","Mercedes","German","Hydraulics","red_bull_ring","Red Bull Ring","Spielberg","Austria",47.2197,14.7647,"678"
70,12,210,825,1018,24384,20,10,"19","19",19,0,69,"\N","\N","69","10","1:08.903","225.604",2019,9,"Austrian Grand Prix",2019-06-30,"13:10:00","kevin_magnussen","20","MAG","Kevin","Magnussen",1992-10-05,"Danish","haas","Haas F1 Team","American","+2 Laps","red_bull_ring","Red Bull Ring","Spielberg","Austria",47.2197,14.7647,"678"
70,1,131,1,1060,25129,44,4,"4","4",4,12,71,"+46.452","5080995","55","3","1:08.126","228.177",2021,9,"Austrian Grand Prix",2021-07-04,"13:00:00","hamilton","44","HAM","Lewis","Hamilton",1985-01-07,"British","mercedes","Mercedes","German","Finished","red_bull_ring","Red Bull Ring","Spielberg","Austria",47.2197,14.7647,"678"
70,1,1,846,1032,24650,4,9,"5","5",5,10,71,"+1:01.470","5032153","66","5","1:07.193","231.345",2020,2,"Styrian Grand Prix",2020-07-12,"13:10:00","norris","4","NOR","Lando","Norris",1999-11-13,"British","mclaren","McLaren","British","Finished","red_bull_ring","Red Bull Ring","Spielberg","Austria",47.2197,14.7647,"678"
70,11,117,20,1058,25117,5,14,"12","12",12,0,70,"\N","\N","64","15","1:09.821","222.637",2021,8,"Styrian Grand Prix",2021-06-27,"13:00:00","vettel","5","VET","Sebastian","Vettel",1987-07-03,"German","aston_martin","Aston Martin","British","+1 Lap","red_bull_ring","Red Bull Ring","Spielberg","Austria",47.2197,14.7647,"678"
70,5,211,840,1031,24643,18,9,"\N","R",18,0,20,"\N","\N","4","18","1:10.326","221.039",2020,1,"Austrian Grand Prix",2020-07-05,"13:10:00","stroll","18","STR","Lance","Stroll",1998-10-29,"Canadian","racing_point","Racing Point","British","Engine","red_bull_ring","Red Bull Ring","Spielberg","Austria",47.2197,14.7647,"678"
70,1,131,822,1060,25127,77,5,"2","2",2,18,71,"+17.973","5052516","52","6","1:08.374","227.349",2021,9,"Austrian Grand Prix",2021-07-04,"13:00:00","bottas","77","BOT","Valtteri","Bottas",1989-08-28,"Finnish","mercedes","Mercedes","German","Finished","red_bull_ring","Red Bull Ring","Spielberg","Austria",47.2197,14.7647,"678"
70,32,3,847,1031,24640,63,17,"\N","R",15,0,49,"\N","\N","49","14","1:09.317","224.256",2020,1,"Austrian Grand Prix",2020-07-05,"13:10:00","russell","63","RUS","George","Russell",1998-02-15,"British","williams","Williams","British","Fuel pressure","red_bull_ring","Red Bull Ring","Spielberg","Austria",47.2197,14.7647,"678"
70,11,5,842,997,23952,10,12,"11","11",11,0,70,"\N","\N","38","19","1:09.295","224.327",2018,9,"Austrian Grand Prix",2018-07-01,"13:10:00","gasly","10","GAS","Pierre","Gasly",1996-02-07,"French","toro_rosso","Toro Rosso","Italian","+1 Lap","red_bull_ring","Red Bull Ring","Spielberg","Austria",47.2197,14.7647,"678"
70,1,9,848,1032,24649,23,6,"4","4",4,12,71,"+44.400","5015083","67","6","1:07.299","230.981",2020,2,"Styrian Grand Prix",2020-07-12,"13:10:00","albon","23","ALB","Alexander","Albon",1996-03-23,"Thai","red_bull","Red Bull","Austrian","Finished","red_bull_ring","Red Bull Ring","Spielberg","Austria",47.2197,14.7647,"678"
70,1,6,4,907,22288,14,4,"5","5",5,10,71,"+18.553","5293529","58","5","1:12.595","214.527",2014,8,"Austrian Grand Prix",2014-06-22,"12:00:00","alonso","14","ALO","Fernando","Alonso",1981-07-29,"Spanish","ferrari","Ferrari","Italian","Finished","red_bull_ring","Red Bull Ring","Spielberg","Austria",47.2197,14.7647,"678"
70,12,15,821,907,22302,21,17,"19","19",19,0,69,"\N","\N","53","16","1:14.036","210.351",2014,8,"Austrian Grand Prix",2014-06-22,"12:00:00","gutierrez","21","GUT","Esteban","Gutiérrez",1991-08-05,"Mexican","sauber","Sauber","Swiss","+2 Laps","red_bull_ring","Red Bull Ring","Spielberg","Austria",47.2197,14.7647,"678"
70,11,208,154,907,22297,8,22,"14","14",14,0,70,"\N","\N","42","15","1:13.953","210.587",2014,8,"Austrian Grand Prix",2014-06-22,"12:00:00","grosjean","8","GRO","Romain","Grosjean",1986-04-17,"French","lotus_f1","Lotus F1","British","+1 Lap","red_bull_ring","Red Bull Ring","Spielberg","Austria",47.2197,14.7647,"678"
70,43,9,817,997,23959,3,7,"\N","R",18,0,53,"\N","\N","46","5","1:07.591","229.983",2018,9,"Austrian Grand Prix",2018-07-01,"13:10:00","ricciardo","3","RIC","Daniel","Ricciardo",1989-07-01,"Australian","red_bull","Red Bull","Austrian","Exhaust","red_bull_ring","Red Bull Ring","Spielberg","Austria",47.2197,14.7647,"678"
70,1,10,807,933,22681,27,5,"6","6",6,8,71,"+1:04.075","5481005","62","12","1:12.541","214.686",2015,8,"Austrian Grand Prix",2015-06-21,"12:00:00","hulkenberg","27","HUL","Nico","Hülkenberg",1987-08-19,"German","force_india","Force India","Indian","Finished","red_bull_ring","Red Bull Ring","Spielberg","Austria",47.2197,14.7647,"678"
70,25,4,839,1032,24663,31,5,"\N","R",18,0,25,"\N","\N","22","18","1:09.321","224.243",2020,2,"Styrian Grand Prix",2020-07-12,"13:10:00","ocon","31","OCO","Esteban","Ocon",1996-09-17,"French","renault","Renault","French","Overheating","red_bull_ring","Red Bull Ring","Spielberg","Austria",47.2197,14.7647,"678"
70,11,213,842,1032,24660,10,7,"15","15",15,0,70,"\N","\N","69","8","1:07.827","229.183",2020,2,"Styrian Grand Prix",2020-07-12,"13:10:00","gasly","10","GAS","Pierre","Gasly",1996-02-07,"French","alphatauri","AlphaTauri","Italian","+1 Lap","red_bull_ring","Red Bull Ring","Spielberg","Austria",47.2197,14.7647,"678"
70,1,131,822,1032,24647,77,4,"2","2",2,18,71,"+13.719","4984402","62","7","1:07.534","230.177",2020,2,"Styrian Grand Prix",2020-07-12,"13:10:00","bottas","77","BOT","Valtteri","Bottas",1989-08-28,"Finnish","mercedes","Mercedes","German","Finished","red_bull_ring","Red Bull Ring","Spielberg","Austria",47.2197,14.7647,"678"
70,11,4,807,1018,24378,27,15,"13","13",13,0,70,"\N","\N","59","16","1:09.248","224.480",2019,9,"Austrian Grand Prix",2019-06-30,"13:10:00","hulkenberg","27","HUL","Nico","Hülkenberg",1987-08-19,"German","renault","Renault","French","+1 Lap","red_bull_ring","Red Bull Ring","Spielberg","Austria",47.2197,14.7647,"678"
70,1,131,1,1018,24370,44,4,"5","5",5,10,71,"+22.805","4944627","69","5","1:08.050","228.432",2019,9,"Austrian Grand Prix",2019-06-30,"13:10:00","hamilton","44","HAM","Lewis","Hamilton",1985-01-07,"British","mercedes","Mercedes","German","Finished","red_bull_ring","Red Bull Ring","Spielberg","Austria",47.2197,14.7647,"678"
70,12,210,854,1060,25143,47,19,"18","18",18,0,69,"\N","\N","56","18","1:09.394","224.007",2021,9,"Austrian Grand Prix",2021-07-04,"13:00:00","mick_schumacher","47","MSC","Mick","Schumacher",1999-03-22,"German","haas","Haas F1 Team","American","+2 Laps","red_bull_ring","Red Bull Ring","Spielberg","Austria",47.2197,14.7647,"678"
70,11,3,822,956,23101,77,7,"9","9",9,2,70,"\N","\N","55","12","1:10.210","221.814",2016,9,"Austrian Grand Prix",2016-07-03,"12:00:00","bottas","77","BOT","Valtteri","Bottas",1989-08-28,"Finnish","williams","Williams","British","+1 Lap","red_bull_ring","Red Bull Ring","Spielberg","Austria",47.2197,14.7647,"678"
70,12,210,853,1060,25144,9,20,"19","19",19,0,69,"\N","\N","49","19","1:09.757","222.842",2021,9,"Austrian Grand Prix",2021-07-04,"13:00:00","mazepin","9","MAZ","Nikita","Mazepin",1999-03-02,"Russian","haas","Haas F1 Team","American","+2 Laps","red_bull_ring","Red Bull Ring","Spielberg","Austria",47.2197,14.7647,"678"
70,1,131,3,907,22284,6,3,"1","1",1,25,71,"1:27:54.976","5274976","50","6","1:12.598","214.518",2014,8,"Austrian Grand Prix",2014-06-22,"12:00:00","rosberg","6","ROS","Nico","Rosberg",1985-06-27,"German","mercedes","Mercedes","German","Finished","red_bull_ring","Red Bull Ring","Spielberg","Austria",47.2197,14.7647,"678"
70,1,211,815,1031,24631,11,6,"6","6",6,8,71,"+15.092","5470831","63","6","1:08.305","227.579",2020,1,"Austrian Grand Prix",2020-07-05,"13:10:00","perez","11","PER","Sergio","Pérez",1990-01-26,"Mexican","racing_point","Racing Point","British","Finished","red_bull_ring","Red Bull Ring","Spielberg","Austria",47.2197,14.7647,"678"
70,5,3,847,1058,25124,63,10,"\N","R",19,0,36,"\N","\N","28","18","1:10.499","220.496",2021,8,"Styrian Grand Prix",2021-06-27,"13:00:00","russell","63","RUS","George","Russell",1998-02-15,"British","williams","Williams","British","Engine","red_bull_ring","Red Bull Ring","Spielberg","Austria",47.2197,14.7647,"678"
71,11,213,852,1066,25262,22,12,"17","17",17,0,52,"\N","\N","42","13","1:39.960","210.612",2021,15,"Russian Grand Prix",2021-09-26,"12:00:00","tsunoda","22","TSU","Yuki","Tsunoda",2000-05-11,"Japanese","alphatauri","AlphaTauri","Italian","+1 Lap","sochi","Sochi Autodrom","Sochi","Russia",43.4057,39.9578,"2"
71,1,6,8,1004,24086,7,4,"4","4",4,12,53,"+16.543","5261724","47","6","1:36.611","217.913",2018,16,"Russian Grand Prix",2018-09-30,"11:10:00","raikkonen","7","RAI","Kimi","Räikkönen",1979-10-17,"Finnish","ferrari","Ferrari","Italian","Finished","sochi","Sochi Autodrom","Sochi","Russia",43.4057,39.9578,"2"
71,1,6,20,1004,24085,5,3,"3","3",3,15,53,"+7.487","5252668","50","3","1:35.990","219.322",2018,16,"Russian Grand Prix",2018-09-30,"11:10:00","vettel","5","VET","Sebastian","Vettel",1987-07-03,"German","ferrari","Ferrari","Italian","Finished","sochi","Sochi Autodrom","Sochi","Russia",43.4057,39.9578,"2"
71,131,5,830,951,23001,33,9,"\N","R",19,0,33,"\N","\N","32","13","1:42.029","206.341",2016,4,"Russian Grand Prix",2016-05-01,"12:00:00","max_verstappen","33","VER","Max","Verstappen",1997-09-30,"Dutch","toro_rosso","Toro Rosso","Italian","Power Unit","sochi","Sochi Autodrom","Sochi","Russia",43.4057,39.9578,"2"
71,1,131,1,941,22816,44,2,"1","1",1,25,53,"1:37:11.024","5831024","44","3","1:40.573","209.328",2015,15,"Russian Grand Prix",2015-10-11,"11:00:00","hamilton","44","HAM","Lewis","Hamilton",1985-01-07,"British","mercedes","Mercedes","German","Finished","sochi","Sochi Autodrom","Sochi","Russia",43.4057,39.9578,"2"
71,11,214,839,1066,25259,31,9,"14","14",14,0,52,"\N","\N","34","19","1:40.598","209.276",2021,15,"Russian Grand Prix",2021-09-26,"12:00:00","ocon","31","OCO","Esteban","Ocon",1996-09-17,"French","alpine","Alpine F1 Team","French","+1 Lap","sochi","Sochi Autodrom","Sochi","Russia",43.4057,39.9578,"2"
71,23,9,817,972,23455,3,5,"\N","R",17,0,5,"\N","\N","4","17","1:42.285","205.824",2017,4,"Russian Grand Prix",2017-04-30,"12:00:00","ricciardo","3","RIC","Daniel","Ricciardo",1989-07-01,"Australian","red_bull","Red Bull","Austrian","Brakes","sochi","Sochi Autodrom","Sochi","Russia",43.4057,39.9578,"2"
71,4,209,837,951,23004,88,21,"\N","R",22,0,0,"\N","\N","\N","0","\N","\N",2016,4,"Russian Grand Prix",2016-05-01,"12:00:00","haryanto","88","HAR","Rio","Haryanto",1993-01-22,"Indonesian","manor","Manor Marussia","British","Collision","sochi","Sochi Autodrom","Sochi","Russia",43.4057,39.9578,"2"
71,11,3,840,972,23449,18,11,"11","11",11,0,51,"\N","\N","50","12","1:38.870","212.934",2017,4,"Russian Grand Prix",2017-04-30,"12:00:00","stroll","18","STR","Lance","Stroll",1998-10-29,"Canadian","williams","Williams","British","+1 Lap","sochi","Sochi Autodrom","Sochi","Russia",43.4057,39.9578,"2"
71,44,210,854,1066,25265,47,14,"\N","R",20,0,32,"\N","\N","22","15","1:40.276","209.948",2021,15,"Russian Grand Prix",2021-09-26,"12:00:00","mick_schumacher","47","MSC","Mick","Schumacher",1999-03-22,"German","haas","Haas F1 Team","American","Oil leak","sochi","Sochi Autodrom","Sochi","Russia",43.4057,39.9578,"2"
71,1,213,826,1040,24813,26,11,"8","8",8,4,53,"+1:08.740","5709104","48","12","1:39.133","212.369",2020,10,"Russian Grand Prix",2020-09-27,"11:10:00","kvyat","26","KVY","Daniil","Kvyat",1994-04-26,"Russian","alphatauri","AlphaTauri","Italian","Finished","sochi","Sochi Autodrom","Sochi","Russia",43.4057,39.9578,"2"
71,1,9,830,1066,25247,33,20,"2","2",2,18,53,"+53.271","5494272","28","5","1:38.396","213.959",2021,15,"Russian Grand Prix",2021-09-26,"12:00:00","max_verstappen","33","VER","Max","Verstappen",1997-09-30,"Dutch","red_bull","Red Bull","Austrian","Finished","sochi","Sochi Autodrom","Sochi","Russia",43.4057,39.9578,"2"
71,1,1,846,1066,25252,4,1,"7","7",7,7,53,"+1:27.224","5528225","39","1","1:37.423","216.096",2021,15,"Russian Grand Prix",2021-09-26,"12:00:00","norris","4","NOR","Lando","Norris",1999-11-13,"British","mclaren","McLaren","British","Finished","sochi","Sochi Autodrom","Sochi","Russia",43.4057,39.9578,"2"
71,12,209,836,951,23000,94,20,"18","18",18,0,51,"\N","\N","43","11","1:41.907","206.588",2016,4,"Russian Grand Prix",2016-05-01,"12:00:00","wehrlein","94","WEH","Pascal","Wehrlein",1994-10-18,"German","manor","Manor Marussia","British","+2 Laps","sochi","Sochi Autodrom","Sochi","Russia",43.4057,39.9578,"2"
71,1,9,830,972,23443,33,7,"5","5",5,10,52,"+1:00.416","5349159","47","8","1:38.429","213.888",2017,4,"Russian Grand Prix",2017-04-30,"12:00:00","max_verstappen","33","VER","Max","Verstappen",1997-09-30,"Dutch","red_bull","Red Bull","Austrian","Finished","sochi","Sochi Autodrom","Sochi","Russia",43.4057,39.9578,"2"
71,3,208,154,941,22832,8,8,"\N","R",17,0,11,"\N","\N","7","18","1:45.266","199.996",2015,15,"Russian Grand Prix",2015-10-11,"11:00:00","grosjean","8","GRO","Romain","Grosjean",1986-04-17,"French","lotus_f1","Lotus F1","British","Accident","sochi","Sochi Autodrom","Sochi","Russia",43.4057,39.9578,"2"
71,11,1,4,951,22988,14,14,"6","6",6,8,52,"\N","\N","52","5","1:40.347","209.799",2016,4,"Russian Grand Prix",2016-05-01,"12:00:00","alonso","14","ALO","Fernando","Alonso",1981-07-29,"Spanish","mclaren","McLaren","British","+1 Lap","sochi","Sochi Autodrom","Sochi","Russia",43.4057,39.9578,"2"
71,23,5,832,941,22831,55,20,"\N","R",16,0,45,"\N","\N","44","11","1:42.258","205.879",2015,15,"Russian Grand Prix",2015-10-11,"11:00:00","sainz","55","SAI","Carlos","Sainz",1994-09-01,"Spanish","toro_rosso","Toro Rosso","Italian","Brakes","sochi","Sochi Autodrom","Sochi","Russia",43.4057,39.9578,"2"
71,11,1,18,951,22992,22,12,"10","10",10,1,52,"\N","\N","50","8","1:41.720","206.968",2016,4,"Russian Grand Prix",2016-05-01,"12:00:00","button","22","BUT","Jenson","Button",1980-01-19,"British","mclaren","McLaren","British","+1 Lap","sochi","Sochi Autodrom","Sochi","Russia",43.4057,39.9578,"2"
71,1,5,826,1025,24517,26,19,"12","12",12,0,53,"+1:02.496","5681488","52","9","1:38.228","214.325",2019,16,"Russian Grand Prix",2019-09-29,"11:10:00","kvyat","26","KVY","Daniil","Kvyat",1994-04-26,"Russian","toro_rosso","Toro Rosso","Italian","Finished","sochi","Sochi Autodrom","Sochi","Russia",43.4057,39.9578,"2"
71,1,117,840,1066,25256,18,7,"11","11",11,0,53,"+1:46.198","5547199","35","17","1:40.464","209.555",2021,15,"Russian Grand Prix",2021-09-26,"12:00:00","stroll","18","STR","Lance","Stroll",1998-10-29,"Canadian","aston_martin","Aston Martin","British","Finished","sochi","Sochi Autodrom","Sochi","Russia",43.4057,39.9578,"2"
71,1,3,822,915,22463,77,3,"3","3",3,15,53,"+17.425","5528169","53","1","1:40.896","208.658",2014,16,"Russian Grand Prix",2014-10-12,"11:00:00","bottas","77","BOT","Valtteri","Bottas",1989-08-28,"Finnish","williams","Williams","British","Finished","sochi","Sochi Autodrom","Sochi","Russia",43.4057,39.9578,"2"
71,1,3,847,1066,25255,63,3,"10","10",10,1,53,"+1:40.551","5541552","40","18","1:40.596","209.280",2021,15,"Russian Grand Prix",2021-09-26,"12:00:00","russell","63","RUS","George","Russell",1998-02-15,"British","williams","Williams","British","Finished","sochi","Sochi Autodrom","Sochi","Russia",43.4057,39.9578,"2"
71,11,1,846,1040,24820,4,8,"15","15",15,0,52,"\N","\N","50","5","1:37.377","216.198",2020,10,"Russian Grand Prix",2020-09-27,"11:10:00","norris","4","NOR","Lando","Norris",1999-11-13,"British","mclaren","McLaren","British","+1 Lap","sochi","Sochi Autodrom","Sochi","Russia",43.4057,39.9578,"2"
71,4,3,822,941,22827,77,3,"12","12",12,0,52,"\N","\N","45","5","1:41.134","208.167",2015,15,"Russian Grand Prix",2015-10-11,"11:00:00","bottas","77","BOT","Valtteri","Bottas",1989-08-28,"Finnish","williams","Williams","British","Collision","sochi","Sochi Autodrom","Sochi","Russia",43.4057,39.9578,"2"
71,12,207,828,915,22479,9,16,"19","19",19,0,51,"\N","\N","48","16","1:43.979","202.471",2014,16,"Russian Grand Prix",2014-10-12,"11:00:00","ericsson","9","ERI","Marcus","Ericsson",1990-09-02,"Swedish","caterham","Caterham","Malaysian","+2 Laps","sochi","Sochi Autodrom","Sochi","Russia",43.4057,39.9578,"2"
71,11,6,844,1066,25260,16,19,"15","15",15,0,52,"\N","\N","45","7","1:38.994","212.667",2021,15,"Russian Grand Prix",2021-09-26,"12:00:00","leclerc","16","LEC","Charles","Leclerc",1997-10-16,"Monegasque","ferrari","Ferrari","Italian","+1 Lap","sochi","Sochi Autodrom","Sochi","Russia",43.4057,39.9578,"2"
71,4,6,20,951,23002,5,7,"\N","R",20,0,0,"\N","\N","\N","0","\N","\N",2016,4,"Russian Grand Prix",2016-05-01,"12:00:00","vettel","5","VET","Sebastian","Vettel",1987-07-03,"German","ferrari","Ferrari","Italian","Collision","sochi","Sochi Autodrom","Sochi","Russia",43.4057,39.9578,"2"
71,1,6,844,1025,24508,16,1,"3","3",3,15,53,"+5.212","5624204","52","2","1:36.193","218.860",2019,16,"Russian Grand Prix",2019-09-29,"11:10:00","leclerc","16","LEC","Charles","Leclerc",1997-10-16,"Monegasque","ferrari","Ferrari","Italian","Finished","sochi","Sochi Autodrom","Sochi","Russia",43.4057,39.9578,"2"
71,1,3,822,951,22986,77,2,"4","4",4,12,53,"+50.217","5612214","37","6","1:41.159","208.115",2016,4,"Russian Grand Prix",2016-05-01,"12:00:00","bottas","77","BOT","Valtteri","Bottas",1989-08-28,"Finnish","williams","Williams","British","Finished","sochi","Sochi Autodrom","Sochi","Russia",43.4057,39.9578,"2"
71,1,4,807,972,23446,27,8,"8","8",8,4,52,"+1:36.188","5384931","52","7","1:38.418","213.912",2017,4,"Russian Grand Prix",2017-04-30,"12:00:00","hulkenberg","27","HUL","Nico","Hülkenberg",1987-08-19,"German","renault","Renault","French","Finished","sochi","Sochi Autodrom","Sochi","Russia",43.4057,39.9578,"2"
71,1,1,825,915,22465,20,11,"5","5",5,10,53,"+53.616","5564360","44","14","1:43.076","204.245",2014,16,"Russian Grand Prix",2014-10-12,"11:00:00","kevin_magnussen","20","MAG","Kevin","Magnussen",1992-10-05,"Danish","mclaren","McLaren","British","Finished","sochi","Sochi Autodrom","Sochi","Russia",43.4057,39.9578,"2"
71,11,15,828,951,22996,9,22,"14","14",14,0,52,"\N","\N","45","14","1:42.050","206.298",2016,4,"Russian Grand Prix",2016-05-01,"12:00:00","ericsson","9","ERI","Marcus","Ericsson",1990-09-02,"Swedish","sauber","Sauber","Swiss","+1 Lap","sochi","Sochi Autodrom","Sochi","Russia",43.4057,39.9578,"2"
71,11,5,826,972,23450,26,12,"12","12",12,0,51,"\N","\N","50","5","1:38.300","214.168",2017,4,"Russian Grand Prix",2017-04-30,"12:00:00","kvyat","26","KVY","Daniil","Kvyat",1994-04-26,"Russian","toro_rosso","Toro Rosso","Italian","+1 Lap","sochi","Sochi Autodrom","Sochi","Russia",43.4057,39.9578,"2"
71,11,15,831,951,22998,12,19,"16","16",16,0,52,"\N","\N","50","16","1:42.253","205.889",2016,4,"Russian Grand Prix",2016-05-01,"12:00:00","nasr","12","NAS","Felipe","Nasr",1992-08-21,"Brazilian","sauber","Sauber","Swiss","+1 Lap","sochi","Sochi Autodrom","Sochi","Russia",43.4057,39.9578,"2"
71,1,131,1,1025,24506,44,2,"1","1",1,26,53,"1:33:38.992","5618992","51","1","1:35.761","219.847",2019,16,"Russian Grand Prix",2019-09-29,"11:10:00","hamilton","44","HAM","Lewis","Hamilton",1985-01-07,"British","mercedes","Mercedes","German","Finished","sochi","Sochi Autodrom","Sochi","Russia",43.4057,39.9578,"2"
71,12,3,845,1004,24100,35,13,"18","18",18,0,51,"\N","\N","43","17","1:39.838","210.869",2018,16,"Russian Grand Prix",2018-09-30,"11:10:00","sirotkin","35","SIR","Sergey","Sirotkin",1995-08-27,"Russian","williams","Williams","British","+2 Laps","sochi","Sochi Autodrom","Sochi","Russia",43.4057,39.9578,"2"
71,11,5,826,915,22474,26,5,"14","14",14,0,52,"\N","\N","52","5","1:42.022","206.355",2014,16,"Russian Grand Prix",2014-10-12,"11:00:00","kvyat","26","KVY","Daniil","Kvyat",1994-04-26,"Russian","toro_rosso","Toro Rosso","Italian","+1 Lap","sochi","Sochi Autodrom","Sochi","Russia",43.4057,39.9578,"2"
71,4,210,154,1025,24525,8,8,"\N","R",20,0,0,"\N","\N","\N","0","\N","\N",2019,16,"Russian Grand Prix",2019-09-29,"11:10:00","grosjean","8","GRO","Romain","Grosjean",1986-04-17,"French","haas","Haas F1 Team","American","Collision","sochi","Sochi Autodrom","Sochi","Russia",43.4057,39.9578,"2"
71,11,9,817,951,22993,3,5,"11","11",11,0,52,"\N","\N","46","7","1:41.179","208.074",2016,4,"Russian Grand Prix",2016-05-01,"12:00:00","ricciardo","3","RIC","Daniel","Ricciardo",1989-07-01,"Australian","red_bull","Red Bull","Austrian","+1 Lap","sochi","Sochi Autodrom","Sochi","Russia",43.4057,39.9578,"2"
71,1,6,844,1040,24811,16,10,"6","6",6,8,53,"+1:02.186","5702550","47","11","1:39.053","212.540",2020,10,"Russian Grand Prix",2020-09-27,"11:10:00","leclerc","16","LEC","Charles","Leclerc",1997-10-16,"Monegasque","ferrari","Ferrari","Italian","Finished","sochi","Sochi Autodrom","Sochi","Russia",43.4057,39.9578,"2"
71,11,1,4,1004,24096,14,16,"14","14",14,0,52,"\N","\N","44","15","1:39.590","211.394",2018,16,"Russian Grand Prix",2018-09-30,"11:10:00","alonso","14","ALO","Fernando","Alonso",1981-07-29,"Spanish","mclaren","McLaren","British","+1 Lap","sochi","Sochi Autodrom","Sochi","Russia",43.4057,39.9578,"2"
71,11,9,826,951,22997,26,8,"15","15",15,0,52,"\N","\N","44","17","1:42.344","205.706",2016,4,"Russian Grand Prix",2016-05-01,"12:00:00","kvyat","26","KVY","Daniil","Kvyat",1994-04-26,"Russian","red_bull","Red Bull","Austrian","+1 Lap","sochi","Sochi Autodrom","Sochi","Russia",43.4057,39.9578,"2"
71,4,10,807,951,23003,27,13,"\N","R",21,0,0,"\N","\N","\N","0","\N","\N",2016,4,"Russian Grand Prix",2016-05-01,"12:00:00","hulkenberg","27","HUL","Nico","Hülkenberg",1987-08-19,"German","force_india","Force India","Indian","Collision","sochi","Sochi Autodrom","Sochi","Russia",43.4057,39.9578,"2"
71,11,117,20,1066,25257,5,10,"12","12",12,0,52,"\N","\N","44","11","1:39.251","212.116",2021,15,"Russian Grand Prix",2021-09-26,"12:00:00","vettel","5","VET","Sebastian","Vettel",1987-07-03,"German","aston_martin","Aston Martin","British","+1 Lap","sochi","Sochi Autodrom","Sochi","Russia",43.4057,39.9578,"2"
71,1,131,1,915,22461,44,1,"1","1",1,25,53,"1:31:50.744","5510744","48","3","1:41.606","207.200",2014,16,"Russian Grand Prix",2014-10-12,"11:00:00","hamilton","44","HAM","Lewis","Hamilton",1985-01-07,"British","mercedes","Mercedes","German","Finished","sochi","Sochi Autodrom","Sochi","Russia",43.4057,39.9578,"2"
71,1,9,848,1025,24510,23,0,"5","5",5,10,53,"+38.348","5657340","50","4","1:36.762","217.573",2019,16,"Russian Grand Prix",2019-09-29,"11:10:00","albon","23","ALB","Alexander","Albon",1996-03-23,"Thai","red_bull","Red Bull","Austrian","Finished","sochi","Sochi Autodrom","Sochi","Russia",43.4057,39.9578,"2"
71,1,6,8,972,23441,7,2,"3","3",3,15,52,"+11.000","5299743","49","1","1:36.844","217.388",2017,4,"Russian Grand Prix",2017-04-30,"12:00:00","raikkonen","7","RAI","Kimi","Räikkönen",1979-10-17,"Finnish","ferrari","Ferrari","Italian","Finished","sochi","Sochi Autodrom","Sochi","Russia",43.4057,39.9578,"2"
71,11,210,154,951,22990,8,15,"8","8",8,4,52,"\N","\N","51","12","1:42.026","206.347",2016,4,"Russian Grand Prix",2016-05-01,"12:00:00","grosjean","8","GRO","Romain","Grosjean",1986-04-17,"French","haas","Haas F1 Team","American","+1 Lap","sochi","Sochi Autodrom","Sochi","Russia",43.4057,39.9578,"2"
71,11,4,835,951,22995,30,18,"13","13",13,0,52,"\N","\N","37","19","1:42.660","205.073",2016,4,"Russian Grand Prix",2016-05-01,"12:00:00","jolyon_palmer","30","PAL","Jolyon","Palmer",1991-01-20,"British","renault","Renault","French","+1 Lap","sochi","Sochi Autodrom","Sochi","Russia",43.4057,39.9578,"2"
71,11,51,8,1040,24819,7,19,"14","14",14,0,52,"\N","\N","37","10","1:38.858","212.960",2020,10,"Russian Grand Prix",2020-09-27,"11:10:00","raikkonen","7","RAI","Kimi","Räikkönen",1979-10-17,"Finnish","alfa","Alfa Romeo","Swiss","+1 Lap","sochi","Sochi Autodrom","Sochi","Russia",43.4057,39.9578,"2"
71,22,206,820,915,22481,4,20,"\N","R",21,0,9,"\N","\N","8","21","1:48.268","194.450",2014,16,"Russian Grand Prix",2014-10-12,"11:00:00","chilton","4","CHI","Max","Chilton",1991-04-21,"British","marussia","Marussia","Russian","Suspension","sochi","Sochi Autodrom","Sochi","Russia",43.4057,39.9578,"2"
71,11,15,16,915,22476,99,14,"16","16",16,0,52,"\N","\N","42","15","1:43.822","202.777",2014,16,"Russian Grand Prix",2014-10-12,"11:00:00","sutil","99","SUT","Adrian","Sutil",1983-01-11,"German","sauber","Sauber","Swiss","+1 Lap","sochi","Sochi Autodrom","Sochi","Russia",43.4057,39.9578,"2"
71,12,209,829,941,22829,28,17,"14","14",14,0,51,"\N","\N","50","16","1:44.926","200.644",2015,15,"Russian Grand Prix",2015-10-11,"11:00:00","stevens","28","STE","Will","Stevens",1991-06-28,"British","manor","Manor Marussia","British","+2 Laps","sochi","Sochi Autodrom","Sochi","Russia",43.4057,39.9578,"2"
71,1,213,842,1040,24814,10,9,"9","9",9,2,53,"+1:29.766","5730130","50","2","1:37.231","216.523",2020,10,"Russian Grand Prix",2020-09-27,"11:10:00","gasly","10","GAS","Pierre","Gasly",1996-02-07,"French","alphatauri","AlphaTauri","Italian","Finished","sochi","Sochi Autodrom","Sochi","Russia",43.4057,39.9578,"2"
71,4,4,835,972,23456,30,16,"\N","R",18,0,0,"\N","\N","\N","0","\N","\N",2017,4,"Russian Grand Prix",2017-04-30,"12:00:00","jolyon_palmer","30","PAL","Jolyon","Palmer",1991-01-20,"British","renault","Renault","French","Collision","sochi","Sochi Autodrom","Sochi","Russia",43.4057,39.9578,"2"
71,4,10,807,941,22834,27,6,"\N","R",19,0,0,"\N","\N","\N","0","\N","\N",2015,15,"Russian Grand Prix",2015-10-11,"11:00:00","hulkenberg","27","HUL","Nico","Hülkenberg",1987-08-19,"German","force_india","Force India","Indian","Collision","sochi","Sochi Autodrom","Sochi","Russia",43.4057,39.9578,"2"
71,11,15,828,1004,24095,9,10,"13","13",13,0,52,"\N","\N","39","7","1:37.931","214.975",2018,16,"Russian Grand Prix",2018-09-30,"11:10:00","ericsson","9","ERI","Marcus","Ericsson",1990-09-02,"Swedish","sauber","Sauber","Swiss","+1 Lap","sochi","Sochi Autodrom","Sochi","Russia",43.4057,39.9578,"2"
71,3,3,849,1066,25264,6,18,"19","19",19,0,47,"\N","\N","42","14","1:40.000","210.528",2021,15,"Russian Grand Prix",2021-09-26,"12:00:00","latifi","6","LAT","Nicholas","Latifi",1995-06-29,"Canadian","williams","Williams","British","Accident","sochi","Sochi Autodrom","Sochi","Russia",43.4057,39.9578,"2"
71,11,3,849,1040,24821,6,20,"16","16",16,0,52,"\N","\N","47","18","1:41.044","208.352",2020,10,"Russian Grand Prix",2020-09-27,"11:10:00","latifi","6","LAT","Nicholas","Latifi",1995-06-29,"Canadian","williams","Williams","British","+1 Lap","sochi","Sochi Autodrom","Sochi","Russia",43.4057,39.9578,"2"
71,1,1,18,941,22824,22,13,"9","9",9,2,53,"+1:19.467","5910491","53","13","1:43.068","204.261",2015,15,"Russian Grand Prix",2015-10-11,"11:00:00","button","22","BUT","Jenson","Button",1980-01-19,"British","mclaren","McLaren","British","Finished","sochi","Sochi Autodrom","Sochi","Russia",43.4057,39.9578,"2"
71,11,208,813,915,22478,13,21,"18","18",18,0,52,"\N","\N","50","17","1:44.030","202.372",2014,16,"Russian Grand Prix",2014-10-12,"11:00:00","maldonado","13","MAL","Pastor","Maldonado",1985-03-09,"Venezuelan","lotus_f1","Lotus F1","British","+1 Lap","sochi","Sochi Autodrom","Sochi","Russia",43.4057,39.9578,"2"
71,11,15,828,972,23453,9,18,"15","15",15,0,51,"\N","\N","48","15","1:39.835","210.875",2017,4,"Russian Grand Prix",2017-04-30,"12:00:00","ericsson","9","ERI","Marcus","Ericsson",1990-09-02,"Swedish","sauber","Sauber","Swiss","+1 Lap","sochi","Sochi Autodrom","Sochi","Russia",43.4057,39.9578,"2"
71,1,9,815,1066,25254,11,8,"9","9",9,2,53,"+1:30.076","5531077","45","10","1:39.215","212.193",2021,15,"Russian Grand Prix",2021-09-26,"12:00:00","perez","11","PER","Sergio","Pérez",1990-01-26,"Mexican","red_bull","Red Bull","Austrian","Finished","sochi","Sochi Autodrom","Sochi","Russia",43.4057,39.9578,"2"
71,11,210,821,951,22999,21,16,"17","17",17,0,52,"\N","\N","52","18","1:42.378","205.637",2016,4,"Russian Grand Prix",2016-05-01,"12:00:00","gutierrez","21","GUT","Esteban","Gutiérrez",1991-08-05,"Mexican","haas","Haas F1 Team","American","+1 Lap","sochi","Sochi Autodrom","Sochi","Russia",43.4057,39.9578,"2"
71,11,209,833,941,22828,98,18,"13","13",13,0,52,"\N","\N","50","17","1:45.049","200.409",2015,15,"Russian Grand Prix",2015-10-11,"11:00:00","merhi","98","MER","Roberto","Merhi",1991-03-22,"Spanish","manor","Manor Marussia","British","+1 Lap","sochi","Sochi Autodrom","Sochi","Russia",43.4057,39.9578,"2"
71,1,131,3,951,22983,6,1,"1","1",1,25,53,"1:32:41.997","5561997","52","1","1:39.094","212.452",2016,4,"Russian Grand Prix",2016-05-01,"12:00:00","rosberg","6","ROS","Nico","Rosberg",1985-06-27,"German","mercedes","Mercedes","German","Finished","sochi","Sochi Autodrom","Sochi","Russia",43.4057,39.9578,"2"
71,1,131,1,1004,24083,44,2,"1","1",1,25,53,"1:27:25.181","5245181","50","2","1:35.916","219.492",2018,16,"Russian Grand Prix",2018-09-30,"11:10:00","hamilton","44","HAM","Lewis","Hamilton",1985-01-07,"British","mercedes","Mercedes","German","Finished","sochi","Sochi Autodrom","Sochi","Russia",43.4057,39.9578,"2"
71,1,4,817,1040,24810,3,5,"5","5",5,10,53,"+52.065","5692429","53","6","1:37.886","215.074",2020,10,"Russian Grand Prix",2020-09-27,"11:10:00","ricciardo","3","RIC","Daniel","Ricciardo",1989-07-01,"Australian","renault","Renault","French","Finished","sochi","Sochi Autodrom","Sochi","Russia",43.4057,39.9578,"2"
71,1,131,822,972,23439,77,3,"1","1",1,25,52,"1:28:08.743","5288743","49","3","1:37.367","216.221",2017,4,"Russian Grand Prix",2017-04-30,"12:00:00","bottas","77","BOT","Valtteri","Bottas",1989-08-28,"Finnish","mercedes","Mercedes","German","Finished","sochi","Sochi Autodrom","Sochi","Russia",43.4057,39.9578,"2"
71,1,1,4,941,22826,14,19,"11","11",11,0,53,"+1:31.210","5922234","29","12","1:42.639","205.115",2015,15,"Russian Grand Prix",2015-10-11,"11:00:00","alonso","14","ALO","Fernando","Alonso",1981-07-29,"Spanish","mclaren","McLaren","British","Finished","sochi","Sochi Autodrom","Sochi","Russia",43.4057,39.9578,"2"
71,1,131,822,1040,24806,77,3,"1","1",1,26,53,"1:34:00.364","5640364","51","1","1:37.030","216.972",2020,10,"Russian Grand Prix",2020-09-27,"11:10:00","bottas","77","BOT","Valtteri","Bottas",1989-08-28,"Finnish","mercedes","Mercedes","German","Finished","sochi","Sochi Autodrom","Sochi","Russia",43.4057,39.9578,"2"
71,1,10,815,941,22818,11,7,"3","3",3,15,53,"+28.918","5859942","48","9","1:41.772","206.862",2015,15,"Russian Grand Prix",2015-10-11,"11:00:00","perez","11","PER","Sergio","Pérez",1990-01-26,"Mexican","force_india","Force India","Indian","Finished","sochi","Sochi Autodrom","Sochi","Russia",43.4057,39.9578,"2"
71,11,210,825,1004,24090,20,5,"8","8",8,4,52,"\N","\N","52","8","1:38.015","214.791",2018,16,"Russian Grand Prix",2018-09-30,"11:10:00","kevin_magnussen","20","MAG","Kevin","Magnussen",1992-10-05,"Danish","haas","Haas F1 Team","American","+1 Lap","sochi","Sochi Autodrom","Sochi","Russia",43.4057,39.9578,"2"
71,1,5,842,1025,24519,10,16,"14","14",14,0,53,"+1:10.076","5689068","51","14","1:38.606","213.504",2019,16,"Russian Grand Prix",2019-09-29,"11:10:00","gasly","10","GAS","Pierre","Gasly",1996-02-07,"French","toro_rosso","Toro Rosso","Italian","Finished","sochi","Sochi Autodrom","Sochi","Russia",43.4057,39.9578,"2"
71,11,6,20,1040,24818,5,14,"13","13",13,0,52,"\N","\N","46","14","1:39.588","211.398",2020,10,"Russian Grand Prix",2020-09-27,"11:10:00","vettel","5","VET","Sebastian","Vettel",1987-07-03,"German","ferrari","Ferrari","Italian","+1 Lap","sochi","Sochi Autodrom","Sochi","Russia",43.4057,39.9578,"2"
71,1,51,8,1025,24518,7,15,"13","13",13,0,53,"+1:08.910","5687902","51","13","1:38.589","213.541",2019,16,"Russian Grand Prix",2019-09-29,"11:10:00","raikkonen","7","RAI","Kimi","Räikkönen",1979-10-17,"Finnish","alfa","Alfa Romeo","Swiss","Finished","sochi","Sochi Autodrom","Sochi","Russia",43.4057,39.9578,"2"
71,1,9,817,915,22467,3,6,"7","7",7,6,53,"+1:01.812","5572556","50","13","1:43.050","204.296",2014,16,"Russian Grand Prix",2014-10-12,"11:00:00","ricciardo","3","RIC","Daniel","Ricciardo",1989-07-01,"Australian","red_bull","Red Bull","Austrian","Finished","sochi","Sochi Autodrom","Sochi","Russia",43.4057,39.9578,"2"
71,12,4,832,1004,24099,55,11,"17","17",17,0,51,"\N","\N","35","16","1:39.731","211.095",2018,16,"Russian Grand Prix",2018-09-30,"11:10:00","sainz","55","SAI","Carlos","Sainz",1994-09-01,"Spanish","renault","Renault","French","+2 Laps","sochi","Sochi Autodrom","Sochi","Russia",43.4057,39.9578,"2"
71,1,51,8,1066,25253,7,13,"8","8",8,4,53,"+1:28.955","5529956","34","16","1:40.289","209.921",2021,15,"Russian Grand Prix",2021-09-26,"12:00:00","raikkonen","7","RAI","Kimi","Räikkönen",1979-10-17,"Finnish","alfa","Alfa Romeo","Swiss","Finished","sochi","Sochi Autodrom","Sochi","Russia",43.4057,39.9578,"2"
71,37,131,3,941,22833,6,1,"\N","R",18,0,7,"\N","\N","6","14","1:43.133","204.132",2015,15,"Russian Grand Prix",2015-10-11,"11:00:00","rosberg","6","ROS","Nico","Rosberg",1985-06-27,"German","mercedes","Mercedes","German","Throttle","sochi","Sochi Autodrom","Sochi","Russia",43.4057,39.9578,"2"
71,1,3,13,951,22987,19,4,"5","5",5,10,53,"+1:14.427","5636424","52","2","1:39.743","211.070",2016,4,"Russian Grand Prix",2016-05-01,"12:00:00","massa","19","MAS","Felipe","Massa",1981-04-25,"Brazilian","williams","Williams","British","Finished","sochi","Sochi Autodrom","Sochi","Russia",43.4057,39.9578,"2"
71,11,5,832,972,23448,55,14,"10","10",10,1,51,"\N","\N","51","11","1:38.858","212.960",2017,4,"Russian Grand Prix",2017-04-30,"12:00:00","sainz","55","SAI","Carlos","Sainz",1994-09-01,"Spanish","toro_rosso","Toro Rosso","Italian","+1 Lap","sochi","Sochi Autodrom","Sochi","Russia",43.4057,39.9578,"2"
71,11,15,821,915,22475,21,13,"15","15",15,0,52,"\N","\N","45","18","1:44.075","202.284",2014,16,"Russian Grand Prix",2014-10-12,"11:00:00","gutierrez","21","GUT","Esteban","Gutiérrez",1991-08-05,"Mexican","sauber","Sauber","Swiss","+1 Lap","sochi","Sochi Autodrom","Sochi","Russia",43.4057,39.9578,"2"
71,1,9,830,1040,24807,33,2,"2","2",2,18,53,"+7.729","5648093","53","3","1:37.332","216.298",2020,10,"Russian Grand Prix",2020-09-27,"11:10:00","max_verstappen","33","VER","Max","Verstappen",1997-09-30,"Dutch","red_bull","Red Bull","Austrian","Finished","sochi","Sochi Autodrom","Sochi","Russia",43.4057,39.9578,"2"
71,11,4,807,1004,24094,27,12,"12","12",12,0,52,"\N","\N","52","13","1:39.108","212.422",2018,16,"Russian Grand Prix",2018-09-30,"11:10:00","hulkenberg","27","HUL","Nico","Hülkenberg",1987-08-19,"German","renault","Renault","French","+1 Lap","sochi","Sochi Autodrom","Sochi","Russia",43.4057,39.9578,"2"
71,1,3,13,941,22819,19,15,"4","4",4,12,53,"+38.831","5869855","48","4","1:40.881","208.689",2015,15,"Russian Grand Prix",2015-10-11,"11:00:00","massa","19","MAS","Felipe","Massa",1981-04-25,"Brazilian","williams","Williams","British","Finished","sochi","Sochi Autodrom","Sochi","Russia",43.4057,39.9578,"2"
71,1,211,815,1025,24512,11,11,"7","7",7,6,53,"+48.728","5667720","49","7","1:38.043","214.730",2019,16,"Russian Grand Prix",2019-09-29,"11:10:00","perez","11","PER","Sergio","Pérez",1990-01-26,"Mexican","racing_point","Racing Point","British","Finished","sochi","Sochi Autodrom","Sochi","Russia",43.4057,39.9578,"2"
71,1,10,815,915,22470,11,12,"10","10",10,1,53,"+1:20.067","5590811","47","12","1:42.924","204.547",2014,16,"Russian Grand Prix",2014-10-12,"11:00:00","perez","11","PER","Sergio","Pérez",1990-01-26,"Mexican","force_india","Force India","Indian","Finished","sochi","Sochi Autodrom","Sochi","Russia",43.4057,39.9578,"2"
71,1,9,817,1004,24088,3,18,"6","6",6,8,53,"+1:20.451","5325632","41","5","1:36.345","218.514",2018,16,"Russian Grand Prix",2018-09-30,"11:10:00","ricciardo","3","RIC","Daniel","Ricciardo",1989-07-01,"Australian","red_bull","Red Bull","Austrian","Finished","sochi","Sochi Autodrom","Sochi","Russia",43.4057,39.9578,"2"
71,1,4,807,1025,24515,27,6,"10","10",10,1,53,"+59.841","5678833","53","12","1:38.519","213.692",2019,16,"Russian Grand Prix",2019-09-29,"11:10:00","hulkenberg","27","HUL","Nico","Hülkenberg",1987-08-19,"German","renault","Renault","French","Finished","sochi","Sochi Autodrom","Sochi","Russia",43.4057,39.9578,"2"
71,22,9,817,941,22830,3,10,"15","15",15,0,47,"\N","\N","43","10","1:41.888","206.626",2015,15,"Russian Grand Prix",2015-10-11,"11:00:00","ricciardo","3","RIC","Daniel","Ricciardo",1989-07-01,"Australian","red_bull","Red Bull","Austrian","Suspension","sochi","Sochi Autodrom","Sochi","Russia",43.4057,39.9578,"2"
71,4,211,840,1040,24825,18,12,"\N","R",20,0,0,"\N","\N","\N","0","\N","\N",2020,10,"Russian Grand Prix",2020-09-27,"11:10:00","stroll","18","STR","Lance","Stroll",1998-10-29,"Canadian","racing_point","Racing Point","British","Collision","sochi","Sochi Autodrom","Sochi","Russia",43.4057,39.9578,"2"
71,1,210,825,1025,24514,20,13,"9","9",9,2,53,"+58.779","5677771","53","8","1:38.130","214.539",2019,16,"Russian Grand Prix",2019-09-29,"11:10:00","kevin_magnussen","20","MAG","Kevin","Magnussen",1992-10-05,"Danish","haas","Haas F1 Team","American","Finished","sochi","Sochi Autodrom","Sochi","Russia",43.4057,39.9578,"2"
71,1,131,822,1004,24084,77,1,"2","2",2,18,53,"+2.545","5247726","50","1","1:35.861","219.617",2018,16,"Russian Grand Prix",2018-09-30,"11:10:00","bottas","77","BOT","Valtteri","Bottas",1989-08-28,"Finnish","mercedes","Mercedes","German","Finished","sochi","Sochi Autodrom","Sochi","Russia",43.4057,39.9578,"2"
71,1,5,830,941,22825,33,9,"10","10",10,1,53,"+1:28.424","5919448","45","15","1:43.265","203.871",2015,15,"Russian Grand Prix",2015-10-11,"11:00:00","max_verstappen","33","VER","Max","Verstappen",1997-09-30,"Dutch","toro_rosso","Toro Rosso","Italian","Finished","sochi","Sochi Autodrom","Sochi","Russia",43.4057,39.9578,"2"
71,11,210,825,1040,24817,20,18,"12","12",12,0,52,"\N","\N","52","17","1:40.380","209.731",2020,10,"Russian Grand Prix",2020-09-27,"11:10:00","kevin_magnussen","20","MAG","Kevin","Magnussen",1992-10-05,"Danish","haas","Haas F1 Team","American","+1 Lap","sochi","Sochi Autodrom","Sochi","Russia",43.4057,39.9578,"2"
71,11,3,840,1004,24097,18,14,"15","15",15,0,52,"\N","\N","44","14","1:39.435","211.724",2018,16,"Russian Grand Prix",2018-09-30,"11:10:00","stroll","18","STR","Lance","Stroll",1998-10-29,"Canadian","williams","Williams","British","+1 Lap","sochi","Sochi Autodrom","Sochi","Russia",43.4057,39.9578,"2"
71,11,5,832,951,22994,55,11,"12","12",12,0,52,"\N","\N","41","15","1:42.205","205.986",2016,4,"Russian Grand Prix",2016-05-01,"12:00:00","sainz","55","SAI","Carlos","Sainz",1994-09-01,"Spanish","toro_rosso","Toro Rosso","Italian","+1 Lap","sochi","Sochi Autodrom","Sochi","Russia",43.4057,39.9578,"2"
71,11,210,154,1004,24093,8,9,"11","11",11,0,52,"\N","\N","46","10","1:38.244","214.290",2018,16,"Russian Grand Prix",2018-09-30,"11:10:00","grosjean","8","GRO","Romain","Grosjean",1986-04-17,"French","haas","Haas F1 Team","American","+1 Lap","sochi","Sochi Autodrom","Sochi","Russia",43.4057,39.9578,"2"
71,11,10,815,1004,24092,11,8,"10","10",10,1,52,"\N","\N","47","11","1:38.300","214.168",2018,16,"Russian Grand Prix",2018-09-30,"11:10:00","perez","11","PER","Sergio","Pérez",1990-01-26,"Mexican","force_india","Force India","Indian","+1 Lap","sochi","Sochi Autodrom","Sochi","Russia",43.4057,39.9578,"2"
71,1,9,830,1025,24509,33,9,"4","4",4,12,53,"+14.210","5633202","47","5","1:36.937","217.180",2019,16,"Russian Grand Prix",2019-09-29,"11:10:00","max_verstappen","33","VER","Max","Verstappen",1997-09-30,"Dutch","red_bull","Red Bull","Austrian","Finished","sochi","Sochi Autodrom","Sochi","Russia",43.4057,39.9578,"2"
71,1,214,4,1066,25251,14,6,"6","6",6,8,53,"+1:21.321","5522322","44","6","1:38.686","213.331",2021,15,"Russian Grand Prix",2021-09-26,"12:00:00","alonso","14","ALO","Fernando","Alonso",1981-07-29,"Spanish","alpine","Alpine F1 Team","French","Finished","sochi","Sochi Autodrom","Sochi","Russia",43.4057,39.9578,"2"
71,11,51,841,1040,24816,99,17,"11","11",11,0,52,"\N","\N","44","16","1:39.766","211.021",2020,10,"Russian Grand Prix",2020-09-27,"11:10:00","giovinazzi","99","GIO","Antonio","Giovinazzi",1993-12-14,"Italian","alfa","Alfa Romeo","Swiss","+1 Lap","sochi","Sochi Autodrom","Sochi","Russia",43.4057,39.9578,"2"
71,1,9,826,941,22836,26,11,"5","5",5,10,53,"+47.566","5878590","\N","0","\N","\N",2015,15,"Russian Grand Prix",2015-10-11,"11:00:00","kvyat","26","KVY","Daniil","Kvyat",1994-04-26,"Russian","red_bull","Red Bull","Austrian","Finished","sochi","Sochi Autodrom","Sochi","Russia",43.4057,39.9578,"2"
71,12,15,836,972,23454,94,17,"16","16",16,0,50,"\N","\N","37","16","1:40.922","208.604",2017,4,"Russian Grand Prix",2017-04-30,"12:00:00","wehrlein","94","WEH","Pascal","Wehrlein",1994-10-18,"German","sauber","Sauber","Swiss","+2 Laps","sochi","Sochi Autodrom","Sochi","Russia",43.4057,39.9578,"2"
71,1,9,848,1040,24815,23,15,"10","10",10,1,53,"+1:37.860","5738224","51","9","1:38.377","214.001",2020,10,"Russian Grand Prix",2020-09-27,"11:10:00","albon","23","ALB","Alexander","Albon",1996-03-23,"Thai","red_bull","Red Bull","Austrian","Finished","sochi","Sochi Autodrom","Sochi","Russia",43.4057,39.9578,"2"
71,1,131,1,951,22984,44,10,"2","2",2,18,53,"+25.022","5587019","36","4","1:40.266","209.969",2016,4,"Russian Grand Prix",2016-05-01,"12:00:00","hamilton","44","HAM","Lewis","Hamilton",1985-01-07,"British","mercedes","Mercedes","German","Finished","sochi","Sochi Autodrom","Sochi","Russia",43.4057,39.9578,"2"
71,1,1,846,1025,24513,4,7,"8","8",8,4,53,"+57.749","5676741","52","11","1:38.301","214.166",2019,16,"Russian Grand Prix",2019-09-29,"11:10:00","norris","4","NOR","Lando","Norris",1999-11-13,"British","mclaren","McLaren","British","Finished","sochi","Sochi Autodrom","Sochi","Russia",43.4057,39.9578,"2"
71,23,3,847,1025,24522,63,17,"\N","R",17,0,27,"\N","\N","18","18","1:41.705","206.998",2019,16,"Russian Grand Prix",2019-09-29,"11:10:00","russell","63","RUS","George","Russell",1998-02-15,"British","williams","Williams","British","Brakes","sochi","Sochi Autodrom","Sochi","Russia",43.4057,39.9578,"2"
71,11,213,842,1066,25258,10,11,"13","13",13,0,52,"\N","\N","35","4","1:38.279","214.214",2021,15,"Russian Grand Prix",2021-09-26,"12:00:00","gasly","10","GAS","Pierre","Gasly",1996-02-07,"French","alphatauri","AlphaTauri","Italian","+1 Lap","sochi","Sochi Autodrom","Sochi","Russia",43.4057,39.9578,"2"
71,1,5,818,915,22473,25,9,"13","13",13,0,53,"+1:37.295","5608039","53","7","1:42.550","205.293",2014,16,"Russian Grand Prix",2014-10-12,"11:00:00","vergne","25","VER","Jean-Éric","Vergne",1990-04-25,"French","toro_rosso","Toro Rosso","Italian","Finished","sochi","Sochi Autodrom","Sochi","Russia",43.4057,39.9578,"2"
71,12,1,838,1004,24098,2,15,"16","16",16,0,51,"\N","\N","41","18","1:39.922","210.692",2018,16,"Russian Grand Prix",2018-09-30,"11:10:00","vandoorne","2","VAN","Stoffel","Vandoorne",1992-03-26,"Belgian","mclaren","McLaren","British","+2 Laps","sochi","Sochi Autodrom","Sochi","Russia",43.4057,39.9578,"2"
71,1,6,8,915,22469,7,8,"9","9",9,2,53,"+1:18.877","5589621","45","11","1:42.919","204.556",2014,16,"Russian Grand Prix",2014-10-12,"11:00:00","raikkonen","7","RAI","Kimi","Räikkönen",1979-10-17,"Finnish","ferrari","Ferrari","Italian","Finished","sochi","Sochi Autodrom","Sochi","Russia",43.4057,39.9578,"2"
71,1,6,8,941,22820,7,5,"8","8",8,4,53,"+1:12.358","5903382","48","2","1:40.294","209.910",2015,15,"Russian Grand Prix",2015-10-11,"11:00:00","raikkonen","7","RAI","Kimi","Räikkönen",1979-10-17,"Finnish","ferrari","Ferrari","Italian","Finished","sochi","Sochi Autodrom","Sochi","Russia",43.4057,39.9578,"2"
71,1,131,1,1066,25246,44,4,"1","1",1,25,53,"1:30:41.001","5441001","43","2","1:37.575","215.760",2021,15,"Russian Grand Prix",2021-09-26,"12:00:00","hamilton","44","HAM","Lewis","Hamilton",1985-01-07,"British","mercedes","Mercedes","German","Finished","sochi","Sochi Autodrom","Sochi","Russia",43.4057,39.9578,"2"
71,1,10,839,972,23445,31,10,"7","7",7,6,52,"+1:35.004","5383747","50","10","1:38.745","213.203",2017,4,"Russian Grand Prix",2017-04-30,"12:00:00","ocon","31","OCO","Esteban","Ocon",1996-09-17,"French","force_india","Force India","Indian","Finished","sochi","Sochi Autodrom","Sochi","Russia",43.4057,39.9578,"2"
71,1,3,13,915,22471,19,18,"11","11",11,0,53,"+1:20.877","5591621","47","10","1:42.879","204.636",2014,16,"Russian Grand Prix",2014-10-12,"11:00:00","massa","19","MAS","Felipe","Massa",1981-04-25,"Brazilian","williams","Williams","British","Finished","sochi","Sochi Autodrom","Sochi","Russia",43.4057,39.9578,"2"
71,1,15,831,941,22821,12,12,"6","6",6,8,53,"+56.508","5887532","52","6","1:41.372","207.678",2015,15,"Russian Grand Prix",2015-10-11,"11:00:00","nasr","12","NAS","Felipe","Nasr",1992-08-21,"Brazilian","sauber","Sauber","Swiss","Finished","sochi","Sochi Autodrom","Sochi","Russia",43.4057,39.9578,"2"
71,1,131,1,972,23442,44,4,"4","4",4,12,52,"+36.320","5325063","18","6","1:38.398","213.955",2017,4,"Russian Grand Prix",2017-04-30,"12:00:00","hamilton","44","HAM","Lewis","Hamilton",1985-01-07,"British","mercedes","Mercedes","German","Finished","sochi","Sochi Autodrom","Sochi","Russia",43.4057,39.9578,"2"
71,23,5,842,1004,24101,10,17,"\N","R",19,0,4,"\N","\N","3","19","1:44.071","202.292",2018,16,"Russian Grand Prix",2018-09-30,"11:10:00","gasly","10","GAS","Pierre","Gasly",1996-02-07,"French","toro_rosso","Toro Rosso","Italian","Brakes","sochi","Sochi Autodrom","Sochi","Russia",43.4057,39.9578,"2"
71,1,6,832,1066,25248,55,2,"3","3",3,15,53,"+1:02.475","5503476","40","12","1:39.294","212.024",2021,15,"Russian Grand Prix",2021-09-26,"12:00:00","sainz","55","SAI","Carlos","Sainz",1994-09-01,"Spanish","ferrari","Ferrari","Italian","Finished","sochi","Sochi Autodrom","Sochi","Russia",43.4057,39.9578,"2"
71,3,1,832,1040,24824,55,6,"\N","R",19,0,0,"\N","\N","\N","0","\N","\N",2020,10,"Russian Grand Prix",2020-09-27,"11:10:00","sainz","55","SAI","Carlos","Sainz",1994-09-01,"Spanish","mclaren","McLaren","British","Accident","sochi","Sochi Autodrom","Sochi","Russia",43.4057,39.9578,"2"
71,1,6,20,972,23440,5,1,"2","2",2,18,52,"+0.617","5289360","49","2","1:37.312","216.343",2017,4,"Russian Grand Prix",2017-04-30,"12:00:00","vettel","5","VET","Sebastian","Vettel",1987-07-03,"German","ferrari","Ferrari","Italian","Finished","sochi","Sochi Autodrom","Sochi","Russia",43.4057,39.9578,"2"
71,4,210,154,972,23457,8,19,"\N","R",19,0,0,"\N","\N","\N","0","\N","\N",2017,4,"Russian Grand Prix",2017-04-30,"12:00:00","grosjean","8","GRO","Romain","Grosjean",1986-04-17,"French","haas","Haas F1 Team","American","Collision","sochi","Sochi Autodrom","Sochi","Russia",43.4057,39.9578,"2"
71,11,10,815,951,22991,11,6,"9","9",9,2,52,"\N","\N","47","10","1:41.897","206.608",2016,4,"Russian Grand Prix",2016-05-01,"12:00:00","perez","11","PER","Sergio","Pérez",1990-01-26,"Mexican","force_india","Force India","Indian","+1 Lap","sochi","Sochi Autodrom","Sochi","Russia",43.4057,39.9578,"2"
71,4,15,828,941,22835,9,17,"\N","R",20,0,0,"\N","\N","\N","0","\N","\N",2015,15,"Russian Grand Prix",2015-10-11,"11:00:00","ericsson","9","ERI","Marcus","Ericsson",1990-09-02,"Swedish","sauber","Sauber","Swiss","Collision","sochi","Sochi Autodrom","Sochi","Russia",43.4057,39.9578,"2"
71,1,15,844,1004,24089,16,7,"7","7",7,6,53,"+1:38.390","5343571","52","9","1:38.107","214.590",2018,16,"Russian Grand Prix",2018-09-30,"11:10:00","leclerc","16","LEC","Charles","Leclerc",1997-10-16,"Monegasque","sauber","Sauber","Swiss","Finished","sochi","Sochi Autodrom","Sochi","Russia",43.4057,39.9578,"2"
71,11,3,13,972,23447,19,6,"9","9",9,2,51,"\N","\N","45","4","1:38.232","214.317",2017,4,"Russian Grand Prix",2017-04-30,"12:00:00","massa","19","MAS","Felipe","Massa",1981-04-25,"Brazilian","williams","Williams","British","+1 Lap","sochi","Sochi Autodrom","Sochi","Russia",43.4057,39.9578,"2"
71,1,131,1,1040,24808,44,1,"3","3",3,15,53,"+22.729","5663093","48","7","1:38.075","214.660",2020,10,"Russian Grand Prix",2020-09-27,"11:10:00","hamilton","44","HAM","Lewis","Hamilton",1985-01-07,"British","mercedes","Mercedes","German","Finished","sochi","Sochi Autodrom","Sochi","Russia",43.4057,39.9578,"2"
71,1,10,807,915,22472,27,17,"12","12",12,0,53,"+1:21.309","5592053","50","9","1:42.685","205.023",2014,16,"Russian Grand Prix",2014-10-12,"11:00:00","hulkenberg","27","HUL","Nico","Hülkenberg",1987-08-19,"German","force_india","Force India","Indian","Finished","sochi","Sochi Autodrom","Sochi","Russia",43.4057,39.9578,"2"
71,1,9,830,1004,24087,33,19,"5","5",5,10,53,"+31.016","5276197","45","4","1:36.283","218.655",2018,16,"Russian Grand Prix",2018-09-30,"11:10:00","max_verstappen","33","VER","Max","Verstappen",1997-09-30,"Dutch","red_bull","Red Bull","Austrian","Finished","sochi","Sochi Autodrom","Sochi","Russia",43.4057,39.9578,"2"
71,23,207,155,915,22480,10,19,"\N","R",20,0,21,"\N","\N","17","20","1:47.407","196.009",2014,16,"Russian Grand Prix",2014-10-12,"11:00:00","kobayashi","10","KOB","Kamui","Kobayashi",1986-09-13,"Japanese","caterham","Caterham","Malaysian","Brakes","sochi","Sochi Autodrom","Sochi","Russia",43.4057,39.9578,"2"
71,1,10,815,972,23444,11,9,"6","6",6,8,52,"+1:26.788","5375531","51","9","1:38.661","213.385",2017,4,"Russian Grand Prix",2017-04-30,"12:00:00","perez","11","PER","Sergio","Pérez",1990-01-26,"Mexican","force_india","Force India","Indian","Finished","sochi","Sochi Autodrom","Sochi","Russia",43.4057,39.9578,"2"
71,12,210,853,1066,25263,9,15,"18","18",18,0,51,"\N","\N","24","20","1:41.713","206.982",2021,15,"Russian Grand Prix",2021-09-26,"12:00:00","mazepin","9","MAZ","Nikita","Mazepin",1999-03-02,"Russian","haas","Haas F1 Team","American","+2 Laps","sochi","Sochi Autodrom","Sochi","Russia",43.4057,39.9578,"2"
71,11,208,154,915,22477,8,15,"17","17",17,0,52,"\N","\N","49","19","1:44.461","201.537",2014,16,"Russian Grand Prix",2014-10-12,"11:00:00","grosjean","8","GRO","Romain","Grosjean",1986-04-17,"French","lotus_f1","Lotus F1","British","+1 Lap","sochi","Sochi Autodrom","Sochi","Russia",43.4057,39.9578,"2"
71,4,4,817,1025,24524,3,10,"\N","R",19,0,24,"\N","\N","22","17","1:41.284","207.859",2019,16,"Russian Grand Prix",2019-09-29,"11:10:00","ricciardo","3","RIC","Daniel","Ricciardo",1989-07-01,"Australian","renault","Renault","French","Collision","sochi","Sochi Autodrom","Sochi","Russia",43.4057,39.9578,"2"
71,11,4,825,951,22989,20,17,"7","7",7,6,52,"\N","\N","50","9","1:41.832","206.740",2016,4,"Russian Grand Prix",2016-05-01,"12:00:00","kevin_magnussen","20","MAG","Kevin","Magnussen",1992-10-05,"Danish","renault","Renault","French","+1 Lap","sochi","Sochi Autodrom","Sochi","Russia",43.4057,39.9578,"2"
71,23,5,843,1004,24102,28,20,"\N","R",20,0,4,"\N","\N","2","20","1:45.852","198.889",2018,16,"Russian Grand Prix",2018-09-30,"11:10:00","brendon_hartley","28","HAR","Brendon","Hartley",1989-11-10,"New Zealander","toro_rosso","Toro Rosso","Italian","Brakes","sochi","Sochi Autodrom","Sochi","Russia",43.4057,39.9578,"2"
71,1,51,841,1025,24520,99,12,"15","15",15,0,53,"+1:13.346","5692338","51","16","1:38.696","213.309",2019,16,"Russian Grand Prix",2019-09-29,"11:10:00","giovinazzi","99","GIO","Antonio","Giovinazzi",1993-12-14,"Italian","alfa","Alfa Romeo","Swiss","Finished","sochi","Sochi Autodrom","Sochi","Russia",43.4057,39.9578,"2"
71,1,211,815,1040,24809,11,4,"4","4",4,12,53,"+30.558","5670922","52","8","1:38.141","214.515",2020,10,"Russian Grand Prix",2020-09-27,"11:10:00","perez","11","PER","Sergio","Pérez",1990-01-26,"Mexican","racing_point","Racing Point","British","Finished","sochi","Sochi Autodrom","Sochi","Russia",43.4057,39.9578,"2"
71,1,1,817,1066,25249,3,5,"4","4",4,12,53,"+1:05.607","5506608","24","9","1:39.124","212.388",2021,15,"Russian Grand Prix",2021-09-26,"12:00:00","ricciardo","3","RIC","Daniel","Ricciardo",1989-07-01,"Australian","mclaren","McLaren","British","Finished","sochi","Sochi Autodrom","Sochi","Russia",43.4057,39.9578,"2"
71,1,1,18,915,22464,22,4,"4","4",4,12,53,"+30.234","5540978","47","4","1:41.964","206.472",2014,16,"Russian Grand Prix",2014-10-12,"11:00:00","button","22","BUT","Jenson","Button",1980-01-19,"British","mclaren","McLaren","British","Finished","sochi","Sochi Autodrom","Sochi","Russia",43.4057,39.9578,"2"
71,1,131,3,915,22462,6,2,"2","2",2,18,53,"+13.657","5524401","52","2","1:41.360","207.703",2014,16,"Russian Grand Prix",2014-10-12,"11:00:00","rosberg","6","ROS","Nico","Rosberg",1985-06-27,"German","mercedes","Mercedes","German","Finished","sochi","Sochi Autodrom","Sochi","Russia",43.4057,39.9578,"2"
71,11,10,839,1004,24091,31,6,"9","9",9,2,52,"\N","\N","52","12","1:38.366","214.025",2018,16,"Russian Grand Prix",2018-09-30,"11:10:00","ocon","31","OCO","Esteban","Ocon",1996-09-17,"French","force_india","Force India","Indian","+1 Lap","sochi","Sochi Autodrom","Sochi","Russia",43.4057,39.9578,"2"
71,131,1,4,972,23458,14,15,"\N","W",20,0,0,"\N","\N","\N","0","\N","\N",2017,4,"Russian Grand Prix",2017-04-30,"12:00:00","alonso","14","ALO","Fernando","Alonso",1981-07-29,"Spanish","mclaren","McLaren","British","Power Unit","sochi","Sochi Autodrom","Sochi","Russia",43.4057,39.9578,"2"
71,1,211,840,1025,24516,18,14,"11","11",11,0,53,"+1:00.821","5679813","53","15","1:38.611","213.493",2019,16,"Russian Grand Prix",2019-09-29,"11:10:00","stroll","18","STR","Lance","Stroll",1998-10-29,"Canadian","racing_point","Racing Point","British","Finished","sochi","Sochi Autodrom","Sochi","Russia",43.4057,39.9578,"2"
71,1,131,822,1025,24507,77,4,"2","2",2,18,53,"+3.829","5622821","50","3","1:36.316","218.580",2019,16,"Russian Grand Prix",2019-09-29,"11:10:00","bottas","77","BOT","Valtteri","Bottas",1989-08-28,"Finnish","mercedes","Mercedes","German","Finished","sochi","Sochi Autodrom","Sochi","Russia",43.4057,39.9578,"2"
71,1,6,20,941,22817,5,4,"2","2",2,18,53,"+5.953","5836977","51","1","1:40.071","210.378",2015,15,"Russian Grand Prix",2015-10-11,"11:00:00","vettel","5","VET","Sebastian","Vettel",1987-07-03,"German","ferrari","Ferrari","Italian","Finished","sochi","Sochi Autodrom","Sochi","Russia",43.4057,39.9578,"2"
71,11,3,847,1040,24823,63,13,"18","18",18,0,52,"\N","\N","52","4","1:37.352","216.254",2020,10,"Russian Grand Prix",2020-09-27,"11:10:00","russell","63","RUS","George","Russell",1998-02-15,"British","williams","Williams","British","+1 Lap","sochi","Sochi Autodrom","Sochi","Russia",43.4057,39.9578,"2"
71,11,1,838,972,23452,2,20,"14","14",14,0,51,"\N","\N","47","14","1:39.790","210.971",2017,4,"Russian Grand Prix",2017-04-30,"12:00:00","vandoorne","2","VAN","Stoffel","Vandoorne",1992-03-26,"Belgian","mclaren","McLaren","British","+1 Lap","sochi","Sochi Autodrom","Sochi","Russia",43.4057,39.9578,"2"
71,1,1,832,1025,24511,55,5,"6","6",6,8,53,"+45.889","5664881","53","6","1:38.020","214.780",2019,16,"Russian Grand Prix",2019-09-29,"11:10:00","sainz","55","SAI","Carlos","Sainz",1994-09-01,"Spanish","mclaren","McLaren","British","Finished","sochi","Sochi Autodrom","Sochi","Russia",43.4057,39.9578,"2"
71,75,6,20,1025,24523,5,3,"\N","R",18,0,26,"\N","\N","16","10","1:38.245","214.288",2019,16,"Russian Grand Prix",2019-09-29,"11:10:00","vettel","5","VET","Sebastian","Vettel",1987-07-03,"German","ferrari","Ferrari","Italian","Power loss","sochi","Sochi Autodrom","Sochi","Russia",43.4057,39.9578,"2"
71,1,131,822,1066,25250,77,16,"5","5",5,10,53,"+1:07.533","5508534","31","3","1:38.216","214.352",2021,15,"Russian Grand Prix",2021-09-26,"12:00:00","bottas","77","BOT","Valtteri","Bottas",1989-08-28,"Finnish","mercedes","Mercedes","German","Finished","sochi","Sochi Autodrom","Sochi","Russia",43.4057,39.9578,"2"
71,11,210,825,972,23451,20,13,"13","13",13,0,51,"\N","\N","40","13","1:39.566","211.445",2017,4,"Russian Grand Prix",2017-04-30,"12:00:00","kevin_magnussen","20","MAG","Kevin","Magnussen",1992-10-05,"Danish","haas","Haas F1 Team","American","+1 Lap","sochi","Sochi Autodrom","Sochi","Russia",43.4057,39.9578,"2"
71,1,208,813,941,22822,13,14,"7","7",7,6,53,"+1:01.088","5892112","52","7","1:41.507","207.402",2015,15,"Russian Grand Prix",2015-10-11,"11:00:00","maldonado","13","MAL","Pastor","Maldonado",1985-03-09,"Venezuelan","lotus_f1","Lotus F1","British","Finished","sochi","Sochi Autodrom","Sochi","Russia",43.4057,39.9578,"2"
71,1,6,4,915,22466,14,7,"6","6",6,8,53,"+1:00.016","5570760","53","6","1:42.179","206.038",2014,16,"Russian Grand Prix",2014-10-12,"11:00:00","alonso","14","ALO","Fernando","Alonso",1981-07-29,"Spanish","ferrari","Ferrari","Italian","Finished","sochi","Sochi Autodrom","Sochi","Russia",43.4057,39.9578,"2"
71,11,51,841,1066,25261,99,17,"16","16",16,0,52,"\N","\N","39","8","1:39.058","212.530",2021,15,"Russian Grand Prix",2021-09-26,"12:00:00","giovinazzi","99","GIO","Antonio","Giovinazzi",1993-12-14,"Italian","alfa","Alfa Romeo","Swiss","+1 Lap","sochi","Sochi Autodrom","Sochi","Russia",43.4057,39.9578,"2"
71,1,9,20,915,22468,1,10,"8","8",8,4,53,"+1:06.185","5576929","53","8","1:42.630","205.133",2014,16,"Russian Grand Prix",2014-10-12,"11:00:00","vettel","5","VET","Sebastian","Vettel",1987-07-03,"German","red_bull","Red Bull","Austrian","Finished","sochi","Sochi Autodrom","Sochi","Russia",43.4057,39.9578,"2"
71,1,4,839,1040,24812,31,7,"7","7",7,6,53,"+1:08.006","5708370","48","13","1:39.216","212.191",2020,10,"Russian Grand Prix",2020-09-27,"11:10:00","ocon","31","OCO","Esteban","Ocon",1996-09-17,"French","renault","Renault","French","Finished","sochi","Sochi Autodrom","Sochi","Russia",43.4057,39.9578,"2"
71,1,6,8,951,22985,7,3,"3","3",3,15,53,"+31.998","5593995","47","3","1:40.101","210.315",2016,4,"Russian Grand Prix",2016-05-01,"12:00:00","raikkonen","7","RAI","Kimi","Räikkönen",1979-10-17,"Finnish","ferrari","Ferrari","Italian","Finished","sochi","Sochi Autodrom","Sochi","Russia",43.4057,39.9578,"2"
71,23,3,9,1025,24521,88,18,"\N","R",16,0,28,"\N","\N","24","19","1:42.327","205.740",2019,16,"Russian Grand Prix",2019-09-29,"11:10:00","kubica","88","KUB","Robert","Kubica",1984-12-07,"Polish","williams","Williams","British","Brakes","sochi","Sochi Autodrom","Sochi","Russia",43.4057,39.9578,"2"
71,11,210,154,1040,24822,8,16,"17","17",17,0,52,"\N","\N","44","15","1:39.614","211.343",2020,10,"Russian Grand Prix",2020-09-27,"11:10:00","grosjean","8","GRO","Romain","Grosjean",1986-04-17,"French","haas","Haas F1 Team","American","+1 Lap","sochi","Sochi Autodrom","Sochi","Russia",43.4057,39.9578,"2"
73,11,210,821,955,23086,21,14,"16","16",16,0,50,"\N","\N","50","7","1:47.563","200.912",2016,8,"European Grand Prix",2016-06-19,"13:00:00","gutierrez","21","GUT","Esteban","Gutiérrez",1991-08-05,"Mexican","haas","Haas F1 Team","American","+1 Lap","BAK","Baku City Circuit","Baku","Azerbaijan",40.3725,49.8533,"-7"
73,1,131,1,1013,24264,44,2,"2","2",2,18,51,"+1.524","5514466","48","3","1:44.166","207.465",2019,4,"Azerbaijan Grand Prix",2019-04-28,"12:10:00","hamilton","44","HAM","Lewis","Hamilton",1985-01-07,"British","mercedes","Mercedes","German","Finished","BAK","Baku City Circuit","Baku","Azerbaijan",40.3725,49.8533,"-7"
73,34,6,8,976,23532,7,3,"14","14",14,0,46,"\N","\N","44","7","1:45.542","204.760",2017,8,"Azerbaijan Grand Prix",2017-06-25,"13:00:00","raikkonen","7","RAI","Kimi","Räikkönen",1979-10-17,"Finnish","ferrari","Ferrari","Italian","Water pressure","BAK","Baku City Circuit","Baku","Azerbaijan",40.3725,49.8533,"-7"
73,1,6,832,1057,25073,55,5,"8","8",8,4,51,"+7.709","8024119","42","13","1:45.700","204.454",2021,6,"Azerbaijan Grand Prix",2021-06-06,"12:00:00","sainz","55","SAI","Carlos","Sainz",1994-09-01,"Spanish","ferrari","Ferrari","Italian","Finished","BAK","Baku City Circuit","Baku","Azerbaijan",40.3725,49.8533,"-7"
73,11,51,841,1013,24274,99,17,"12","12",12,0,50,"\N","\N","45","11","1:45.969","203.935",2019,4,"Azerbaijan Grand Prix",2019-04-28,"12:10:00","giovinazzi","99","GIO","Antonio","Giovinazzi",1993-12-14,"Italian","alfa","Alfa Romeo","Swiss","+1 Lap","BAK","Baku City Circuit","Baku","Azerbaijan",40.3725,49.8533,"-7"
73,1,10,839,976,23524,31,7,"6","6",6,8,51,"+30.298","7465871","39","9","1:45.634","204.581",2017,8,"Azerbaijan Grand Prix",2017-06-25,"13:00:00","ocon","31","OCO","Esteban","Ocon",1996-09-17,"French","force_india","Force India","Indian","Finished","BAK","Baku City Circuit","Baku","Azerbaijan",40.3725,49.8533,"-7"
73,11,4,825,955,23084,20,22,"14","14",14,0,50,"\N","\N","41","19","1:49.282","197.752",2016,8,"European Grand Prix",2016-06-19,"13:00:00","kevin_magnussen","20","MAG","Kevin","Magnussen",1992-10-05,"Danish","renault","Renault","French","+1 Lap","BAK","Baku City Circuit","Baku","Azerbaijan",40.3725,49.8533,"-7"
73,11,210,154,955,23083,8,11,"13","13",13,0,50,"\N","\N","48","14","1:47.943","200.205",2016,8,"European Grand Prix",2016-06-19,"13:00:00","grosjean","8","GRO","Romain","Grosjean",1986-04-17,"French","haas","Haas F1 Team","American","+1 Lap","BAK","Baku City Circuit","Baku","Azerbaijan",40.3725,49.8533,"-7"
73,1,5,832,976,23526,55,15,"8","8",8,4,51,"+49.400","7484973","46","10","1:45.866","204.133",2017,8,"Azerbaijan Grand Prix",2017-06-25,"13:00:00","sainz","55","SAI","Carlos","Sainz",1994-09-01,"Spanish","toro_rosso","Toro Rosso","Italian","Finished","BAK","Baku City Circuit","Baku","Azerbaijan",40.3725,49.8533,"-7"
73,1,1,838,992,23850,2,16,"9","9",9,2,51,"+14.152","6238443","50","13","1:47.666","200.720",2018,4,"Azerbaijan Grand Prix",2018-04-29,"12:10:00","vandoorne","2","VAN","Stoffel","Vandoorne",1992-03-26,"Belgian","mclaren","McLaren","British","Finished","BAK","Baku City Circuit","Baku","Azerbaijan",40.3725,49.8533,"-7"
73,1,210,825,992,23854,20,15,"13","13",13,0,51,"+40.663","6264954","35","16","1:48.155","199.813",2018,4,"Azerbaijan Grand Prix",2018-04-29,"12:10:00","kevin_magnussen","20","MAG","Kevin","Magnussen",1992-10-05,"Danish","haas","Haas F1 Team","American","Finished","BAK","Baku City Circuit","Baku","Azerbaijan",40.3725,49.8533,"-7"
73,11,210,154,976,23531,8,16,"13","13",13,0,50,"\N","\N","45","14","1:46.831","202.289",2017,8,"Azerbaijan Grand Prix",2017-06-25,"13:00:00","grosjean","8","GRO","Romain","Grosjean",1986-04-17,"French","haas","Haas F1 Team","American","+1 Lap","BAK","Baku City Circuit","Baku","Azerbaijan",40.3725,49.8533,"-7"
73,6,3,847,1057,25082,63,15,"\N","R",17,0,48,"\N","\N","43","15","1:45.959","203.954",2021,6,"Azerbaijan Grand Prix",2021-06-06,"12:00:00","russell","63","RUS","George","Russell",1998-02-15,"British","williams","Williams","British","Gearbox","BAK","Baku City Circuit","Baku","Azerbaijan",40.3725,49.8533,"-7"
73,1,6,8,955,23074,7,4,"4","4",4,12,51,"+33.102","5605468","41","6","1:47.181","201.629",2016,8,"European Grand Prix",2016-06-19,"13:00:00","raikkonen","7","RAI","Kimi","Räikkönen",1979-10-17,"Finnish","ferrari","Ferrari","Italian","Finished","BAK","Baku City Circuit","Baku","Azerbaijan",40.3725,49.8533,"-7"
73,4,9,830,992,23857,33,5,"\N","R",16,0,39,"\N","\N","31","5","1:45.771","204.316",2018,4,"Azerbaijan Grand Prix",2018-04-29,"12:10:00","max_verstappen","33","VER","Max","Verstappen",1997-09-30,"Dutch","red_bull","Red Bull","Austrian","Collision","BAK","Baku City Circuit","Baku","Azerbaijan",40.3725,49.8533,"-7"
73,1,6,844,1057,25069,16,1,"4","4",4,12,51,"+3.828","8020238","46","8","1:45.382","205.071",2021,6,"Azerbaijan Grand Prix",2021-06-06,"12:00:00","leclerc","16","LEC","Charles","Leclerc",1997-10-16,"Monegasque","ferrari","Ferrari","Italian","Finished","BAK","Baku City Circuit","Baku","Azerbaijan",40.3725,49.8533,"-7"
73,1,3,840,976,23521,18,8,"3","3",3,15,51,"+4.009","7439582","44","5","1:45.108","205.605",2017,8,"Azerbaijan Grand Prix",2017-06-25,"13:00:00","stroll","18","STR","Lance","Stroll",1998-10-29,"Canadian","williams","Williams","British","Finished","BAK","Baku City Circuit","Baku","Azerbaijan",40.3725,49.8533,"-7"
73,1,15,836,976,23528,94,14,"10","10",10,1,51,"+1:29.093","7524666","46","15","1:47.120","201.743",2017,8,"Azerbaijan Grand Prix",2017-06-25,"13:00:00","wehrlein","94","WEH","Pascal","Wehrlein",1994-10-18,"German","sauber","Sauber","Swiss","Finished","BAK","Baku City Circuit","Baku","Azerbaijan",40.3725,49.8533,"-7"
73,1,1,817,1057,25074,3,13,"9","9",9,2,51,"+8.874","8025284","43","14","1:45.713","204.428",2021,6,"Azerbaijan Grand Prix",2021-06-06,"12:00:00","ricciardo","3","RIC","Daniel","Ricciardo",1989-07-01,"Australian","mclaren","McLaren","British","Finished","BAK","Baku City Circuit","Baku","Azerbaijan",40.3725,49.8533,"-7"
73,1,1,846,1013,24270,4,7,"8","8",8,4,51,"+1:40.268","5613210","43","6","1:45.394","205.047",2019,4,"Azerbaijan Grand Prix",2019-04-28,"12:10:00","norris","4","NOR","Lando","Norris",1999-11-13,"British","mclaren","McLaren","British","Finished","BAK","Baku City Circuit","Baku","Azerbaijan",40.3725,49.8533,"-7"
73,1,15,828,976,23529,9,17,"11","11",11,0,51,"+1:31.794","7527367","45","16","1:47.186","201.619",2017,8,"Azerbaijan Grand Prix",2017-06-25,"13:00:00","ericsson","9","ERI","Marcus","Ericsson",1990-09-02,"Swedish","sauber","Sauber","Swiss","Finished","BAK","Baku City Circuit","Baku","Azerbaijan",40.3725,49.8533,"-7"
73,1,1,4,976,23527,14,19,"9","9",9,2,51,"+59.551","7495124","49","6","1:45.168","205.488",2017,8,"Azerbaijan Grand Prix",2017-06-25,"13:00:00","alonso","14","ALO","Fernando","Alonso",1981-07-29,"Spanish","mclaren","McLaren","British","Finished","BAK","Baku City Circuit","Baku","Azerbaijan",40.3725,49.8533,"-7"
73,7,9,842,1013,24279,10,0,"\N","R",17,0,38,"\N","\N","34","8","1:45.712","204.430",2019,4,"Azerbaijan Grand Prix",2019-04-28,"12:10:00","gasly","10","GAS","Pierre","Gasly",1996-02-07,"French","red_bull","Red Bull","Austrian","Transmission","BAK","Baku City Circuit","Baku","Azerbaijan",40.3725,49.8533,"-7"
73,4,3,845,992,23861,35,11,"\N","R",20,0,0,"\N","\N","\N","0","\N","\N",2018,4,"Azerbaijan Grand Prix",2018-04-29,"12:10:00","sirotkin","35","SIR","Sergey","Sirotkin",1995-08-27,"Russian","williams","Williams","British","Collision","BAK","Baku City Circuit","Baku","Azerbaijan",40.3725,49.8533,"-7"
73,11,210,825,1013,24275,20,12,"13","13",13,0,50,"\N","\N","42","14","1:46.682","202.572",2019,4,"Azerbaijan Grand Prix",2019-04-28,"12:10:00","kevin_magnussen","20","MAG","Kevin","Magnussen",1992-10-05,"Danish","haas","Haas F1 Team","American","+1 Lap","BAK","Baku City Circuit","Baku","Azerbaijan",40.3725,49.8533,"-7"
73,1,9,830,1013,24266,33,4,"4","4",4,12,51,"+17.493","5530435","39","5","1:44.794","206.221",2019,4,"Azerbaijan Grand Prix",2019-04-28,"12:10:00","max_verstappen","33","VER","Max","Verstappen",1997-09-30,"Dutch","red_bull","Red Bull","Austrian","Finished","BAK","Baku City Circuit","Baku","Azerbaijan",40.3725,49.8533,"-7"
73,1,6,20,955,23072,5,3,"2","2",2,18,51,"+16.696","5589062","49","5","1:47.028","201.917",2016,8,"European Grand Prix",2016-06-19,"13:00:00","vettel","5","VET","Sebastian","Vettel",1987-07-03,"German","ferrari","Ferrari","Italian","Finished","BAK","Baku City Circuit","Baku","Azerbaijan",40.3725,49.8533,"-7"
73,12,3,9,1013,24278,88,0,"16","16",16,0,49,"\N","\N","45","19","1:47.709","200.640",2019,4,"Azerbaijan Grand Prix",2019-04-28,"12:10:00","kubica","88","KUB","Robert","Kubica",1984-12-07,"Polish","williams","Williams","British","+2 Laps","BAK","Baku City Circuit","Baku","Azerbaijan",40.3725,49.8533,"-7"
73,1,131,822,1057,25077,77,10,"12","12",12,0,51,"+11.264","8027674","43","12","1:45.665","204.521",2021,6,"Azerbaijan Grand Prix",2021-06-06,"12:00:00","bottas","77","BOT","Valtteri","Bottas",1989-08-28,"Finnish","mercedes","Mercedes","German","Finished","BAK","Baku City Circuit","Baku","Azerbaijan",40.3725,49.8533,"-7"
73,1,3,849,1057,25081,6,16,"16","16",16,0,51,"+43.379","8059789","42","17","1:46.608","202.712",2021,6,"Azerbaijan Grand Prix",2021-06-06,"12:00:00","latifi","6","LAT","Nicholas","Latifi",1995-06-29,"Canadian","williams","Williams","British","Finished","BAK","Baku City Circuit","Baku","Azerbaijan",40.3725,49.8533,"-7"
73,6,1,4,955,23089,14,13,"\N","R",19,0,42,"\N","\N","27","18","1:49.101","198.080",2016,8,"European Grand Prix",2016-06-19,"13:00:00","alonso","14","ALO","Fernando","Alonso",1981-07-29,"Spanish","mclaren","McLaren","British","Gearbox","BAK","Baku City Circuit","Baku","Azerbaijan",40.3725,49.8533,"-7"
73,11,15,831,955,23082,12,15,"12","12",12,0,50,"\N","\N","48","11","1:47.708","200.642",2016,8,"European Grand Prix",2016-06-19,"13:00:00","nasr","12","NAS","Felipe","Nasr",1992-08-21,"Brazilian","sauber","Sauber","Swiss","+1 Lap","BAK","Baku City Circuit","Baku","Azerbaijan",40.3725,49.8533,"-7"
73,136,10,815,976,23533,11,6,"\N","R",15,0,39,"\N","\N","37","8","1:45.588","204.670",2017,8,"Azerbaijan Grand Prix",2017-06-25,"13:00:00","perez","11","PER","Sergio","Pérez",1990-01-26,"Mexican","force_india","Force India","Indian","Seat","BAK","Baku City Circuit","Baku","Azerbaijan",40.3725,49.8533,"-7"
73,1,15,844,992,23847,16,13,"6","6",6,8,51,"+9.158","6233449","31","11","1:47.403","201.212",2018,4,"Azerbaijan Grand Prix",2018-04-29,"12:10:00","leclerc","16","LEC","Charles","Leclerc",1997-10-16,"Monegasque","sauber","Sauber","Swiss","Finished","BAK","Baku City Circuit","Baku","Azerbaijan",40.3725,49.8533,"-7"
73,1,1,838,976,23530,2,18,"12","12",12,0,51,"+1:32.160","7527733","45","13","1:46.648","202.636",2017,8,"Azerbaijan Grand Prix",2017-06-25,"13:00:00","vandoorne","2","VAN","Stoffel","Vandoorne",1992-03-26,"Belgian","mclaren","McLaren","British","Finished","BAK","Baku City Circuit","Baku","Azerbaijan",40.3725,49.8533,"-7"
73,4,4,817,1013,24282,3,10,"\N","R",20,0,31,"\N","\N","29","15","1:46.767","202.410",2019,4,"Azerbaijan Grand Prix",2019-04-28,"12:10:00","ricciardo","3","RIC","Daniel","Ricciardo",1989-07-01,"Australian","renault","Renault","French","Collision","BAK","Baku City Circuit","Baku","Azerbaijan",40.3725,49.8533,"-7"
73,1,3,13,955,23080,19,5,"10","10",10,1,51,"+1:25.375","5657741","35","13","1:47.761","200.543",2016,8,"European Grand Prix",2016-06-19,"13:00:00","massa","19","MAS","Felipe","Massa",1981-04-25,"Brazilian","williams","Williams","British","Finished","BAK","Baku City Circuit","Baku","Azerbaijan",40.3725,49.8533,"-7"
73,3,117,840,1057,25084,18,19,"\N","R",19,0,29,"\N","\N","28","16","1:46.207","203.478",2021,6,"Azerbaijan Grand Prix",2021-06-06,"12:00:00","stroll","18","STR","Lance","Stroll",1998-10-29,"Canadian","aston_martin","Aston Martin","British","Accident","BAK","Baku City Circuit","Baku","Azerbaijan",40.3725,49.8533,"-7"
73,3,210,154,992,23856,8,20,"\N","R",15,0,42,"\N","\N","34","10","1:46.880","202.196",2018,4,"Azerbaijan Grand Prix",2018-04-29,"12:10:00","grosjean","8","GRO","Romain","Grosjean",1986-04-17,"French","haas","Haas F1 Team","American","Accident","BAK","Baku City Circuit","Baku","Azerbaijan",40.3725,49.8533,"-7"
73,1,1,18,955,23081,22,19,"11","11",11,0,51,"+1:44.817","5677183","50","10","1:47.622","200.802",2016,8,"European Grand Prix",2016-06-19,"13:00:00","button","22","BUT","Jenson","Button",1980-01-19,"British","mclaren","McLaren","British","Finished","BAK","Baku City Circuit","Baku","Azerbaijan",40.3725,49.8533,"-7"
73,22,5,832,955,23091,55,18,"\N","R",21,0,31,"\N","\N","31","16","1:48.804","198.621",2016,8,"European Grand Prix",2016-06-19,"13:00:00","sainz","55","SAI","Carlos","Sainz",1994-09-01,"Spanish","toro_rosso","Toro Rosso","Italian","Suspension","BAK","Baku City Circuit","Baku","Azerbaijan",40.3725,49.8533,"-7"
73,1,131,1,955,23075,44,10,"5","5",5,10,51,"+56.335","5628701","42","2","1:46.822","202.306",2016,8,"European Grand Prix",2016-06-19,"13:00:00","hamilton","44","HAM","Lewis","Hamilton",1985-01-07,"British","mercedes","Mercedes","German","Finished","BAK","Baku City Circuit","Baku","Azerbaijan",40.3725,49.8533,"-7"
73,1,4,832,992,23846,55,9,"5","5",5,10,51,"+7.515","6231806","50","9","1:46.856","202.242",2018,4,"Azerbaijan Grand Prix",2018-04-29,"12:10:00","sainz","55","SAI","Carlos","Sainz",1994-09-01,"Spanish","renault","Renault","French","Finished","BAK","Baku City Circuit","Baku","Azerbaijan",40.3725,49.8533,"-7"
73,1,131,1,1057,25080,44,2,"15","15",15,0,51,"+17.668","8034078","43","3","1:44.769","206.270",2021,6,"Azerbaijan Grand Prix",2021-06-06,"12:00:00","hamilton","44","HAM","Lewis","Hamilton",1985-01-07,"British","mercedes","Mercedes","German","Finished","BAK","Baku City Circuit","Baku","Azerbaijan",40.3725,49.8533,"-7"
73,3,9,830,1057,25083,33,3,"\N","R",18,0,45,"\N","\N","44","1","1:44.481","206.839",2021,6,"Azerbaijan Grand Prix",2021-06-06,"12:00:00","max_verstappen","33","VER","Max","Verstappen",1997-09-30,"Dutch","red_bull","Red Bull","Austrian","Accident","BAK","Baku City Circuit","Baku","Azerbaijan",40.3725,49.8533,"-7"
73,22,3,13,976,23534,19,9,"\N","R",16,0,25,"\N","\N","10","17","1:47.340","201.330",2017,8,"Azerbaijan Grand Prix",2017-06-25,"13:00:00","massa","19","MAS","Felipe","Massa",1981-04-25,"Brazilian","williams","Williams","British","Suspension","BAK","Baku City Circuit","Baku","Azerbaijan",40.3725,49.8533,"-7"
73,4,9,817,992,23858,3,4,"\N","R",17,0,39,"\N","\N","34","3","1:45.419","204.999",2018,4,"Azerbaijan Grand Prix",2018-04-29,"12:10:00","ricciardo","3","RIC","Daniel","Ricciardo",1989-07-01,"Australian","red_bull","Red Bull","Austrian","Collision","BAK","Baku City Circuit","Baku","Azerbaijan",40.3725,49.8533,"-7"
73,4,5,826,1013,24281,26,6,"\N","R",19,0,33,"\N","\N","28","18","1:47.681","200.692",2019,4,"Azerbaijan Grand Prix",2019-04-28,"12:10:00","kvyat","26","KVY","Daniil","Kvyat",1994-04-26,"Russian","toro_rosso","Toro Rosso","Italian","Collision","BAK","Baku City Circuit","Baku","Azerbaijan",40.3725,49.8533,"-7"
73,1,9,830,955,23078,33,9,"8","8",8,4,51,"+1:10.696","5643062","50","3","1:46.973","202.021",2016,8,"European Grand Prix",2016-06-19,"13:00:00","max_verstappen","33","VER","Max","Verstappen",1997-09-30,"Dutch","red_bull","Red Bull","Austrian","Finished","BAK","Baku City Circuit","Baku","Azerbaijan",40.3725,49.8533,"-7"
73,1,5,842,992,23853,10,17,"12","12",12,0,51,"+24.720","6249011","38","15","1:48.035","200.035",2018,4,"Azerbaijan Grand Prix",2018-04-29,"12:10:00","gasly","10","GAS","Pierre","Gasly",1996-02-07,"French","toro_rosso","Toro Rosso","Italian","Finished","BAK","Baku City Circuit","Baku","Azerbaijan",40.3725,49.8533,"-7"
73,1,3,840,992,23849,18,10,"8","8",8,4,51,"+12.546","6236837","50","8","1:46.815","202.319",2018,4,"Azerbaijan Grand Prix",2018-04-29,"12:10:00","stroll","18","STR","Lance","Stroll",1998-10-29,"Canadian","williams","Williams","British","Finished","BAK","Baku City Circuit","Baku","Azerbaijan",40.3725,49.8533,"-7"
73,1,131,1,992,23842,44,2,"1","1",1,25,51,"1:43:44.291","6224291","35","2","1:45.412","205.012",2018,4,"Azerbaijan Grand Prix",2018-04-29,"12:10:00","hamilton","44","HAM","Lewis","Hamilton",1985-01-07,"British","mercedes","Mercedes","German","Finished","BAK","Baku City Circuit","Baku","Azerbaijan",40.3725,49.8533,"-7"
73,1,211,840,1013,24271,18,13,"9","9",9,2,51,"+1:43.816","5616758","38","12","1:46.009","203.858",2019,4,"Azerbaijan Grand Prix",2019-04-28,"12:10:00","stroll","18","STR","Lance","Stroll",1998-10-29,"Canadian","racing_point","Racing Point","British","Finished","BAK","Baku City Circuit","Baku","Azerbaijan",40.3725,49.8533,"-7"
73,3,4,807,992,23859,27,14,"\N","R",18,0,10,"\N","\N","10","18","1:48.867","198.506",2018,4,"Azerbaijan Grand Prix",2018-04-29,"12:10:00","hulkenberg","27","HUL","Nico","Hülkenberg",1987-08-19,"German","renault","Renault","French","Accident","BAK","Baku City Circuit","Baku","Azerbaijan",40.3725,49.8533,"-7"
73,1,10,815,955,23073,11,7,"3","3",3,15,51,"+25.241","5597607","45","4","1:46.990","201.988",2016,8,"European Grand Prix",2016-06-19,"13:00:00","perez","11","PER","Sergio","Pérez",1990-01-26,"Mexican","force_india","Force India","Indian","Finished","BAK","Baku City Circuit","Baku","Azerbaijan",40.3725,49.8533,"-7"
73,1,6,20,976,23522,5,4,"4","4",4,12,51,"+5.976","7441549","47","1","1:43.441","208.919",2017,8,"Azerbaijan Grand Prix",2017-06-25,"13:00:00","vettel","5","VET","Sebastian","Vettel",1987-07-03,"German","ferrari","Ferrari","Italian","Finished","BAK","Baku City Circuit","Baku","Azerbaijan",40.3725,49.8533,"-7"
73,1,3,822,955,23076,77,8,"6","6",6,8,51,"+1:00.886","5633252","50","9","1:47.604","200.836",2016,8,"European Grand Prix",2016-06-19,"13:00:00","bottas","77","BOT","Valtteri","Bottas",1989-08-28,"Finnish","williams","Williams","British","Finished","BAK","Baku City Circuit","Baku","Azerbaijan",40.3725,49.8533,"-7"
73,12,3,847,1013,24277,63,16,"15","15",15,0,49,"\N","\N","42","16","1:47.251","201.497",2019,4,"Azerbaijan Grand Prix",2019-04-28,"12:10:00","russell","63","RUS","George","Russell",1998-02-15,"British","williams","Williams","British","+2 Laps","BAK","Baku City Circuit","Baku","Azerbaijan",40.3725,49.8533,"-7"
73,1,117,20,1057,25067,5,11,"2","2",2,18,51,"+1.385","8017795","41","4","1:44.890","206.032",2021,6,"Azerbaijan Grand Prix",2021-06-06,"12:00:00","vettel","5","VET","Sebastian","Vettel",1987-07-03,"German","aston_martin","Aston Martin","British","Finished","BAK","Baku City Circuit","Baku","Azerbaijan",40.3725,49.8533,"-7"
73,1,6,20,1013,24265,5,3,"3","3",3,15,51,"+11.739","5524681","46","4","1:44.629","206.546",2019,4,"Azerbaijan Grand Prix",2019-04-28,"12:10:00","vettel","5","VET","Sebastian","Vettel",1987-07-03,"German","ferrari","Ferrari","Italian","Finished","BAK","Baku City Circuit","Baku","Azerbaijan",40.3725,49.8533,"-7"
73,1,10,815,992,23844,11,8,"3","3",3,15,51,"+4.024","6228315","51","6","1:46.206","203.480",2018,4,"Azerbaijan Grand Prix",2018-04-29,"12:10:00","perez","11","PER","Sergio","Pérez",1990-01-26,"Mexican","force_india","Force India","Indian","Finished","BAK","Baku City Circuit","Baku","Azerbaijan",40.3725,49.8533,"-7"
73,11,51,8,1013,24272,7,0,"10","10",10,1,50,"\N","\N","48","13","1:46.479","202.958",2019,4,"Azerbaijan Grand Prix",2019-04-28,"12:10:00","raikkonen","7","RAI","Kimi","Räikkönen",1979-10-17,"Finnish","alfa","Alfa Romeo","Swiss","+1 Lap","BAK","Baku City Circuit","Baku","Azerbaijan",40.3725,49.8533,"-7"
73,11,4,835,955,23085,30,21,"15","15",15,0,50,"\N","\N","48","8","1:47.583","200.875",2016,8,"European Grand Prix",2016-06-19,"13:00:00","jolyon_palmer","30","PAL","Jolyon","Palmer",1991-01-20,"British","renault","Renault","French","+1 Lap","BAK","Baku City Circuit","Baku","Azerbaijan",40.3725,49.8533,"-7"
73,1,1,4,992,23848,14,12,"7","7",7,6,51,"+10.931","6235222","32","12","1:47.449","201.126",2018,4,"Azerbaijan Grand Prix",2018-04-29,"12:10:00","alonso","14","ALO","Fernando","Alonso",1981-07-29,"Spanish","mclaren","McLaren","British","Finished","BAK","Baku City Circuit","Baku","Azerbaijan",40.3725,49.8533,"-7"
73,51,9,830,976,23536,33,5,"\N","R",18,0,12,"\N","\N","10","12","1:46.398","203.112",2017,8,"Azerbaijan Grand Prix",2017-06-25,"13:00:00","max_verstappen","33","VER","Max","Verstappen",1997-09-30,"Dutch","red_bull","Red Bull","Austrian","Oil pressure","BAK","Baku City Circuit","Baku","Azerbaijan",40.3725,49.8533,"-7"
73,1,6,8,992,23843,7,6,"2","2",2,18,51,"+2.460","6226751","50","7","1:46.523","202.874",2018,4,"Azerbaijan Grand Prix",2018-04-29,"12:10:00","raikkonen","7","RAI","Kimi","Räikkönen",1979-10-17,"Finnish","ferrari","Ferrari","Italian","Finished","BAK","Baku City Circuit","Baku","Azerbaijan",40.3725,49.8533,"-7"
73,1,6,20,992,23845,5,1,"4","4",4,12,51,"+5.329","6229620","38","4","1:45.530","204.783",2018,4,"Azerbaijan Grand Prix",2018-04-29,"12:10:00","vettel","5","VET","Sebastian","Vettel",1987-07-03,"German","ferrari","Ferrari","Italian","Finished","BAK","Baku City Circuit","Baku","Azerbaijan",40.3725,49.8533,"-7"
73,101,214,839,1057,25085,31,12,"\N","R",20,0,3,"\N","\N","2","20","1:50.850","194.955",2021,6,"Azerbaijan Grand Prix",2021-06-06,"12:00:00","ocon","31","OCO","Esteban","Ocon",1996-09-17,"French","alpine","Alpine F1 Team","French","Turbo","BAK","Baku City Circuit","Baku","Azerbaijan",40.3725,49.8533,"-7"
73,1,214,4,1057,25071,14,8,"6","6",6,8,51,"+6.382","8022792","42","11","1:45.624","204.601",2021,6,"Azerbaijan Grand Prix",2021-06-06,"12:00:00","alonso","14","ALO","Fernando","Alonso",1981-07-29,"Spanish","alpine","Alpine F1 Team","French","Finished","BAK","Baku City Circuit","Baku","Azerbaijan",40.3725,49.8533,"-7"
73,1,1,846,1057,25070,4,9,"5","5",5,10,51,"+4.754","8021164","41","7","1:45.326","205.180",2021,6,"Azerbaijan Grand Prix",2021-06-06,"12:00:00","norris","4","NOR","Lando","Norris",1999-11-13,"British","mclaren","McLaren","British","Finished","BAK","Baku City Circuit","Baku","Azerbaijan",40.3725,49.8533,"-7"
73,1,51,841,1057,25076,99,20,"11","11",11,0,51,"+10.254","8026664","44","9","1:45.575","204.696",2021,6,"Azerbaijan Grand Prix",2021-06-06,"12:00:00","giovinazzi","99","GIO","Antonio","Giovinazzi",1993-12-14,"Italian","alfa","Alfa Romeo","Swiss","Finished","BAK","Baku City Circuit","Baku","Azerbaijan",40.3725,49.8533,"-7"
73,23,210,154,1013,24280,8,14,"\N","R",18,0,38,"\N","\N","33","20","1:48.517","199.146",2019,4,"Azerbaijan Grand Prix",2019-04-28,"12:10:00","grosjean","8","GRO","Romain","Grosjean",1986-04-17,"French","haas","Haas F1 Team","American","Brakes","BAK","Baku City Circuit","Baku","Azerbaijan",40.3725,49.8533,"-7"
73,1,6,844,1013,24267,16,8,"5","5",5,11,51,"+1:09.107","5582049","50","1","1:43.009","209.795",2019,4,"Azerbaijan Grand Prix",2019-04-28,"12:10:00","leclerc","16","LEC","Charles","Leclerc",1997-10-16,"Monegasque","ferrari","Ferrari","Italian","Finished","BAK","Baku City Circuit","Baku","Azerbaijan",40.3725,49.8533,"-7"
73,1,210,853,1057,25079,9,18,"14","14",14,0,51,"+14.315","8030725","40","19","1:47.747","200.569",2021,6,"Azerbaijan Grand Prix",2021-06-06,"12:00:00","mazepin","9","MAZ","Nikita","Mazepin",1999-03-02,"Russian","haas","Haas F1 Team","American","Finished","BAK","Baku City Circuit","Baku","Azerbaijan",40.3725,49.8533,"-7"
73,1,15,828,992,23852,9,18,"11","11",11,0,51,"+18.512","6242803","51","14","1:47.925","200.239",2018,4,"Azerbaijan Grand Prix",2018-04-29,"12:10:00","ericsson","9","ERI","Marcus","Ericsson",1990-09-02,"Swedish","sauber","Sauber","Swiss","Finished","BAK","Baku City Circuit","Baku","Azerbaijan",40.3725,49.8533,"-7"
73,1,5,843,992,23851,28,19,"10","10",10,1,51,"+18.030","6242321","51","17","1:48.288","199.567",2018,4,"Azerbaijan Grand Prix",2018-04-29,"12:10:00","brendon_hartley","28","HAR","Brendon","Hartley",1989-11-10,"New Zealander","toro_rosso","Toro Rosso","Italian","Finished","BAK","Baku City Circuit","Baku","Azerbaijan",40.3725,49.8533,"-7"
73,29,131,822,992,23855,77,3,"\N","R",14,0,48,"\N","\N","37","1","1:45.149","205.525",2018,4,"Azerbaijan Grand Prix",2018-04-29,"12:10:00","bottas","77","BOT","Valtteri","Bottas",1989-08-28,"Finnish","mercedes","Mercedes","German","Puncture","BAK","Baku City Circuit","Baku","Azerbaijan",40.3725,49.8533,"-7"
73,1,211,815,1013,24268,11,5,"6","6",6,8,51,"+1:16.416","5589358","49","7","1:45.524","204.795",2019,4,"Azerbaijan Grand Prix",2019-04-28,"12:10:00","perez","11","PER","Sergio","Pérez",1990-01-26,"Mexican","racing_point","Racing Point","British","Finished","BAK","Baku City Circuit","Baku","Azerbaijan",40.3725,49.8533,"-7"
73,12,209,837,955,23088,88,16,"18","18",18,0,49,"\N","\N","27","21","1:51.365","194.053",2016,8,"European Grand Prix",2016-06-19,"13:00:00","haryanto","88","HAR","Rio","Haryanto",1993-01-22,"Indonesian","manor","Manor Marussia","British","+2 Laps","BAK","Baku City Circuit","Baku","Azerbaijan",40.3725,49.8533,"-7"
73,1,1,832,1013,24269,55,9,"7","7",7,6,51,"+1:23.826","5596768","43","10","1:45.807","204.247",2019,4,"Azerbaijan Grand Prix",2019-04-28,"12:10:00","sainz","55","SAI","Carlos","Sainz",1994-09-01,"Spanish","mclaren","McLaren","British","Finished","BAK","Baku City Circuit","Baku","Azerbaijan",40.3725,49.8533,"-7"
73,1,213,852,1057,25072,22,7,"7","7",7,6,51,"+6.624","8023034","46","5","1:44.939","205.936",2021,6,"Azerbaijan Grand Prix",2021-06-06,"12:00:00","tsunoda","22","TSU","Yuki","Tsunoda",2000-05-11,"Japanese","alphatauri","AlphaTauri","Italian","Finished","BAK","Baku City Circuit","Baku","Azerbaijan",40.3725,49.8533,"-7"
73,1,210,825,976,23525,20,12,"7","7",7,6,51,"+41.753","7477326","45","11","1:46.312","203.277",2017,8,"Azerbaijan Grand Prix",2017-06-25,"13:00:00","kevin_magnussen","20","MAG","Kevin","Magnussen",1992-10-05,"Danish","haas","Haas F1 Team","American","Finished","BAK","Baku City Circuit","Baku","Azerbaijan",40.3725,49.8533,"-7"
73,1,131,822,1013,24263,77,1,"1","1",1,25,51,"1:31:52.942","5512942","50","2","1:44.024","207.748",2019,4,"Azerbaijan Grand Prix",2019-04-28,"12:10:00","bottas","77","BOT","Valtteri","Bottas",1989-08-28,"Finnish","mercedes","Mercedes","German","Finished","BAK","Baku City Circuit","Baku","Azerbaijan",40.3725,49.8533,"-7"
73,1,9,817,976,23519,3,10,"1","1",1,25,51,"2:03:55.573","7435573","46","4","1:44.882","206.048",2017,8,"Azerbaijan Grand Prix",2017-06-25,"13:00:00","ricciardo","3","RIC","Daniel","Ricciardo",1989-07-01,"Australian","red_bull","Red Bull","Austrian","Finished","BAK","Baku City Circuit","Baku","Azerbaijan",40.3725,49.8533,"-7"
73,4,10,839,992,23860,31,7,"\N","R",19,0,0,"\N","\N","\N","0","\N","\N",2018,4,"Azerbaijan Grand Prix",2018-04-29,"12:10:00","ocon","31","OCO","Esteban","Ocon",1996-09-17,"French","force_india","Force India","Indian","Collision","BAK","Baku City Circuit","Baku","Azerbaijan",40.3725,49.8533,"-7"
73,1,10,807,955,23079,27,12,"9","9",9,2,51,"+1:17.708","5650074","37","15","1:48.012","200.077",2016,8,"European Grand Prix",2016-06-19,"13:00:00","hulkenberg","27","HUL","Nico","Hülkenberg",1987-08-19,"German","force_india","Force India","Indian","Finished","BAK","Baku City Circuit","Baku","Azerbaijan",40.3725,49.8533,"-7"
73,1,210,854,1057,25078,47,17,"13","13",13,0,51,"+14.241","8030651","41","18","1:47.624","200.799",2021,6,"Azerbaijan Grand Prix",2021-06-06,"12:00:00","mick_schumacher","47","MSC","Mick","Schumacher",1999-03-22,"German","haas","Haas F1 Team","American","Finished","BAK","Baku City Circuit","Baku","Azerbaijan",40.3725,49.8533,"-7"
73,11,4,807,1013,24276,27,15,"14","14",14,0,50,"\N","\N","43","17","1:47.407","201.204",2019,4,"Azerbaijan Grand Prix",2019-04-28,"12:10:00","hulkenberg","27","HUL","Nico","Hülkenberg",1987-08-19,"German","renault","Renault","French","+1 Lap","BAK","Baku City Circuit","Baku","Azerbaijan",40.3725,49.8533,"-7"
73,3,4,807,976,23535,27,13,"\N","R",17,0,24,"\N","\N","9","19","1:48.536","199.111",2017,8,"Azerbaijan Grand Prix",2017-06-25,"13:00:00","hulkenberg","27","HUL","Nico","Hülkenberg",1987-08-19,"German","renault","Renault","French","Accident","BAK","Baku City Circuit","Baku","Azerbaijan",40.3725,49.8533,"-7"
73,1,213,842,1057,25068,10,4,"3","3",3,15,51,"+2.762","8019172","44","6","1:45.220","205.386",2021,6,"Azerbaijan Grand Prix",2021-06-06,"12:00:00","gasly","10","GAS","Pierre","Gasly",1996-02-07,"French","alphatauri","AlphaTauri","Italian","Finished","BAK","Baku City Circuit","Baku","Azerbaijan",40.3725,49.8533,"-7"
73,11,15,828,955,23087,9,20,"17","17",17,0,50,"\N","\N","48","17","1:48.898","198.449",2016,8,"European Grand Prix",2016-06-19,"13:00:00","ericsson","9","ERI","Marcus","Ericsson",1990-09-02,"Swedish","sauber","Sauber","Swiss","+1 Lap","BAK","Baku City Circuit","Baku","Azerbaijan",40.3725,49.8533,"-7"
73,1,131,822,976,23520,77,2,"2","2",2,18,51,"+3.904","7439477","51","3","1:43.925","207.946",2017,8,"Azerbaijan Grand Prix",2017-06-25,"13:00:00","bottas","77","BOT","Valtteri","Bottas",1989-08-28,"Finnish","mercedes","Mercedes","German","Finished","BAK","Baku City Circuit","Baku","Azerbaijan",40.3725,49.8533,"-7"
73,11,5,848,1013,24273,23,11,"11","11",11,0,50,"\N","\N","49","9","1:45.754","204.349",2019,4,"Azerbaijan Grand Prix",2019-04-28,"12:10:00","albon","23","ALB","Alexander","Albon",1996-03-23,"Thai","toro_rosso","Toro Rosso","Italian","+1 Lap","BAK","Baku City Circuit","Baku","Azerbaijan",40.3725,49.8533,"-7"
73,1,131,1,976,23523,44,1,"5","5",5,10,51,"+6.188","7441761","46","2","1:43.469","208.862",2017,8,"Azerbaijan Grand Prix",2017-06-25,"13:00:00","hamilton","44","HAM","Lewis","Hamilton",1985-01-07,"British","mercedes","Mercedes","German","Finished","BAK","Baku City Circuit","Baku","Azerbaijan",40.3725,49.8533,"-7"
73,1,51,8,1057,25075,7,14,"10","10",10,1,51,"+9.576","8025986","43","10","1:45.601","204.645",2021,6,"Azerbaijan Grand Prix",2021-06-06,"12:00:00","raikkonen","7","RAI","Kimi","Räikkönen",1979-10-17,"Finnish","alfa","Alfa Romeo","Swiss","Finished","BAK","Baku City Circuit","Baku","Azerbaijan",40.3725,49.8533,"-7"
73,22,5,826,955,23092,26,6,"\N","R",22,0,6,"\N","\N","2","22","1:53.167","190.963",2016,8,"European Grand Prix",2016-06-19,"13:00:00","kvyat","26","KVY","Daniil","Kvyat",1994-04-26,"Russian","toro_rosso","Toro Rosso","Italian","Suspension","BAK","Baku City Circuit","Baku","Azerbaijan",40.3725,49.8533,"-7"
73,84,5,826,976,23537,26,11,"\N","R",19,0,9,"\N","\N","9","18","1:48.394","199.372",2017,8,"Azerbaijan Grand Prix",2017-06-25,"13:00:00","kvyat","26","KVY","Daniil","Kvyat",1994-04-26,"Russian","toro_rosso","Toro Rosso","Italian","Battery","BAK","Baku City Circuit","Baku","Azerbaijan",40.3725,49.8533,"-7"
73,1,9,815,1057,25066,11,6,"1","1",1,25,51,"2:13:36.410","8016410","45","2","1:44.687","206.432",2021,6,"Azerbaijan Grand Prix",2021-06-06,"12:00:00","perez","11","PER","Sergio","Pérez",1990-01-26,"Mexican","red_bull","Red Bull","Austrian","Finished","BAK","Baku City Circuit","Baku","Azerbaijan",40.3725,49.8533,"-7"
73,131,4,835,976,23538,30,20,"\N","R",20,0,7,"\N","\N","5","20","1:51.673","193.518",2017,8,"Azerbaijan Grand Prix",2017-06-25,"13:00:00","jolyon_palmer","30","PAL","Jolyon","Palmer",1991-01-20,"British","renault","Renault","French","Power Unit","BAK","Baku City Circuit","Baku","Azerbaijan",40.3725,49.8533,"-7"
73,23,209,836,955,23090,94,17,"\N","R",20,0,39,"\N","\N","33","20","1:50.571","195.447",2016,8,"European Grand Prix",2016-06-19,"13:00:00","wehrlein","94","WEH","Pascal","Wehrlein",1994-10-18,"German","manor","Manor Marussia","British","Brakes","BAK","Baku City Circuit","Baku","Azerbaijan",40.3725,49.8533,"-7"
73,1,9,817,955,23077,3,2,"7","7",7,6,51,"+1:09.229","5641595","51","12","1:47.736","200.590",2016,8,"European Grand Prix",2016-06-19,"13:00:00","ricciardo","3","RIC","Daniel","Ricciardo",1989-07-01,"Australian","red_bull","Red Bull","Austrian","Finished","BAK","Baku City Circuit","Baku","Azerbaijan",40.3725,49.8533,"-7"
73,1,131,3,955,23071,6,1,"1","1",1,25,51,"1:32:52.366","5572366","48","1","1:46.485","202.946",2016,8,"European Grand Prix",2016-06-19,"13:00:00","rosberg","6","ROS","Nico","Rosberg",1985-06-27,"German","mercedes","Mercedes","German","Finished","BAK","Baku City Circuit","Baku","Azerbaijan",40.3725,49.8533,"-7"
75,1,214,839,1054,25012,31,6,"7","7",7,6,66,"+1:03.749","5735170","34","8","1:21.886","204.562",2021,3,"Portuguese Grand Prix",2021-05-02,"14:00:00","ocon","31","OCO","Esteban","Ocon",1996-09-17,"French","alpine","Alpine F1 Team","French","Finished","portimao","Autódromo Internacional do Algarve","Portimão","Portugal",37.227,-8.6267,"108"
75,11,213,852,1054,25020,22,14,"15","15",15,0,65,"\N","\N","61","12","1:22.058","204.133",2021,3,"Portuguese Grand Prix",2021-05-02,"14:00:00","tsunoda","22","TSU","Yuki","Tsunoda",2000-05-11,"Japanese","alphatauri","AlphaTauri","Italian","+1 Lap","portimao","Autódromo Internacional do Algarve","Portimão","Portugal",37.227,-8.6267,"108"
75,11,51,8,1042,24856,7,16,"11","11",11,0,65,"\N","\N","60","15","1:21.058","206.652",2020,12,"Portuguese Grand Prix",2020-10-25,"12:10:00","raikkonen","7","RAI","Kimi","Räikkönen",1979-10-17,"Finnish","alfa","Alfa Romeo","Swiss","+1 Lap","portimao","Autódromo Internacional do Algarve","Portimão","Portugal",37.227,-8.6267,"108"
75,11,4,839,1042,24853,31,11,"8","8",8,4,65,"\N","\N","61","12","1:20.859","207.160",2020,12,"Portuguese Grand Prix",2020-10-25,"12:10:00","ocon","31","OCO","Esteban","Ocon",1996-09-17,"French","renault","Renault","French","+1 Lap","portimao","Autódromo Internacional do Algarve","Portimão","Portugal",37.227,-8.6267,"108"
75,1,213,842,1054,25015,10,9,"10","10",10,1,66,"+1:16.463","5747884","65","11","1:22.014","204.243",2021,3,"Portuguese Grand Prix",2021-05-02,"14:00:00","gasly","10","GAS","Pierre","Gasly",1996-02-07,"French","alphatauri","AlphaTauri","Italian","Finished","portimao","Autódromo Internacional do Algarve","Portimão","Portugal",37.227,-8.6267,"108"
75,12,213,826,1042,24864,26,13,"19","19",19,0,64,"\N","\N","59","8","1:20.449","208.216",2020,12,"Portuguese Grand Prix",2020-10-25,"12:10:00","kvyat","26","KVY","Daniil","Kvyat",1994-04-26,"Russian","alphatauri","AlphaTauri","Italian","+2 Laps","portimao","Autódromo Internacional do Algarve","Portimão","Portugal",37.227,-8.6267,"108"
75,12,3,849,1054,25023,6,18,"18","18",18,0,64,"\N","\N","60","18","1:23.155","201.440",2021,3,"Portuguese Grand Prix",2021-05-02,"14:00:00","latifi","6","LAT","Nicholas","Latifi",1995-06-29,"Canadian","williams","Williams","British","+2 Laps","portimao","Autódromo Internacional do Algarve","Portimão","Portugal",37.227,-8.6267,"108"
75,11,213,842,1042,24850,10,9,"5","5",5,10,65,"\N","\N","65","9","1:20.551","207.952",2020,12,"Portuguese Grand Prix",2020-10-25,"12:10:00","gasly","10","GAS","Pierre","Gasly",1996-02-07,"French","alphatauri","AlphaTauri","Italian","+1 Lap","portimao","Autódromo Internacional do Algarve","Portimão","Portugal",37.227,-8.6267,"108"
75,11,3,847,1042,24859,63,14,"14","14",14,0,65,"\N","\N","62","13","1:20.882","207.101",2020,12,"Portuguese Grand Prix",2020-10-25,"12:10:00","russell","63","RUS","George","Russell",1998-02-15,"British","williams","Williams","British","+1 Lap","portimao","Autódromo Internacional do Algarve","Portimão","Portugal",37.227,-8.6267,"108"
75,1,131,822,1054,25008,77,1,"3","3",3,16,66,"+33.530","5704951","65","1","1:19.865","209.738",2021,3,"Portuguese Grand Prix",2021-05-02,"14:00:00","bottas","77","BOT","Valtteri","Bottas",1989-08-28,"Finnish","mercedes","Mercedes","German","Finished","portimao","Autódromo Internacional do Algarve","Portimão","Portugal",37.227,-8.6267,"108"
75,1,9,815,1054,25009,11,4,"4","4",4,12,66,"+39.735","5711156","55","2","1:20.643","207.715",2021,3,"Portuguese Grand Prix",2021-05-02,"14:00:00","perez","11","PER","Sergio","Pérez",1990-01-26,"Mexican","red_bull","Red Bull","Austrian","Finished","portimao","Autódromo Internacional do Algarve","Portimão","Portugal",37.227,-8.6267,"108"
75,1,6,832,1054,25016,55,5,"11","11",11,0,66,"+1:18.955","5750376","60","14","1:22.325","203.471",2021,3,"Portuguese Grand Prix",2021-05-02,"14:00:00","sainz","55","SAI","Carlos","Sainz",1994-09-01,"Spanish","ferrari","Ferrari","Italian","Finished","portimao","Autódromo Internacional do Algarve","Portimão","Portugal",37.227,-8.6267,"108"
75,1,1,817,1054,25014,3,16,"9","9",9,2,66,"+1:15.369","5746790","64","10","1:21.987","204.310",2021,3,"Portuguese Grand Prix",2021-05-02,"14:00:00","ricciardo","3","RIC","Daniel","Ricciardo",1989-07-01,"Australian","mclaren","McLaren","British","Finished","portimao","Autódromo Internacional do Algarve","Portimão","Portugal",37.227,-8.6267,"108"
75,11,210,154,1042,24862,8,18,"17","17",17,0,65,"\N","\N","59","17","1:21.664","205.118",2020,12,"Portuguese Grand Prix",2020-10-25,"12:10:00","grosjean","8","GRO","Romain","Grosjean",1986-04-17,"French","haas","Haas F1 Team","American","+1 Lap","portimao","Autódromo Internacional do Algarve","Portimão","Portugal",37.227,-8.6267,"108"
75,12,3,849,1042,24863,6,20,"18","18",18,0,64,"\N","\N","53","19","1:21.859","204.629",2020,12,"Portuguese Grand Prix",2020-10-25,"12:10:00","latifi","6","LAT","Nicholas","Latifi",1995-06-29,"Canadian","williams","Williams","British","+2 Laps","portimao","Autódromo Internacional do Algarve","Portimão","Portugal",37.227,-8.6267,"108"
75,11,211,815,1042,24852,11,5,"7","7",7,6,65,"\N","\N","49","11","1:20.802","207.306",2020,12,"Portuguese Grand Prix",2020-10-25,"12:10:00","perez","11","PER","Sergio","Pérez",1990-01-26,"Mexican","racing_point","Racing Point","British","+1 Lap","portimao","Autódromo Internacional do Algarve","Portimão","Portugal",37.227,-8.6267,"108"
75,11,1,846,1042,24858,4,8,"13","13",13,0,65,"\N","\N","65","3","1:19.360","211.073",2020,12,"Portuguese Grand Prix",2020-10-25,"12:10:00","norris","4","NOR","Lando","Norris",1999-11-13,"British","mclaren","McLaren","British","+1 Lap","portimao","Autódromo Internacional do Algarve","Portimão","Portugal",37.227,-8.6267,"108"
75,11,3,847,1054,25021,63,11,"16","16",16,0,65,"\N","\N","60","16","1:22.654","202.661",2021,3,"Portuguese Grand Prix",2021-05-02,"14:00:00","russell","63","RUS","George","Russell",1998-02-15,"British","williams","Williams","British","+1 Lap","portimao","Autódromo Internacional do Algarve","Portimão","Portugal",37.227,-8.6267,"108"
75,12,210,854,1054,25022,47,19,"17","17",17,0,64,"\N","\N","61","17","1:22.755","202.414",2021,3,"Portuguese Grand Prix",2021-05-02,"14:00:00","mick_schumacher","47","MSC","Mick","Schumacher",1999-03-22,"German","haas","Haas F1 Team","American","+2 Laps","portimao","Autódromo Internacional do Algarve","Portimão","Portugal",37.227,-8.6267,"108"
75,1,1,846,1054,25010,4,7,"5","5",5,10,66,"+51.369","5722790","55","7","1:21.696","205.038",2021,3,"Portuguese Grand Prix",2021-05-02,"14:00:00","norris","4","NOR","Lando","Norris",1999-11-13,"British","mclaren","McLaren","British","Finished","portimao","Autódromo Internacional do Algarve","Portimão","Portugal",37.227,-8.6267,"108"
75,1,9,830,1054,25007,33,3,"2","2",2,18,66,"+29.148","5700569","62","3","1:20.695","207.581",2021,3,"Portuguese Grand Prix",2021-05-02,"14:00:00","max_verstappen","33","VER","Max","Verstappen",1997-09-30,"Dutch","red_bull","Red Bull","Austrian","Finished","portimao","Autódromo Internacional do Algarve","Portimão","Portugal",37.227,-8.6267,"108"
75,11,51,841,1042,24860,99,17,"15","15",15,0,65,"\N","\N","46","20","1:21.893","204.544",2020,12,"Portuguese Grand Prix",2020-10-25,"12:10:00","giovinazzi","99","GIO","Antonio","Giovinazzi",1993-12-14,"Italian","alfa","Alfa Romeo","Swiss","+1 Lap","portimao","Autódromo Internacional do Algarve","Portimão","Portugal",37.227,-8.6267,"108"
75,1,131,822,1042,24847,77,2,"2","2",2,18,66,"+25.592","5422420","66","2","1:19.345","211.113",2020,12,"Portuguese Grand Prix",2020-10-25,"12:10:00","bottas","77","BOT","Valtteri","Bottas",1989-08-28,"Finnish","mercedes","Mercedes","German","Finished","portimao","Autódromo Internacional do Algarve","Portimão","Portugal",37.227,-8.6267,"108"
75,11,9,848,1042,24857,23,6,"12","12",12,0,65,"\N","\N","61","5","1:19.890","209.673",2020,12,"Portuguese Grand Prix",2020-10-25,"12:10:00","albon","23","ALB","Alexander","Albon",1996-03-23,"Thai","red_bull","Red Bull","Austrian","+1 Lap","portimao","Autódromo Internacional do Algarve","Portimão","Portugal",37.227,-8.6267,"108"
75,11,51,841,1054,25017,99,12,"12","12",12,0,65,"\N","\N","60","13","1:22.167","203.862",2021,3,"Portuguese Grand Prix",2021-05-02,"14:00:00","giovinazzi","99","GIO","Antonio","Giovinazzi",1993-12-14,"Italian","alfa","Alfa Romeo","Swiss","+1 Lap","portimao","Autódromo Internacional do Algarve","Portimão","Portugal",37.227,-8.6267,"108"
75,11,1,832,1042,24851,55,7,"6","6",6,8,65,"\N","\N","65","6","1:20.268","208.685",2020,12,"Portuguese Grand Prix",2020-10-25,"12:10:00","sainz","55","SAI","Carlos","Sainz",1994-09-01,"Spanish","mclaren","McLaren","British","+1 Lap","portimao","Autódromo Internacional do Algarve","Portimão","Portugal",37.227,-8.6267,"108"
75,12,210,853,1054,25024,9,20,"19","19",19,0,64,"\N","\N","64","19","1:23.641","200.270",2021,3,"Portuguese Grand Prix",2021-05-02,"14:00:00","mazepin","9","MAZ","Nikita","Mazepin",1999-03-02,"Russian","haas","Haas F1 Team","American","+2 Laps","portimao","Autódromo Internacional do Algarve","Portimão","Portugal",37.227,-8.6267,"108"
75,130,51,8,1054,25025,7,15,"\N","R",20,0,1,"\N","\N","\N","0","\N","\N",2021,3,"Portuguese Grand Prix",2021-05-02,"14:00:00","raikkonen","7","RAI","Kimi","Räikkönen",1979-10-17,"Finnish","alfa","Alfa Romeo","Swiss","Collision damage","portimao","Autódromo Internacional do Algarve","Portimão","Portugal",37.227,-8.6267,"108"
75,11,4,817,1042,24854,3,10,"9","9",9,2,65,"\N","\N","61","14","1:20.906","207.040",2020,12,"Portuguese Grand Prix",2020-10-25,"12:10:00","ricciardo","3","RIC","Daniel","Ricciardo",1989-07-01,"Australian","renault","Renault","French","+1 Lap","portimao","Autódromo Internacional do Algarve","Portimão","Portugal",37.227,-8.6267,"108"
75,1,6,844,1054,25011,16,8,"6","6",6,8,66,"+55.781","5727202","63","6","1:21.496","205.541",2021,3,"Portuguese Grand Prix",2021-05-02,"14:00:00","leclerc","16","LEC","Charles","Leclerc",1997-10-16,"Monegasque","ferrari","Ferrari","Italian","Finished","portimao","Autódromo Internacional do Algarve","Portimão","Portugal",37.227,-8.6267,"108"
75,1,131,1,1054,25006,44,2,"1","1",1,25,66,"1:34:31.421","5671421","47","4","1:20.933","206.971",2021,3,"Portuguese Grand Prix",2021-05-02,"14:00:00","hamilton","44","HAM","Lewis","Hamilton",1985-01-07,"British","mercedes","Mercedes","German","Finished","portimao","Autódromo Internacional do Algarve","Portimão","Portugal",37.227,-8.6267,"108"
75,1,9,830,1042,24848,33,3,"3","3",3,15,66,"+34.508","5431336","62","4","1:19.854","209.767",2020,12,"Portuguese Grand Prix",2020-10-25,"12:10:00","max_verstappen","33","VER","Max","Verstappen",1997-09-30,"Dutch","red_bull","Red Bull","Austrian","Finished","portimao","Autódromo Internacional do Algarve","Portimão","Portugal",37.227,-8.6267,"108"
75,11,117,840,1054,25019,18,17,"14","14",14,0,65,"\N","\N","59","9","1:21.970","204.352",2021,3,"Portuguese Grand Prix",2021-05-02,"14:00:00","stroll","18","STR","Lance","Stroll",1998-10-29,"Canadian","aston_martin","Aston Martin","British","+1 Lap","portimao","Autódromo Internacional do Algarve","Portimão","Portugal",37.227,-8.6267,"108"
75,11,6,20,1042,24855,5,15,"10","10",10,1,65,"\N","\N","62","10","1:20.731","207.489",2020,12,"Portuguese Grand Prix",2020-10-25,"12:10:00","vettel","5","VET","Sebastian","Vettel",1987-07-03,"German","ferrari","Ferrari","Italian","+1 Lap","portimao","Autódromo Internacional do Algarve","Portimão","Portugal",37.227,-8.6267,"108"
75,1,214,4,1054,25013,14,13,"8","8",8,4,66,"+1.04.808","5673229","66","5","1:21.032","206.718",2021,3,"Portuguese Grand Prix",2021-05-02,"14:00:00","alonso","14","ALO","Fernando","Alonso",1981-07-29,"Spanish","alpine","Alpine F1 Team","French","Finished","portimao","Autódromo Internacional do Algarve","Portimão","Portugal",37.227,-8.6267,"108"
75,130,211,840,1042,24865,18,12,"\N","R",20,0,51,"\N","\N","45","18","1:21.694","205.043",2020,12,"Portuguese Grand Prix",2020-10-25,"12:10:00","stroll","18","STR","Lance","Stroll",1998-10-29,"Canadian","racing_point","Racing Point","British","Collision damage","portimao","Autódromo Internacional do Algarve","Portimão","Portugal",37.227,-8.6267,"108"
75,1,6,844,1042,24849,16,4,"4","4",4,12,66,"+1:05.312","5462140","66","7","1:20.408","208.322",2020,12,"Portuguese Grand Prix",2020-10-25,"12:10:00","leclerc","16","LEC","Charles","Leclerc",1997-10-16,"Monegasque","ferrari","Ferrari","Italian","Finished","portimao","Autódromo Internacional do Algarve","Portimão","Portugal",37.227,-8.6267,"108"
75,1,131,1,1042,24846,44,1,"1","1",1,26,66,"1:29:56.828","5396828","63","1","1:18.750","212.708",2020,12,"Portuguese Grand Prix",2020-10-25,"12:10:00","hamilton","44","HAM","Lewis","Hamilton",1985-01-07,"British","mercedes","Mercedes","German","Finished","portimao","Autódromo Internacional do Algarve","Portimão","Portugal",37.227,-8.6267,"108"
75,11,117,20,1054,25018,5,10,"13","13",13,0,65,"\N","\N","60","15","1:22.416","203.246",2021,3,"Portuguese Grand Prix",2021-05-02,"14:00:00","vettel","5","VET","Sebastian","Vettel",1987-07-03,"German","aston_martin","Aston Martin","British","+1 Lap","portimao","Autódromo Internacional do Algarve","Portimão","Portugal",37.227,-8.6267,"108"
75,11,210,825,1042,24861,20,19,"16","16",16,0,65,"\N","\N","63","16","1:21.460","205.632",2020,12,"Portuguese Grand Prix",2020-10-25,"12:10:00","kevin_magnussen","20","MAG","Kevin","Magnussen",1992-10-05,"Danish","haas","Haas F1 Team","American","+1 Lap","portimao","Autódromo Internacional do Algarve","Portimão","Portugal",37.227,-8.6267,"108"
76,1,3,847,1039,24796,63,18,"11","11",11,0,59,"+32.404","8407464","58","11","1:21.645","231.269",2020,9,"Tuscan Grand Prix",2020-09-13,"13:10:00","russell","63","RUS","George","Russell",1998-02-15,"British","williams","Williams","British","Finished","mugello","Autodromo Internazionale del Mugello","Mugello","Italy",43.9975,11.3719,"255"
76,4,9,830,1039,24804,33,3,"\N","R",19,0,0,"\N","\N","\N","0","\N","\N",2020,9,"Tuscan Grand Prix",2020-09-13,"13:10:00","max_verstappen","33","VER","Max","Verstappen",1997-09-30,"Dutch","red_bull","Red Bull","Austrian","Collision","mugello","Autodromo Internazionale del Mugello","Mugello","Italy",43.9975,11.3719,"255"
76,4,210,825,1039,24801,20,20,"\N","R",16,0,5,"\N","\N","4","17","2:13.812","141.108",2020,9,"Tuscan Grand Prix",2020-09-13,"13:10:00","kevin_magnussen","20","MAG","Kevin","Magnussen",1992-10-05,"Danish","haas","Haas F1 Team","American","Collision","mugello","Autodromo Internazionale del Mugello","Mugello","Italy",43.9975,11.3719,"255"
76,1,213,826,1039,24792,26,12,"7","7",7,6,59,"+21.756","8396816","51","10","1:21.458","231.800",2020,9,"Tuscan Grand Prix",2020-09-13,"13:10:00","kvyat","26","KVY","Daniil","Kvyat",1994-04-26,"Russian","alphatauri","AlphaTauri","Italian","Finished","mugello","Autodromo Internazionale del Mugello","Mugello","Italy",43.9975,11.3719,"255"
76,29,211,840,1039,24798,18,6,"\N","R",13,0,42,"\N","\N","42","12","1:22.068","230.077",2020,9,"Tuscan Grand Prix",2020-09-13,"13:10:00","stroll","18","STR","Lance","Stroll",1998-10-29,"Canadian","racing_point","Racing Point","British","Puncture","mugello","Autodromo Internazionale del Mugello","Mugello","Italy",43.9975,11.3719,"255"
76,1,210,154,1039,24797,8,15,"12","12",12,0,59,"+42.036","8417096","59","13","1:22.263","229.532",2020,9,"Tuscan Grand Prix",2020-09-13,"13:10:00","grosjean","8","GRO","Romain","Grosjean",1986-04-17,"French","haas","Haas F1 Team","American","Finished","mugello","Autodromo Internazionale del Mugello","Mugello","Italy",43.9975,11.3719,"255"
76,1,6,20,1039,24795,5,14,"10","10",10,1,59,"+29.983","8405043","59","8","1:21.202","232.531",2020,9,"Tuscan Grand Prix",2020-09-13,"13:10:00","vettel","5","VET","Sebastian","Vettel",1987-07-03,"German","ferrari","Ferrari","Italian","Finished","mugello","Autodromo Internazionale del Mugello","Mugello","Italy",43.9975,11.3719,"255"
76,1,9,848,1039,24788,23,4,"3","3",3,15,59,"+8.064","8383124","51","3","1:20.039","235.909",2020,9,"Tuscan Grand Prix",2020-09-13,"13:10:00","albon","23","ALB","Alexander","Albon",1996-03-23,"Thai","red_bull","Red Bull","Austrian","Finished","mugello","Autodromo Internazionale del Mugello","Mugello","Italy",43.9975,11.3719,"255"
76,1,211,815,1039,24790,11,7,"5","5",5,10,59,"+15.650","8390710","59","5","1:20.632","234.175",2020,9,"Tuscan Grand Prix",2020-09-13,"13:10:00","perez","11","PER","Sergio","Pérez",1990-01-26,"Mexican","racing_point","Racing Point","British","Finished","mugello","Autodromo Internazionale del Mugello","Mugello","Italy",43.9975,11.3719,"255"
76,23,4,839,1039,24799,31,10,"\N","R",14,0,7,"\N","\N","6","15","2:11.793","143.270",2020,9,"Tuscan Grand Prix",2020-09-13,"13:10:00","ocon","31","OCO","Esteban","Ocon",1996-09-17,"French","renault","Renault","French","Brakes","mugello","Autodromo Internazionale del Mugello","Mugello","Italy",43.9975,11.3719,"255"
76,1,6,844,1039,24793,16,5,"8","8",8,4,59,"+28.345","8403405","50","9","1:21.229","232.453",2020,9,"Tuscan Grand Prix",2020-09-13,"13:10:00","leclerc","16","LEC","Charles","Leclerc",1997-10-16,"Monegasque","ferrari","Ferrari","Italian","Finished","mugello","Autodromo Internazionale del Mugello","Mugello","Italy",43.9975,11.3719,"255"
76,4,213,842,1039,24805,10,16,"\N","R",20,0,0,"\N","\N","\N","0","\N","\N",2020,9,"Tuscan Grand Prix",2020-09-13,"13:10:00","gasly","10","GAS","Pierre","Gasly",1996-02-07,"French","alphatauri","AlphaTauri","Italian","Collision","mugello","Autodromo Internazionale del Mugello","Mugello","Italy",43.9975,11.3719,"255"
76,1,51,8,1039,24794,7,13,"9","9",9,2,59,"+29.770","8404830","59","6","1:21.164","232.640",2020,9,"Tuscan Grand Prix",2020-09-13,"13:10:00","raikkonen","7","RAI","Kimi","Räikkönen",1979-10-17,"Finnish","alfa","Alfa Romeo","Swiss","Finished","mugello","Autodromo Internazionale del Mugello","Mugello","Italy",43.9975,11.3719,"255"
76,4,51,841,1039,24802,99,17,"\N","R",17,0,5,"\N","\N","4","16","2:13.809","141.111",2020,9,"Tuscan Grand Prix",2020-09-13,"13:10:00","giovinazzi","99","GIO","Antonio","Giovinazzi",1993-12-14,"Italian","alfa","Alfa Romeo","Swiss","Collision","mugello","Autodromo Internazionale del Mugello","Mugello","Italy",43.9975,11.3719,"255"
76,1,1,846,1039,24791,4,11,"6","6",6,8,59,"+18.883","8393943","59","7","1:21.198","232.542",2020,9,"Tuscan Grand Prix",2020-09-13,"13:10:00","norris","4","NOR","Lando","Norris",1999-11-13,"British","mclaren","McLaren","British","Finished","mugello","Autodromo Internazionale del Mugello","Mugello","Italy",43.9975,11.3719,"255"
76,4,3,849,1039,24800,6,19,"\N","R",15,0,6,"\N","\N","6","14","2:11.365","143.736",2020,9,"Tuscan Grand Prix",2020-09-13,"13:10:00","latifi","6","LAT","Nicholas","Latifi",1995-06-29,"Canadian","williams","Williams","British","Collision","mugello","Autodromo Internazionale del Mugello","Mugello","Italy",43.9975,11.3719,"255"
76,1,4,817,1039,24789,3,8,"4","4",4,12,59,"+10.417","8385477","57","4","1:20.426","234.774",2020,9,"Tuscan Grand Prix",2020-09-13,"13:10:00","ricciardo","3","RIC","Daniel","Ricciardo",1989-07-01,"Australian","renault","Renault","French","Finished","mugello","Autodromo Internazionale del Mugello","Mugello","Italy",43.9975,11.3719,"255"
76,1,131,822,1039,24787,77,2,"2","2",2,18,59,"+4.880","8379940","53","2","1:19.432","237.712",2020,9,"Tuscan Grand Prix",2020-09-13,"13:10:00","bottas","77","BOT","Valtteri","Bottas",1989-08-28,"Finnish","mercedes","Mercedes","German","Finished","mugello","Autodromo Internazionale del Mugello","Mugello","Italy",43.9975,11.3719,"255"
76,4,1,832,1039,24803,55,9,"\N","R",18,0,5,"\N","\N","5","18","2:14.103","140.802",2020,9,"Tuscan Grand Prix",2020-09-13,"13:10:00","sainz","55","SAI","Carlos","Sainz",1994-09-01,"Spanish","mclaren","McLaren","British","Collision","mugello","Autodromo Internazionale del Mugello","Mugello","Italy",43.9975,11.3719,"255"
76,1,131,1,1039,24786,44,1,"1","1",1,26,59,"2:19:35.060","8375060","58","1","1:18.833","239.518",2020,9,"Tuscan Grand Prix",2020-09-13,"13:10:00","hamilton","44","HAM","Lewis","Hamilton",1985-01-07,"British","mercedes","Mercedes","German","Finished","mugello","Autodromo Internazionale del Mugello","Mugello","Italy",43.9975,11.3719,"255"
77,1,6,832,1072,25373,55,15,"8","8",8,4,50,"+46.606","7621724","37","7","1:31.851","241.983",2021,21,"Saudi Arabian Grand Prix",2021-12-05,"17:30:00","sainz","55","SAI","Carlos","Sainz",1994-09-01,"Spanish","ferrari","Ferrari","Italian","Finished","jeddah","Jeddah Street Circuit","Jeddah","Saudi Arabia",21.5433,39.1728,"15"
77,1,1,817,1072,25370,3,11,"5","5",5,10,50,"+40.121","7615239","43","11","1:32.716","239.725",2021,21,"Saudi Arabian Grand Prix",2021-12-05,"17:30:00","ricciardo","3","RIC","Daniel","Ricciardo",1989-07-01,"Australian","mclaren","McLaren","British","Finished","jeddah","Jeddah Street Circuit","Jeddah","Saudi Arabia",21.5433,39.1728,"15"
77,11,214,4,1072,25378,14,13,"13","13",13,0,49,"\N","\N","46","5","1:31.633","242.558",2021,21,"Saudi Arabian Grand Prix",2021-12-05,"17:30:00","alonso","14","ALO","Fernando","Alonso",1981-07-29,"Spanish","alpine","Alpine F1 Team","French","+1 Lap","jeddah","Jeddah Street Circuit","Jeddah","Saudi Arabia",21.5433,39.1728,"15"
77,1,214,839,1072,25369,31,9,"4","4",4,12,50,"+27.633","7602751","47","6","1:31.797","242.125",2021,21,"Saudi Arabian Grand Prix",2021-12-05,"17:30:00","ocon","31","OCO","Esteban","Ocon",1996-09-17,"French","alpine","Alpine F1 Team","French","Finished","jeddah","Jeddah Street Circuit","Jeddah","Saudi Arabia",21.5433,39.1728,"15"
77,130,117,20,1072,25381,5,17,"\N","R",16,0,44,"\N","\N","41","16","1:34.030","236.375",2021,21,"Saudi Arabian Grand Prix",2021-12-05,"17:30:00","vettel","5","VET","Sebastian","Vettel",1987-07-03,"German","aston_martin","Aston Martin","British","Collision damage","jeddah","Jeddah Street Circuit","Jeddah","Saudi Arabia",21.5433,39.1728,"15"
77,1,51,841,1072,25374,99,10,"9","9",9,2,50,"+58.505","7633623","37","15","1:32.865","239.340",2021,21,"Saudi Arabian Grand Prix",2021-12-05,"17:30:00","giovinazzi","99","GIO","Antonio","Giovinazzi",1993-12-14,"Italian","alfa","Alfa Romeo","Swiss","Finished","jeddah","Jeddah Street Circuit","Jeddah","Saudi Arabia",21.5433,39.1728,"15"
77,1,6,844,1072,25372,16,4,"7","7",7,6,50,"+44.475","7619593","46","4","1:31.601","242.643",2021,21,"Saudi Arabian Grand Prix",2021-12-05,"17:30:00","leclerc","16","LEC","Charles","Leclerc",1997-10-16,"Monegasque","ferrari","Ferrari","Italian","Finished","jeddah","Jeddah Street Circuit","Jeddah","Saudi Arabia",21.5433,39.1728,"15"
77,1,117,840,1072,25376,18,18,"11","11",11,0,50,"+1:17.212","7652330","45","14","1:32.804","239.498",2021,21,"Saudi Arabian Grand Prix",2021-12-05,"17:30:00","stroll","18","STR","Lance","Stroll",1998-10-29,"Canadian","aston_martin","Aston Martin","British","Finished","jeddah","Jeddah Street Circuit","Jeddah","Saudi Arabia",21.5433,39.1728,"15"
77,4,210,853,1072,25383,9,20,"\N","R",18,0,14,"\N","\N","7","20","1:37.043","229.036",2021,21,"Saudi Arabian Grand Prix",2021-12-05,"17:30:00","mazepin","9","MAZ","Nikita","Mazepin",1999-03-02,"Russian","haas","Haas F1 Team","American","Collision","jeddah","Jeddah Street Circuit","Jeddah","Saudi Arabia",21.5433,39.1728,"15"
77,4,3,847,1072,25384,63,14,"\N","R",19,0,14,"\N","\N","7","19","1:36.130","231.211",2021,21,"Saudi Arabian Grand Prix",2021-12-05,"17:30:00","russell","63","RUS","George","Russell",1998-02-15,"British","williams","Williams","British","Collision","jeddah","Jeddah Street Circuit","Jeddah","Saudi Arabia",21.5433,39.1728,"15"
77,11,51,8,1072,25380,7,12,"15","15",15,0,49,"\N","\N","45","13","1:32.778","239.565",2021,21,"Saudi Arabian Grand Prix",2021-12-05,"17:30:00","raikkonen","7","RAI","Kimi","Räikkönen",1979-10-17,"Finnish","alfa","Alfa Romeo","Swiss","+1 Lap","jeddah","Jeddah Street Circuit","Jeddah","Saudi Arabia",21.5433,39.1728,"15"
77,1,213,842,1072,25371,10,6,"6","6",6,8,50,"+41.613","7616731","46","9","1:32.297","240.813",2021,21,"Saudi Arabian Grand Prix",2021-12-05,"17:30:00","gasly","10","GAS","Pierre","Gasly",1996-02-07,"French","alphatauri","AlphaTauri","Italian","Finished","jeddah","Jeddah Street Circuit","Jeddah","Saudi Arabia",21.5433,39.1728,"15"
77,4,9,815,1072,25382,11,5,"\N","R",17,0,14,"\N","\N","9","17","1:34.138","236.104",2021,21,"Saudi Arabian Grand Prix",2021-12-05,"17:30:00","perez","11","PER","Sergio","Pérez",1990-01-26,"Mexican","red_bull","Red Bull","Austrian","Collision","jeddah","Jeddah Street Circuit","Jeddah","Saudi Arabia",21.5433,39.1728,"15"
77,1,1,846,1072,25375,4,7,"10","10",10,1,50,"+1:01.358","7636476","49","8","1:31.914","241.817",2021,21,"Saudi Arabian Grand Prix",2021-12-05,"17:30:00","norris","4","NOR","Lando","Norris",1999-11-13,"British","mclaren","McLaren","British","Finished","jeddah","Jeddah Street Circuit","Jeddah","Saudi Arabia",21.5433,39.1728,"15"
77,1,131,1,1072,25366,44,1,"1","1",1,26,50,"2:06:15.118","7575118","47","1","1:30.734","244.962",2021,21,"Saudi Arabian Grand Prix",2021-12-05,"17:30:00","hamilton","44","HAM","Lewis","Hamilton",1985-01-07,"British","mercedes","Mercedes","German","Finished","jeddah","Jeddah Street Circuit","Jeddah","Saudi Arabia",21.5433,39.1728,"15"
77,1,9,830,1072,25367,33,3,"2","2",2,18,50,"+11.825","7586943","35","3","1:31.488","242.943",2021,21,"Saudi Arabian Grand Prix",2021-12-05,"17:30:00","max_verstappen","33","VER","Max","Verstappen",1997-09-30,"Dutch","red_bull","Red Bull","Austrian","Finished","jeddah","Jeddah Street Circuit","Jeddah","Saudi Arabia",21.5433,39.1728,"15"
77,1,131,822,1072,25368,77,2,"3","3",3,15,50,"+27.531","7602649","47","2","1:31.408","243.155",2021,21,"Saudi Arabian Grand Prix",2021-12-05,"17:30:00","bottas","77","BOT","Valtteri","Bottas",1989-08-28,"Finnish","mercedes","Mercedes","German","Finished","jeddah","Jeddah Street Circuit","Jeddah","Saudi Arabia",21.5433,39.1728,"15"
77,3,210,854,1072,25385,47,19,"\N","R",20,0,8,"\N","\N","8","18","1:36.043","231.421",2021,21,"Saudi Arabian Grand Prix",2021-12-05,"17:30:00","mick_schumacher","47","MSC","Mick","Schumacher",1999-03-22,"German","haas","Haas F1 Team","American","Accident","jeddah","Jeddah Street Circuit","Jeddah","Saudi Arabia",21.5433,39.1728,"15"
77,11,213,852,1072,25379,22,8,"14","14",14,0,49,"\N","\N","44","10","1:32.506","240.269",2021,21,"Saudi Arabian Grand Prix",2021-12-05,"17:30:00","tsunoda","22","TSU","Yuki","Tsunoda",2000-05-11,"Japanese","alphatauri","AlphaTauri","Italian","+1 Lap","jeddah","Jeddah Street Circuit","Jeddah","Saudi Arabia",21.5433,39.1728,"15"
77,1,3,849,1072,25377,6,16,"12","12",12,0,50,"+1:23.249","7658367","49","12","1:32.751","239.635",2021,21,"Saudi Arabian Grand Prix",2021-12-05,"17:30:00","latifi","6","LAT","Nicholas","Latifi",1995-06-29,"Canadian","williams","Williams","British","Finished","jeddah","Jeddah Street Circuit","Jeddah","Saudi Arabia",21.5433,39.1728,"15"
78,11,210,854,1051,25361,47,19,"16","16",16,0,56,"\N","\N","46","19","1:28.412","219.065",2021,20,"Qatar Grand Prix",2021-11-21,"14:00:00","mick_schumacher","47","MSC","Mick","Schumacher",1999-03-22,"German","haas","Haas F1 Team","American","+1 Lap","losail","Losail International Circuit","Al Daayen","Qatar",25.49,51.4542,"\N"
78,11,117,20,1051,25355,5,10,"10","10",10,1,56,"\N","\N","53","7","1:26.434","224.078",2021,20,"Qatar Grand Prix",2021-11-21,"14:00:00","vettel","5","VET","Sebastian","Vettel",1987-07-03,"German","aston_martin","Aston Martin","British","+1 Lap","losail","Losail International Circuit","Al Daayen","Qatar",25.49,51.4542,"\N"
78,1,214,839,1051,25350,31,9,"5","5",5,10,57,"+1:20.570","5149041","46","13","1:27.061","222.464",2021,20,"Qatar Grand Prix",2021-11-21,"14:00:00","ocon","31","OCO","Esteban","Ocon",1996-09-17,"French","alpine","Alpine F1 Team","French","Finished","losail","Losail International Circuit","Al Daayen","Qatar",25.49,51.4542,"\N"
78,11,51,8,1051,25359,7,16,"14","14",14,0,56,"\N","\N","53","6","1:26.358","224.275",2021,20,"Qatar Grand Prix",2021-11-21,"14:00:00","raikkonen","7","RAI","Kimi","Räikkönen",1979-10-17,"Finnish","alfa","Alfa Romeo","Swiss","+1 Lap","losail","Losail International Circuit","Al Daayen","Qatar",25.49,51.4542,"\N"
78,11,51,841,1051,25360,99,18,"15","15",15,0,56,"\N","\N","40","18","1:27.823","220.534",2021,20,"Qatar Grand Prix",2021-11-21,"14:00:00","giovinazzi","99","GIO","Antonio","Giovinazzi",1993-12-14,"Italian","alfa","Alfa Romeo","Swiss","+1 Lap","losail","Losail International Circuit","Al Daayen","Qatar",25.49,51.4542,"\N"
78,12,3,847,1051,25362,63,15,"17","17",17,0,55,"\N","\N","55","5","1:25.768","225.818",2021,20,"Qatar Grand Prix",2021-11-21,"14:00:00","russell","63","RUS","George","Russell",1998-02-15,"British","williams","Williams","British","+2 Laps","losail","Losail International Circuit","Al Daayen","Qatar",25.49,51.4542,"\N"
78,1,6,832,1051,25352,55,5,"7","7",7,6,57,"+1:21.911","5150382","46","9","1:26.570","223.726",2021,20,"Qatar Grand Prix",2021-11-21,"14:00:00","sainz","55","SAI","Carlos","Sainz",1994-09-01,"Spanish","ferrari","Ferrari","Italian","Finished","losail","Losail International Circuit","Al Daayen","Qatar",25.49,51.4542,"\N"
78,11,1,817,1051,25357,3,14,"12","12",12,0,56,"\N","\N","50","14","1:27.198","222.115",2021,20,"Qatar Grand Prix",2021-11-21,"14:00:00","ricciardo","3","RIC","Daniel","Ricciardo",1989-07-01,"Australian","mclaren","McLaren","British","+1 Lap","losail","Losail International Circuit","Al Daayen","Qatar",25.49,51.4542,"\N"
78,1,9,830,1051,25347,33,7,"2","2",2,19,57,"+25.743","5094214","57","1","1:23.196","232.799",2021,20,"Qatar Grand Prix",2021-11-21,"14:00:00","max_verstappen","33","VER","Max","Verstappen",1997-09-30,"Dutch","red_bull","Red Bull","Austrian","Finished","losail","Losail International Circuit","Al Daayen","Qatar",25.49,51.4542,"\N"
78,1,214,4,1051,25348,14,3,"3","3",3,15,57,"+59.457","5127928","48","10","1:26.682","223.437",2021,20,"Qatar Grand Prix",2021-11-21,"14:00:00","alonso","14","ALO","Fernando","Alonso",1981-07-29,"Spanish","alpine","Alpine F1 Team","French","Finished","losail","Losail International Circuit","Al Daayen","Qatar",25.49,51.4542,"\N"
78,11,213,852,1051,25358,22,8,"13","13",13,0,56,"\N","\N","50","12","1:27.043","222.510",2021,20,"Qatar Grand Prix",2021-11-21,"14:00:00","tsunoda","22","TSU","Yuki","Tsunoda",2000-05-11,"Japanese","alphatauri","AlphaTauri","Italian","+1 Lap","losail","Losail International Circuit","Al Daayen","Qatar",25.49,51.4542,"\N"
78,1,6,844,1051,25353,16,13,"8","8",8,4,57,"+1:23.126","5151597","46","8","1:26.555","223.765",2021,20,"Qatar Grand Prix",2021-11-21,"14:00:00","leclerc","16","LEC","Charles","Leclerc",1997-10-16,"Monegasque","ferrari","Ferrari","Italian","Finished","losail","Losail International Circuit","Al Daayen","Qatar",25.49,51.4542,"\N"
78,1,131,1,1051,25346,44,1,"1","1",1,25,57,"1:24:28.471","5068471","50","2","1:25.084","227.633",2021,20,"Qatar Grand Prix",2021-11-21,"14:00:00","hamilton","44","HAM","Lewis","Hamilton",1985-01-07,"British","mercedes","Mercedes","German","Finished","losail","Losail International Circuit","Al Daayen","Qatar",25.49,51.4542,"\N"
78,11,1,846,1051,25354,4,4,"9","9",9,2,56,"\N","\N","51","4","1:25.746","225.876",2021,20,"Qatar Grand Prix",2021-11-21,"14:00:00","norris","4","NOR","Lando","Norris",1999-11-13,"British","mclaren","McLaren","British","+1 Lap","losail","Losail International Circuit","Al Daayen","Qatar",25.49,51.4542,"\N"
78,12,210,853,1051,25363,9,20,"18","18",18,0,55,"\N","\N","55","16","1:27.340","221.754",2021,20,"Qatar Grand Prix",2021-11-21,"14:00:00","mazepin","9","MAZ","Nikita","Mazepin",1999-03-02,"Russian","haas","Haas F1 Team","American","+2 Laps","losail","Losail International Circuit","Al Daayen","Qatar",25.49,51.4542,"\N"
78,11,213,842,1051,25356,10,2,"11","11",11,0,56,"\N","\N","46","11","1:27.019","222.572",2021,20,"Qatar Grand Prix",2021-11-21,"14:00:00","gasly","10","GAS","Pierre","Gasly",1996-02-07,"French","alphatauri","AlphaTauri","Italian","+1 Lap","losail","Losail International Circuit","Al Daayen","Qatar",25.49,51.4542,"\N"
78,1,9,815,1051,25349,11,11,"4","4",4,12,57,"+1:02.306","5130777","49","3","1:25.613","226.227",2021,20,"Qatar Grand Prix",2021-11-21,"14:00:00","perez","11","PER","Sergio","Pérez",1990-01-26,"Mexican","red_bull","Red Bull","Austrian","Finished","losail","Losail International Circuit","Al Daayen","Qatar",25.49,51.4542,"\N"
78,1,117,840,1051,25351,18,12,"6","6",6,8,57,"+1:21.274","5149745","44","17","1:27.356","221.713",2021,20,"Qatar Grand Prix",2021-11-21,"14:00:00","stroll","18","STR","Lance","Stroll",1998-10-29,"Canadian","aston_martin","Aston Martin","British","Finished","losail","Losail International Circuit","Al Daayen","Qatar",25.49,51.4542,"\N"
78,137,131,822,1051,25365,77,6,"\N","R",20,0,48,"\N","\N","39","15","1:27.246","221.992",2021,20,"Qatar Grand Prix",2021-11-21,"14:00:00","bottas","77","BOT","Valtteri","Bottas",1989-08-28,"Finnish","mercedes","Mercedes","German","Damage","losail","Losail International Circuit","Al Daayen","Qatar",25.49,51.4542,"\N"
78,29,3,849,1051,25364,6,17,"\N","R",19,0,50,"\N","\N","44","20","1:28.732","218.275",2021,20,"Qatar Grand Prix",2021-11-21,"14:00:00","latifi","6","LAT","Nicholas","Latifi",1995-06-29,"Canadian","williams","Williams","British","Puncture","losail","Losail International Circuit","Al Daayen","Qatar",25.49,51.4542,"\N"
